time_idx,accelerometerAccelerationX(G),accelerometerAccelerationY(G),accelerometerAccelerationZ(G),gyroRotationX(rad/s),gyroRotationY(rad/s),gyroRotationZ(rad/s),magnetometerX(µT),magnetometerY(µT),magnetometerZ(µT)
30000,-0.015594482421875,0.99676513671875,-0.0196990966796875,-0.0023401195649057,0.009850500151515,-0.0153685696423053,71.693115234375,102.9617004394531,-3.69818115234375
30001,-0.0209808349609375,1.0003662109375,-0.018707275390625,0.0043223104439675,0.0206173937767744,-0.0185883324593305,71.72105407714844,102.8114166259766,-3.530181884765625
30002,-0.0209808349609375,1.0003662109375,-0.018707275390625,0.0043223104439675,0.0206173937767744,-0.0185883324593305,71.72105407714844,102.8114166259766,-3.530181884765625
30003,-0.021759033203125,1.000045776367188,-0.016815185546875,0.0033225596416741,0.0194501299411058,-0.0184013769030571,71.69903564453125,102.9398345947266,-3.594085693359375
30004,-0.02008056640625,0.9991302490234376,-0.015838623046875,0.0033225596416741,0.0194501299411058,-0.0184013769030571,71.72749328613281,103.0408325195312,-3.644866943359375
30005,-0.01849365234375,0.9955596923828124,-0.0159454345703125,0.0029955236241221,0.019349729642272,-0.0156167764216661,71.74871826171875,103.0054016113281,-3.668014526367188
30006,-0.0171051025390625,0.99420166015625,-0.0191802978515625,0.0086134616285562,0.0145424576476216,-0.014430871233344,71.73600769042969,102.9527435302734,-3.599258422851562
30007,-0.0153350830078125,0.9949798583984376,-0.021514892578125,0.009377522394061,0.0121109914034605,-0.0149959940463304,71.73777770996094,102.9785766601562,-3.719451904296875
30008,-0.013336181640625,0.993560791015625,-0.023406982421875,0.009377522394061,0.0121109914034605,-0.0149959940463304,71.67929077148438,102.9705352783203,-3.665771484375
30009,-0.012939453125,0.9930572509765624,-0.0254669189453125,0.0105261439457535,0.0095628788694739,-0.0128255169838666,71.66697692871094,102.9737854003906,-3.569854736328125
30010,-0.012603759765625,0.9944305419921876,-0.0244598388671875,0.0115290908142924,0.0048472196795046,-0.0131067475304007,71.6988525390625,102.8747406005859,-3.594482421875
30011,-0.01220703125,0.994476318359375,-0.0210418701171875,0.0090598072856664,0.000323840387864,-0.0135493641719222,71.69073486328125,102.9640655517578,-3.719192504882812
30012,-0.0105743408203125,0.9947357177734376,-0.0189971923828125,0.0090598072856664,0.000323840387864,-0.0135493641719222,71.67376708984375,102.8508911132812,-3.605331420898438
30013,-0.008514404296875,0.99530029296875,-0.0188140869140625,0.0061564296483993,0.0007400924805551,-0.0087080039083957,71.6822509765625,102.9080200195312,-3.543563842773438
30014,-0.009735107421875,0.9983367919921876,-0.0191802978515625,0.0061167483218014,-4.127899592276663e-05,-0.0091170659288764,71.75537109375,102.9483184814453,-3.719985961914062
30015,-0.011505126953125,1.000640869140625,-0.017486572265625,0.0099072251468896,0.0026021746452897,-0.0096105495467782,71.73541259765625,102.9678039550781,-3.662460327148438
30016,-0.0107269287109375,1.0006103515625,-0.0160675048828125,0.0081016020849347,0.0064698834903538,-0.0104086985811591,71.73956298828125,103.0472717285156,-3.683441162109375
30017,-0.0113677978515625,1.002334594726562,-0.0165557861328125,0.009287241846323,0.0033039175905287,-0.0082632564008235,71.7149658203125,103.0242462158203,-3.49737548828125
30018,-0.0106353759765625,1.00177001953125,-0.016387939453125,0.01133734267205,0.0013472931459546,-0.0083327647298574,71.74380493164062,103.0054626464844,-3.5345458984375
30019,-0.009033203125,0.99871826171875,-0.0180206298828125,0.01133734267205,0.0013472931459546,-0.0083327647298574,71.72137451171875,102.9152374267578,-3.604751586914062
30020,-0.0072479248046875,0.994720458984375,-0.0194854736328125,0.0116025935858488,-0.0080946777015924,-0.0103732785210013,71.77864074707031,102.8895568847656,-3.624969482421875
30021,-0.0057220458984375,0.9948577880859376,-0.019866943359375,0.0101809985935688,-0.0107304081320762,-0.0101873902603983,71.77610778808594,102.8929443359375,-3.491409301757812
30022,-0.006683349609375,0.993804931640625,-0.0195465087890625,0.0085468832403421,-0.011648666113615,-0.0060064936988055,71.76329040527344,102.8677978515625,-3.386138916015625
30023,-0.006683349609375,0.993804931640625,-0.0195465087890625,0.0085468832403421,-0.011648666113615,-0.0060064936988055,71.76329040527344,102.8677978515625,-3.386138916015625
30024,-0.0080413818359375,0.9928741455078124,-0.018585205078125,0.0085468832403421,-0.011648666113615,-0.0060064936988055,71.75340270996094,102.9580688476562,-3.517181396484375
30025,-0.011199951171875,0.996063232421875,-0.0144500732421875,0.0067740166559815,-0.0119924806058406,-0.0061329938471317,71.71806335449219,102.9666748046875,-3.716140747070312
30026,-0.011383056640625,0.996673583984375,-0.013275146484375,0.0042314967140555,-0.0140718771144747,-0.0028844696935266,71.74140930175781,102.93310546875,-3.53594970703125
30027,-0.011383056640625,0.996673583984375,-0.013275146484375,0.0042314967140555,-0.0140718771144747,-0.0028844696935266,71.74140930175781,102.93310546875,-3.53594970703125
30028,-0.0106048583984375,0.9974822998046876,-0.013916015625,0.0049542784690856,-0.0132705317810177,-0.0024296017363667,71.82627868652344,102.9514312744141,-3.438491821289062
30029,-0.0103607177734375,0.9970245361328124,-0.01324462890625,0.0049542784690856,-0.0132705317810177,-0.0024296017363667,71.77790832519531,102.9155120849609,-3.358261108398438
30030,-0.00921630859375,0.995513916015625,-0.01318359375,0.0080398172140121,-0.0062661515548825,9.480853623244911e-05,71.73521423339844,102.9652862548828,-3.314834594726562
30031,-0.0087890625,0.9933013916015624,-0.014068603515625,0.004546548705548,-0.0059843892231583,0.0006820355774834,71.73738098144531,102.9375,-3.429702758789062
30032,-0.007781982421875,0.9932861328125,-0.0147857666015625,0.004546548705548,-0.0059843892231583,0.0006820355774834,71.70112609863281,102.9424896240234,-3.437652587890625
30033,-0.008453369140625,0.99310302734375,-0.0159759521484375,0.0041497377678751,-0.0052938316948711,-0.0005568669876083,71.59628295898438,103.0159454345703,-3.436492919921875
30034,-0.00994873046875,0.995391845703125,-0.0174560546875,0.0052701295353472,-0.0027079021092504,0.0015691345324739,71.6416015625,102.9754638671875,-3.444671630859375
30035,-0.01129150390625,0.99658203125,-0.0173187255859375,0.0048634647391736,-0.0034237599465996,0.0020202740561217,71.67803955078125,103.0320281982422,-3.449630737304688
30036,-0.011993408203125,0.9978179931640624,-0.0167999267578125,0.0048634647391736,-0.0034237599465996,0.0020202740561217,71.681884765625,103.0929565429688,-3.371078491210938
30037,-0.01171875,0.998016357421875,-0.0158538818359375,0.0077647124417126,0.0001459412305848,0.0048975530080497,71.72848510742188,103.1196594238281,-3.279251098632812
30038,-0.01263427734375,0.9972381591796876,-0.013671875,0.0061122211627662,-0.0001645833544898,0.005143629387021,71.75151062011719,103.1047973632812,-3.305572509765625
30039,-0.0114288330078125,0.9983673095703124,-0.012847900390625,0.0061122211627662,-0.0001645833544898,0.005143629387021,71.69441223144531,103.1999816894531,-3.421600341796875
30040,-0.01092529296875,0.99822998046875,-0.010650634765625,0.0080073261633515,0.0014218616997823,0.0046645267866551,71.69139099121094,103.1938171386719,-3.427474975585938
30041,-0.0112457275390625,0.99755859375,-0.0103607177734375,0.0051007522270083,-0.0002809634897857,0.0030205573420971,71.74057006835938,103.169677734375,-3.464324951171875
30042,-0.01068115234375,0.9967498779296876,-0.01116943359375,0.0051007522270083,-0.0002809634897857,0.0030205573420971,71.76509094238281,103.1573333740234,-3.437911987304688
30043,-0.0103302001953125,0.9962615966796876,-0.0116119384765625,0.0033081786241382,0.0023150858469307,0.0023206786718219,71.77816772460938,103.1773071289062,-3.427947998046875
30044,-0.0102996826171875,0.9958648681640624,-0.01348876953125,0.0033081786241382,0.0023150858469307,0.0023206786718219,71.73265075683594,103.1092376708984,-3.300704956054688
30045,-0.01007080078125,0.995819091796875,-0.0142669677734375,-0.0015725966077297,0.0040125846862792,0.0018064221367239,71.68577575683594,103.1243591308594,-3.224716186523438
30046,-0.0105438232421875,0.9959564208984376,-0.0143280029296875,0.0017044231062754,0.0069114356301724,0.0031390679068863,71.7257080078125,103.035888671875,-3.014083862304688
30047,-0.0115203857421875,0.997772216796875,-0.013946533203125,0.0017044231062754,0.0069114356301724,0.0031390679068863,71.723876953125,102.8912963867188,-2.765838623046875
30048,-0.0137481689453125,0.9983062744140624,-0.013946533203125,0.002846652874723,0.0107027115300297,0.0021835258230566,71.75239562988281,102.9153289794922,-2.81890869140625
30049,-0.0153656005859375,0.9985809326171876,-0.0128021240234375,0.0028178908396512,0.0111924670636653,-0.000998685369268,71.69169616699219,103.1201171875,-3.1536865234375
30050,-0.01678466796875,0.9987640380859376,-0.0106201171875,0.0069180936552584,0.0135184722021222,-0.0009456885163672,71.74668884277344,103.0780181884766,-3.2862548828125
30051,-0.0171661376953125,0.997955322265625,-0.01153564453125,0.0051414989866316,0.0138564268127083,-0.0036674391012638,71.79576110839844,103.0084533691406,-3.416397094726562
30052,-0.0180816650390625,0.997833251953125,-0.01239013671875,0.0051414989866316,0.0138564268127083,-0.0036674391012638,71.71275329589844,102.9229125976562,-3.517578125
30053,-0.018951416015625,0.99951171875,-0.0139923095703125,0.0017694041598588,0.0151725616306066,-0.003738012863323,71.819580078125,102.7422943115234,-3.305984497070312
30054,-0.01666259765625,0.9967193603515624,-0.0183258056640625,0.0048876996152102,0.0151773551478982,-0.0080504696816205,71.69929504394531,102.9619750976562,-3.318679809570312
30055,-0.01666259765625,0.9967193603515624,-0.0183258056640625,0.0048876996152102,0.0151773551478982,-0.0080504696816205,71.69929504394531,102.9619750976562,-3.318679809570312
30056,-0.015716552734375,0.9961395263671876,-0.0161285400390625,0.0045121936127543,0.0203374959528446,-0.0094904405996203,71.70118713378906,103.0214996337891,-3.261383056640625
30057,-0.016143798828125,0.9970245361328124,-0.015167236328125,0.0043444144539535,0.0214565563946962,-0.0092289187014102,71.70448303222656,103.0179748535156,-3.2967529296875
30058,-0.0151214599609375,0.9971466064453124,-0.0134124755859375,0.0088249165564775,0.0251791235059499,-0.0084486119449138,71.74514770507812,102.9598693847656,-3.249237060546875
30059,-0.0128631591796875,0.997161865234375,-0.014739990234375,0.0049295113421976,0.0282228495925664,-0.010413758456707,71.78335571289062,102.8988494873047,-3.319580078125
30060,-0.013275146484375,0.9983673095703124,-0.01593017578125,0.0082480758428573,0.0292694717645645,-0.0115413414314389,71.75740051269531,102.8457183837891,-3.227432250976562
30061,-0.011138916015625,0.9970855712890624,-0.0161285400390625,0.0082480758428573,0.0292694717645645,-0.0115413414314389,71.80856323242188,102.8121948242188,-3.242111206054688
30062,-0.0113677978515625,0.99658203125,-0.0177154541015625,0.0072861425578594,0.0235500670969486,-0.0114566525444388,71.82563781738281,102.8558197021484,-3.237747192382812
30063,-0.011444091796875,0.997100830078125,-0.01837158203125,0.0077362167648971,0.0224294085055589,-0.0109373359009623,71.79161071777344,102.8190612792969,-3.297592163085938
30064,-0.0105743408203125,0.9980621337890624,-0.0201416015625,0.0076315542683005,0.0190956629812717,-0.0127469543367624,71.80558776855469,102.9117584228516,-3.298248291015625
30065,-0.010345458984375,0.99676513671875,-0.0204315185546875,0.0058235344476997,0.0172932371497154,-0.010605240240693,71.75762939453125,102.9926910400391,-3.224288940429688
30066,-0.0107421875,0.99493408203125,-0.020538330078125,0.0099386507645249,0.011755459010601,-0.0166799109429121,71.81263732910156,103.0481414794922,-3.208160400390625
30067,-0.0113983154296875,0.9949188232421876,-0.0187530517578125,0.0137877175584435,0.0167470220476388,-0.012076636776328,71.78140258789062,103.0267333984375,-3.25946044921875
30068,-0.01153564453125,0.99603271484375,-0.0177001953125,0.0103759421035647,0.0183614306151866,-0.0130007537081837,71.78102111816406,102.8938140869141,-3.264175415039062
30069,-0.011444091796875,0.99737548828125,-0.0146942138671875,0.0054384414106607,0.0164391603320837,-0.0141680166125297,71.77520751953125,102.8123931884766,-3.315109252929688
30070,-0.011444091796875,0.99737548828125,-0.0146942138671875,0.0054384414106607,0.0164391603320837,-0.0141680166125297,71.77520751953125,102.8123931884766,-3.315109252929688
30071,-0.010894775390625,0.9972076416015624,-0.012725830078125,0.0080715082585811,0.0143531067296862,-0.0157539285719394,71.78401184082031,102.8230438232422,-3.324111938476562
30072,-0.010772705078125,0.99493408203125,-0.013397216796875,0.0081274351105093,0.0177552942186594,-0.0134447021409869,71.78254699707031,102.9011077880859,-3.307525634765625
30073,-0.010894775390625,0.993988037109375,-0.0153045654296875,0.0091847097501158,0.0150090428069233,-0.0118657145649194,71.71592712402344,102.9373168945312,-3.274459838867188
30074,-0.01080322265625,0.99481201171875,-0.0161285400390625,0.0112348115071654,0.0127986194565892,-0.0127291111275553,71.73483276367188,102.8564453125,-3.31463623046875
30075,-0.01019287109375,0.997283935546875,-0.0173187255859375,0.0089231878519058,0.0087093356996774,-0.0159273017197847,71.7725830078125,102.9352416992188,-3.230209350585938
30076,-0.00860595703125,0.9966888427734376,-0.019073486328125,0.0061548314988613,0.0104185519739985,-0.0124044716358184,71.77926635742188,102.9480743408203,-3.230926513671875
30077,-0.0076751708984375,0.9966278076171876,-0.019927978515625,0.0053289853967726,0.0086025428026914,-0.0107913948595523,71.72528076171875,103.0282592773438,-3.227371215820312
30078,-0.007354736328125,0.99542236328125,-0.020904541015625,0.0061569618992507,0.0060155480168759,-0.0112036522477865,71.72779846191406,103.1441040039062,-3.269515991210938
30079,-0.0070953369140625,0.9945068359375,-0.0179443359375,0.0029792783316224,0.0029451898299157,-0.0104755442589521,71.72959899902344,103.0205078125,-3.129180908203125
30080,-0.0068359375,0.9938812255859376,-0.0159149169921875,0.0003273024922236,0.0004988100845366,-0.008070177398622,71.79685974121094,102.9173126220703,-3.070053100585938
30081,-0.0075225830078125,0.99530029296875,-0.012176513671875,-0.0009608684922568,-0.0038040592335164,-0.0078350203111767,71.75914001464844,102.9490051269531,-3.150924682617188
30082,-0.0069732666015625,0.9956207275390624,-0.0100250244140625,-0.0025960493367165,-0.0050727892667055,-0.0070411316119134,71.71461486816406,103.0587768554688,-3.187713623046875
30083,-0.00640869140625,0.9952392578125,-0.0111236572265625,-0.0059455069713294,-0.0019595539197325,-0.0092648714780807,71.77215576171875,102.8999786376953,-3.11480712890625
30084,-0.0066680908203125,0.9978485107421876,-0.0124053955078125,-0.003589142113924,-0.0111466608941555,-0.0057969028130173,71.708251953125,102.9391479492188,-3.103530883789062
30085,-0.0078887939453125,0.9972381591796876,-0.0140533447265625,-0.0058184741064906,-0.0154902767390012,-0.0050629354082047,71.73928833007812,102.8146820068359,-2.847564697265625
30086,-0.0078887939453125,0.9972381591796876,-0.0140533447265625,-0.0058184741064906,-0.0154902767390012,-0.0050629354082047,71.73928833007812,102.8146820068359,-2.847564697265625
30087,-0.0073089599609375,0.995635986328125,-0.0147552490234375,-0.006959372665733,-0.0175544917583465,-0.0057702711783349,71.78166198730469,102.8515014648438,-3.010543823242188
30088,-0.0075531005859375,0.995513916015625,-0.0165863037109375,-0.0036152412649244,-0.0165712535381317,-0.005707686766982,71.71090698242188,102.8603973388672,-3.1634521484375
30089,-0.0089111328125,0.9949798583984376,-0.0110626220703125,-0.008607336319983,-0.0199595931917429,-0.0054962318390607,71.74763488769531,102.9524078369141,-3.111907958984375
30090,-0.0089111328125,0.9949798583984376,-0.0110626220703125,-0.008607336319983,-0.0199595931917429,-0.0054962318390607,71.74763488769531,102.9524078369141,-3.111907958984375
30091,-0.0097808837890625,0.99560546875,-0.009979248046875,-0.0073220948688685,-0.0182027053087949,-0.0057537592947483,71.71028137207031,102.8753967285156,-3.1064453125
30092,-0.01171875,0.9959259033203124,-0.0081329345703125,-0.0083285039290785,-0.0166721865534782,-0.0042328280396759,71.70899963378906,102.9343719482422,-3.134918212890625
30093,-0.011474609375,0.996551513671875,-0.0077667236328125,-0.0084475465118885,-0.0173318516463041,-0.0042940811254084,71.72639465332031,102.9553070068359,-3.08856201171875
30094,-0.0127716064453125,0.996429443359375,-0.008148193359375,-0.0084475465118885,-0.0173318516463041,-0.0042940811254084,71.74128723144531,102.9455413818359,-3.090713500976562
30095,-0.0130157470703125,0.9966583251953124,-0.0092620849609375,-0.0109599726274609,-0.0146793434396386,-0.004644020460546,71.75314331054688,102.9860992431641,-3.115142822265625
30096,-0.01239013671875,0.9966888427734376,-0.0111083984375,-0.0069311428815126,-0.0120026003569364,-0.0089532807469367,71.74543762207031,103.0343017578125,-3.147628784179688
30097,-0.012969970703125,0.995574951171875,-0.0113677978515625,-0.0079431440681219,-0.0118768997490406,-0.0029931266326457,71.80108642578125,102.9898681640625,-3.141754150390625
30098,-0.0135650634765625,0.9962921142578124,-0.0099334716796875,-0.0079431440681219,-0.0118768997490406,-0.0029931266326457,71.71295166015625,102.9600219726562,-3.16558837890625
30099,-0.0138092041015625,0.9972381591796876,-0.0109100341796875,-0.0102747417986393,-0.0110739562660455,-0.0052315136417746,71.68983459472656,102.8733978271484,-3.055007934570312
30100,-0.014739990234375,0.998443603515625,-0.0120391845703125,-0.0102747417986393,-0.0110739562660455,-0.0052315136417746,71.71321105957031,102.8968811035156,-2.973953247070312
30101,-0.0161895751953125,1.00103759765625,-0.012847900390625,-0.0028951223939657,-0.0023465112317353,-0.0081479409709572,71.71644592285156,102.9346923828125,-2.917343139648438
30102,-0.0169525146484375,0.9986572265625,-0.0133209228515625,-0.0028951223939657,-0.0023465112317353,-0.0081479409709572,71.76248168945312,102.9783630371094,-2.943878173828125
30103,-0.01629638671875,0.9969940185546876,-0.01287841796875,-0.0045681199990212,-0.0002300971100339,-0.0066818711347877,71.77301025390625,102.8341827392578,-2.984024047851562
30104,-0.01519775390625,0.9971466064453124,-0.01141357421875,-0.001948102377355,0.0021387846209108,-0.0060331248678267,71.76365661621094,102.9226226806641,-3.061050415039062
30105,-0.0135498046875,0.99652099609375,-0.01129150390625,-0.0042171156965196,0.0003653856983873,-0.0067495154216885,71.76771545410156,102.9039459228516,-3.020095825195312
30106,-0.011505126953125,0.99542236328125,-0.009918212890625,-0.0042645200155675,0.0038266961928457,-0.0056182043626904,71.77813720703125,102.9587554931641,-3.036544799804688
30107,-0.011505126953125,0.99542236328125,-0.009918212890625,-0.0042645200155675,0.0038266961928457,-0.0056182043626904,71.77813720703125,102.9587554931641,-3.036544799804688
30108,-0.0102691650390625,0.9971160888671876,-0.0099945068359375,-0.0042645200155675,0.0038266961928457,-0.0056182043626904,71.71299743652344,102.9125823974609,-3.037750244140625
30109,-0.00860595703125,0.996185302734375,-0.0122833251953125,-0.0067409933544695,0.0018602180061861,-0.0051918323151767,71.66770935058594,102.966796875,-3.099838256835938
30110,-0.00860595703125,0.996185302734375,-0.0122833251953125,-0.0067409933544695,0.0018602180061861,-0.0051918323151767,71.66770935058594,102.966796875,-3.099838256835938
30111,-0.0093994140625,0.9965362548828124,-0.0126953125,-0.0049835732206702,0.008488293737173,-0.0070661650970578,71.75224304199219,102.9780120849609,-3.024032592773438
30112,-0.0101776123046875,0.99786376953125,-0.0104217529296875,-0.0026961842086166,0.0045433528721332,-0.0089538134634494,71.74002075195312,102.9801177978516,-3.046829223632812
30113,-0.0113677978515625,0.9984893798828124,-0.0086517333984375,-0.0048525459133088,0.0047872983850538,-0.0072235581465065,71.76466369628906,102.8736267089844,-3.08197021484375
30114,-0.011993408203125,0.9971466064453124,-0.0092620849609375,-0.0052701295353472,0.0100630205124616,-0.0110111059620976,71.69764709472656,102.9179229736328,-3.10906982421875
30115,-0.0132598876953125,0.99560546875,-0.0091705322265625,-0.0060538975521922,0.0111637050285935,-0.006384395994246,71.66024780273438,102.9944610595703,-3.154022216796875
30116,-0.014373779296875,0.9950408935546876,-0.0098724365234375,-0.001071389648132,0.0107850031927228,-0.0101812649518251,71.55197143554688,102.8980560302734,-3.092559814453125
30117,-0.0143890380859375,0.99371337890625,-0.0119781494140625,-0.0002213086845586,0.0056477654725313,-0.0106784766539931,71.58255004882812,102.8664855957031,-2.97576904296875
30118,-0.012176513671875,0.9954071044921876,-0.0107879638671875,0.0034735610242933,0.0040996703319251,-0.0092206625267863,71.781494140625,102.7521667480469,-2.927932739257812
30119,-0.0105438232421875,0.9961700439453124,-0.01092529296875,0.0044818338938057,0.0031779501587152,-0.0098046939820051,71.78231811523438,102.7968902587891,-2.826995849609375
30120,-0.0104522705078125,0.9979095458984376,-0.01025390625,0.0060821273364126,0.0002346244873479,-0.0078001325018703,71.75320434570312,102.8075714111328,-2.816162109375
30121,-0.01019287109375,0.996246337890625,-0.010589599609375,0.0057257963344454,-0.0032250881195068,-0.0086944214999675,71.75202941894531,102.8046569824219,-2.817947387695312
30122,-0.0115203857421875,0.9970550537109376,-0.0094757080078125,0.0036847495939582,0.0018767296569421,-0.009507218375802,71.78657531738281,102.7972564697266,-2.914474487304688
30123,-0.0116119384765625,0.9976654052734376,-0.0070037841796875,0.0036847495939582,0.0018767296569421,-0.009507218375802,71.76017761230469,102.8610229492188,-2.944442749023438
30124,-0.012481689453125,1.000274658203125,-0.005126953125,-0.0002130528882844,0.0043787695467472,-0.0107280118390917,71.75057983398438,102.8144989013672,-2.9539794921875
30125,-0.011383056640625,0.9997100830078124,-0.00823974609375,-0.0040799626149237,0.0073732277378439,-0.0084265079349279,71.63734436035156,102.7749633789062,-2.799331665039062
30126,-0.011383056640625,0.9997100830078124,-0.00823974609375,-0.0040799626149237,0.0073732277378439,-0.0084265079349279,71.63734436035156,102.7749633789062,-2.799331665039062
30127,-0.0125732421875,0.999603271484375,-0.0103607177734375,-0.0040799626149237,0.0073732277378439,-0.0084265079349279,71.68962097167969,102.7903594970703,-2.821990966796875
30128,-0.013153076171875,0.9978179931640624,-0.0146484375,-0.0025827335193753,0.0021246699616312,-0.0096920421347022,71.75968933105469,102.8324432373047,-2.825408935546875
30129,-0.0122833251953125,0.9966583251953124,-0.012939453125,-0.0036724992096424,-0.0004956142511218,-0.008020375855267,71.7650146484375,102.7535247802734,-2.632553100585938
30130,-0.0122528076171875,0.9964447021484376,-0.01043701171875,-0.0017414409667253,-0.0065361959859728,-0.0061833271756768,71.64739990234375,102.8758239746094,-2.724563598632812
30131,-0.0115203857421875,0.9951934814453124,-0.01025390625,-0.003345729317516,-0.0079223718494176,-0.0100268013775348,71.62104797363281,102.90380859375,-2.712448120117188
30132,-0.0093536376953125,0.99468994140625,-0.010223388671875,-0.003345729317516,-0.0079223718494176,-0.0100268013775348,71.70437622070312,102.8473358154297,-2.743515014648438
30133,-0.0098419189453125,0.9964447021484376,-0.01007080078125,-0.0071095749735832,-0.0046892939135432,-0.0096845850348472,71.71662902832031,102.8726959228516,-2.684722900390625
30134,-0.0077056884765625,0.999542236328125,-0.0037841796875,0.0006823018775321,0.0026831347495317,-0.0108161624521017,71.68196105957031,102.96240234375,-2.65826416015625
30135,-0.0077056884765625,0.999542236328125,-0.0037841796875,0.0006823018775321,0.0026831347495317,-0.0108161624521017,71.68196105957031,102.96240234375,-2.65826416015625
30136,-0.00927734375,0.998626708984375,0.0041046142578125,-0.000964596925769,0.0082051996141672,-0.0140969101339578,71.66839599609375,102.82421875,-2.588394165039062
30137,-0.00927734375,0.998626708984375,0.0041046142578125,-0.000964596925769,0.0082051996141672,-0.0140969101339578,71.66839599609375,102.82421875,-2.588394165039062
30138,-0.00958251953125,0.9967498779296876,0.0025634765625,-0.0065188854932785,0.011673167347908,-0.012572250328958,71.67509460449219,102.8152160644531,-2.6201171875
30139,-0.0101318359375,0.9956817626953124,-0.00225830078125,-0.0068259481340646,0.0071615064516663,-0.0091753890737891,71.61563110351562,102.8202819824219,-2.678970336914062
30140,-0.00848388671875,0.99658203125,-0.01300048828125,-0.0012381036067381,0.0064477794803678,-0.0090571446344256,71.60096740722656,102.9186859130859,-2.64593505859375
30141,-0.007720947265625,0.9946746826171876,-0.01483154296875,-0.0002492718631401,0.0022575615439563,-0.0077641797251999,71.60595703125,102.8920593261719,-2.667495727539062
30142,-0.0071258544921875,0.994964599609375,-0.0130157470703125,-0.0032168321777135,-0.0032442628871649,-0.0068134311586618,71.61227416992188,102.841552734375,-2.59075927734375
30143,-0.0071258544921875,0.994964599609375,-0.0130157470703125,-0.0032168321777135,-0.0032442628871649,-0.0068134311586618,71.61227416992188,102.841552734375,-2.59075927734375
30144,-0.0069732666015625,0.9944000244140624,-0.0117950439453125,-0.0032168321777135,-0.0032442628871649,-0.0068134311586618,71.65086364746094,102.854248046875,-2.609466552734375
30145,-0.0071563720703125,0.9941864013671876,-0.0103912353515625,-0.0050996872596442,-0.0036013927310705,-0.0033350766170769,71.77609252929688,102.817138671875,-2.573272705078125
30146,-0.0086517333984375,0.9947509765625,-0.0093841552734375,-0.0093948328867554,-0.0120247052982449,-0.004824848845601,71.77386474609375,102.7744598388672,-2.42718505859375
30147,-0.009307861328125,0.99713134765625,-0.005706787109375,-0.0093948328867554,-0.0120247052982449,-0.004824848845601,71.76914978027344,102.7752990722656,-2.478485107421875
30148,-0.008697509765625,0.9966888427734376,-0.0025634765625,-0.0060203419998288,-0.012018047273159,-0.0048874332569539,71.69192504882812,102.8931579589844,-2.675338745117188
30149,-0.0095367431640625,0.995574951171875,-0.002593994140625,-0.004416053649038,-0.0094353137537837,-0.0046019423753023,71.72737121582031,102.8548431396484,-2.593841552734375
30150,-0.0095367431640625,0.995574951171875,-0.002593994140625,-0.004416053649038,-0.0094353137537837,-0.0046019423753023,71.72737121582031,102.8548431396484,-2.593841552734375
30151,-0.0106964111328125,0.9963226318359376,-0.006378173828125,-0.0097234677523374,-0.0174445044249296,-0.0042043323628604,71.74760437011719,102.8678894042969,-2.550735473632812
30152,-0.010406494140625,0.9978485107421876,-0.0088958740234375,-0.0095538236200809,-0.0199316293001174,-0.0036453348584473,71.74723815917969,103.0137176513672,-2.676239013671875
30153,-0.0110015869140625,0.9989166259765624,-0.01220703125,-0.0060626859776675,-0.0219473764300346,-0.0061689461581408,71.71249389648438,102.9782257080078,-2.615737915039062
30154,-0.011932373046875,0.998626708984375,-0.0108184814453125,-0.003451723139733,-0.0189404021948576,-0.0065287393517792,71.77256774902344,102.8671112060547,-2.697219848632812
30155,-0.013824462890625,0.997802734375,-0.0053558349609375,0.0008897621301002,-0.0145965190604329,-0.0067412597127258,71.77587890625,102.8917388916016,-2.838943481445312
30156,-0.015594482421875,0.997314453125,0.00030517578125,0.0008897621301002,-0.0145965190604329,-0.0067412597127258,71.65678405761719,102.8632659912109,-2.903717041015625
30157,-0.015899658203125,0.9964447021484376,0.00244140625,-0.0015206650132313,-0.0143073005601763,-0.0076302229426801,71.77729797363281,102.8985595703125,-2.857284545898438
30158,-0.0157012939453125,0.9962005615234376,0.0048065185546875,-0.005266667343676,-0.0158426128327846,-0.0064789382740855,71.7694091796875,102.8734436035156,-2.673294067382812
30159,-0.0139617919921875,0.997802734375,0.0020294189453125,-0.008503739722073,-0.0134734641760587,-0.0057044909335672,71.74073791503906,102.7713775634766,-2.565292358398438
30160,-0.012725830078125,0.9981231689453124,-0.0012359619140625,-0.0106896618381142,-0.0110220247879624,-0.0058187404647469,71.73481750488281,103.0140838623047,-2.85064697265625
30161,-0.012725830078125,0.9981231689453124,-0.0012359619140625,-0.0106896618381142,-0.0110220247879624,-0.0058187404647469,71.73481750488281,103.0140838623047,-2.85064697265625
30162,-0.012237548828125,0.99993896484375,-0.0028076171875,-0.0098409131169319,-0.0080656493082642,-0.0046946201473474,71.68141174316406,103.0074920654297,-2.749160766601562
30163,-0.0111083984375,0.9984130859375,-0.0016021728515625,-0.0098409131169319,-0.0080656493082642,-0.0046946201473474,71.65390014648438,103.0382080078125,-2.737899780273438
30164,-0.011749267578125,0.9964752197265624,-0.000823974609375,-0.004694087896496,-0.0093245254829525,-0.004850149154663,71.67604064941406,102.9871826171875,-2.71197509765625
30165,-0.010284423828125,0.995574951171875,0.0013580322265625,-0.010400709696114,-0.0152660384774208,-0.0059702745638787,71.75930786132812,102.9697113037109,-2.4464111328125
30166,-0.010284423828125,0.995574951171875,0.0013580322265625,-0.010400709696114,-0.0152660384774208,-0.0059702745638787,71.75930786132812,102.9697113037109,-2.4464111328125
30167,-0.010223388671875,0.995574951171875,0.0027618408203125,-0.010400709696114,-0.0152660384774208,-0.0059702745638787,71.73698425292969,102.9209899902344,-2.528182983398438
30168,-0.0106964111328125,0.9954681396484376,0.00469970703125,-0.0174844507128,-0.0186197571456432,-0.0056368466466665,71.69747924804688,102.9058227539062,-2.550704956054688
30169,-0.0107879638671875,0.9958953857421876,0.004241943359375,-0.0174844507128,-0.0186197571456432,-0.0056368466466665,71.65553283691406,102.909423828125,-2.663848876953125
30170,-0.0098114013671875,0.99713134765625,0.0032806396484375,-0.0168018825352191,-0.0173928383737802,-0.0042120553553104,71.70933532714844,102.9339904785156,-2.711166381835938
30171,-0.0098114013671875,0.99713134765625,0.0032806396484375,-0.0168018825352191,-0.0173928383737802,-0.0042120553553104,71.70933532714844,102.9339904785156,-2.711166381835938
30172,-0.0096435546875,0.9966583251953124,0.0035400390625,-0.0149049134925007,-0.017829330638051,-0.0028527781832963,71.64852905273438,102.9281616210938,-2.803939819335938
30173,-0.008880615234375,0.9967041015625,0.00372314453125,-0.0114902080968022,-0.019326826557517,-0.0034349451307207,71.69287109375,103.0342712402344,-2.6759033203125
30174,-0.0091705322265625,0.997802734375,0.0028076171875,-0.013415141031146,-0.0161504745483398,-0.0054054181091487,71.62007141113281,103.0591278076172,-2.551910400390625
30175,-0.0106353759765625,0.9970855712890624,0.0032501220703125,-0.013415141031146,-0.0161504745483398,-0.0054054181091487,71.62239074707031,103.0909881591797,-2.508575439453125
30176,-0.0108489990234375,0.9969329833984376,0.0041046142578125,-0.0101794004440307,-0.0146838715299964,-0.0065729478374123,71.66584777832031,102.9091644287109,-2.524261474609375
30177,-0.0115509033203125,0.99676513671875,0.0033721923828125,-0.0111349429935216,-0.0166245158761739,-0.0068304752930998,71.70106506347656,102.9084320068359,-2.529678344726562
30178,-0.012786865234375,0.9970245361328124,0.0030059814453125,-0.0095996307209134,-0.0210243258625268,-0.0081210434436798,71.70068359375,102.9450531005859,-2.551437377929688
30179,-0.013427734375,0.9981689453125,0.00213623046875,-0.0047143278643488,-0.0243370309472084,-0.0097775291651487,71.69593811035156,103.0039215087891,-2.619171142578125
30180,-0.0150909423828125,0.9976043701171876,0.001495361328125,-0.0047143278643488,-0.0243370309472084,-0.0097775291651487,71.68269348144531,102.9866638183594,-2.641891479492188
30181,-0.0164337158203125,0.99639892578125,0.0036468505859375,-0.0031041805632412,-0.0235620513558387,-0.0103237442672252,71.67274475097656,102.8843383789062,-2.482498168945312
30182,-0.0164947509765625,0.996673583984375,0.0033721923828125,-0.0004053331213071,-0.0226746853441,-0.0129887694492936,71.69064331054688,102.6776733398438,-2.348541259765625
30183,-0.0161285400390625,0.9976806640625,0.0019073486328125,-0.0004053331213071,-0.0226746853441,-0.0129887694492936,71.58946228027344,102.6137390136719,-2.322174072265625
30184,-0.0157012939453125,0.997894287109375,0.001251220703125,-0.0009313074406236,-0.0232882779091596,-0.0121765052899718,71.60150146484375,102.752197265625,-2.36376953125
30185,-0.0142059326171875,0.996826171875,0.00115966796875,0.0013254552613943,-0.022537799552083,-0.0112774223089218,71.60369873046875,102.75634765625,-2.405166625976562
30186,-0.0138397216796875,0.9957275390625,0.0009918212890625,0.0064829331822693,-0.0178961753845214,-0.0094936368986964,71.62513732910156,102.8380126953125,-2.372360229492188
30187,-0.0127105712890625,0.99639892578125,0.00531005859375,0.0042871567420661,-0.0108121680095791,-0.0124398916959762,71.55082702636719,102.7562255859375,-2.385055541992188
30188,-0.01171875,0.9989776611328124,0.0065460205078125,0.0042871567420661,-0.0108121680095791,-0.0124398916959762,71.64898681640625,102.7553863525391,-2.515670776367188
30189,-0.0113525390625,0.996551513671875,0.006744384765625,0.0049018142744898,-0.0092233261093497,-0.010996458120644,71.59843444824219,102.6928100585938,-2.385498046875
30190,-0.0113525390625,0.996551513671875,0.006744384765625,0.0049018142744898,-0.0092233261093497,-0.010996458120644,71.59843444824219,102.6928100585938,-2.385498046875
30191,-0.011871337890625,0.997711181640625,0.004241943359375,0.0049457564018666,-0.0067108995281159,-0.013065468519926,71.58192443847656,102.7819061279297,-2.558731079101562
30192,-0.0129852294921875,0.9964752197265624,0.0022735595703125,0.0049457564018666,-0.0067108995281159,-0.013065468519926,71.606201171875,102.7725524902344,-2.5615234375
30193,-0.01373291015625,0.997314453125,0.001800537109375,0.0030210898257792,-0.005256547126919,-0.0122888907790184,71.54344177246094,102.9064483642578,-2.573959350585938
30194,-0.012969970703125,0.9985809326171876,-6.103515625e-05,0.0089106708765029,-0.0097887152805924,-0.011795406229794,71.59028625488281,102.9039154052734,-2.601043701171875
30195,-0.0132293701171875,0.9962615966796876,-1.52587890625e-05,0.0089106708765029,-0.0097887152805924,-0.011795406229794,71.53793334960938,102.8449096679688,-2.545761108398438
30196,-0.012481689453125,0.995391845703125,-0.002105712890625,0.0085173221305012,-0.0105541069060564,-0.0119541315361857,71.54002380371094,102.9342498779297,-2.677581787109375
30197,-0.0122833251953125,0.9972686767578124,0.0014801025390625,0.0119778327643871,-0.0086440881714224,-0.0117714386433363,71.614013671875,102.91943359375,-2.674697875976562
30198,-0.0122833251953125,0.9972686767578124,0.0014801025390625,0.0119778327643871,-0.0086440881714224,-0.0117714386433363,71.614013671875,102.91943359375,-2.674697875976562
30199,-0.0123291015625,0.99908447265625,0.002899169921875,0.00858283508569,-0.0018152105621993,-0.0092763230204582,71.62147521972656,102.93359375,-2.784866333007812
30200,-0.01348876953125,1.000289916992188,0.0055084228515625,0.00858283508569,-0.0018152105621993,-0.0092763230204582,71.54452514648438,102.9445190429688,-2.798492431640625
30201,-0.015777587890625,1.000778198242188,0.0040283203125,0.0162298362702131,-0.0003139867039863,-0.0109812784940004,71.55458068847656,102.8721160888672,-2.6396484375
30202,-0.015777587890625,1.000778198242188,0.0040283203125,0.0162298362702131,-0.0003139867039863,-0.0109812784940004,71.55458068847656,102.8721160888672,-2.6396484375
30203,-0.0155181884765625,0.9977264404296876,0.0027923583984375,0.0173654071986675,0.0016924388473853,-0.0149693619459867,71.56126403808594,102.8661804199219,-2.622665405273438
30204,-0.014617919921875,0.994659423828125,0.003204345703125,0.0173654071986675,0.0016924388473853,-0.0149693619459867,71.48432922363281,102.9065551757812,-2.66217041015625
30205,-0.0147705078125,0.9910736083984376,0.0018463134765625,0.0207870379090309,0.0030570426024496,-0.0126715870574116,71.52700805664062,102.8852081298828,-2.636703491210938
30206,-0.014068603515625,0.990203857421875,0.00201416015625,0.019709788262844,0.003948668949306,-0.0115402759984135,71.47166442871094,102.87109375,-2.577667236328125
30207,-0.014190673828125,0.9920806884765624,0.001312255859375,0.0201963484287262,0.0009422263829037,-0.0099543631076812,71.5302734375,102.8513641357422,-2.5814208984375
30208,-0.0125732421875,0.993316650390625,-0.0018310546875,0.0201963484287262,0.0009422263829037,-0.0099543631076812,71.46983337402344,102.8531188964844,-2.617095947265625
30209,-0.010772705078125,0.993896484375,-0.002838134765625,0.0190394707024097,0.0026743463240563,-0.0071029169484972,71.52244567871094,102.872802734375,-2.614837646484375
30210,-0.0097503662109375,0.99493408203125,-0.000213623046875,0.0150399357080459,-0.0003632551815826,-0.0066800070926547,71.47080993652344,102.8646240234375,-2.64825439453125
30211,-0.010009765625,0.9953765869140624,0.003143310546875,0.0148724233731627,0.003214701777324,-0.0080544641241431,71.48849487304688,102.8460998535156,-2.603073120117188
30212,-0.009246826171875,0.9956512451171876,0.00244140625,0.0111858090385794,0.0025824673939496,-0.0095812547951936,71.50335693359375,102.8597106933594,-2.702346801757812
30213,-0.0089569091796875,0.996795654296875,0.005615234375,0.0113248256966471,-0.0003017361450474,-0.009760751388967,71.51564025878906,102.8274536132812,-2.679519653320312
30214,-0.009063720703125,0.9986114501953124,0.0041046142578125,0.0112894056364893,0.0048703891225159,-0.0034906051587313,71.51045227050781,102.6187133789062,-2.45050048828125
30215,-0.01019287109375,0.9980926513671876,0.0025482177734375,0.012288624420762,0.0054443003609776,-0.0078214379027485,71.46127319335938,102.8486633300781,-2.562347412109375
30216,-0.0117950439453125,0.9963531494140624,0.00372314453125,0.0128968898206949,0.0064901234582066,-0.0076587186194956,71.51864624023438,102.9571228027344,-2.5894775390625
30217,-0.0121612548828125,0.994781494140625,0.0024261474609375,0.0169677976518869,0.0035015242174267,-0.0082544675096869,71.47444152832031,102.9743957519531,-2.771163940429688
30218,-0.0115814208984375,0.994140625,0.002349853515625,0.0176415778696537,-0.0010719223646447,-0.0106563726440072,71.47886657714844,102.9191284179688,-2.803665161132812
30219,-0.0128631591796875,0.9946441650390624,0.0019378662109375,0.0158692449331283,-0.0055894423276185,-0.0098552936688065,71.46998596191406,102.8715362548828,-2.722183227539062
30220,-0.0144805908203125,0.9926300048828124,0.0003814697265625,0.0152636412531137,-0.0026152241043746,-0.008781773969531,71.39830017089844,102.861083984375,-2.752792358398438
30221,-0.01654052734375,0.9925689697265624,-0.0004425048828125,0.0179782006889581,-0.0013113404856994,-0.009525061585009,71.39682006835938,102.8200073242188,-2.755767822265625
30222,-0.017822265625,0.99407958984375,-0.0009765625,0.0146814743056893,0.002386991167441,-0.0125264441594481,71.40435791015625,102.8069000244141,-2.848220825195312
30223,-0.0169525146484375,0.9946441650390624,-0.0005035400390625,0.0174074862152338,0.0051556136459112,-0.0098449075594544,71.37741088867188,102.8003082275391,-2.824951171875
30224,-0.0170745849609375,0.9965972900390624,6.103515625e-05,0.0138428453356027,0.0049444246105849,-0.0113232284784317,71.37483215332031,102.8717346191406,-2.8135986328125
30225,-0.0160675048828125,0.9974517822265624,0.0003509521484375,0.0145429903641343,0.0150958625599741,-0.010441455990076,71.43106079101562,102.8965148925781,-2.689590454101562
30226,-0.0160675048828125,0.9974517822265624,0.0003509521484375,0.0145429903641343,0.0150958625599741,-0.010441455990076,71.43106079101562,102.8965148925781,-2.689590454101562
30227,-0.01666259765625,0.9973907470703124,-0.0001220703125,0.0148255517706275,0.0129296472296118,-0.01258210465312,71.38972473144531,102.9419250488281,-2.755889892578125
30228,-0.0161895751953125,0.9968719482421876,-0.0008544921875,0.0225215535610914,0.0158559288829565,-0.0086797745898365,71.44964599609375,102.9359436035156,-2.702850341796875
30229,-0.015228271484375,0.995941162109375,-0.0015869140625,0.0206389650702476,0.0119559951126575,-0.0073359436355531,71.44706726074219,103.0831756591797,-2.709243774414062
30230,-0.015228271484375,0.995941162109375,-0.0015869140625,0.0206389650702476,0.0119559951126575,-0.0073359436355531,71.44706726074219,103.0831756591797,-2.709243774414062
30231,-0.0154571533203125,0.9951324462890624,-0.001495361328125,0.018851451575756,0.015450594946742,-0.0056240637786686,71.41329956054688,103.0567474365234,-2.766311645507812
30232,-0.0135955810546875,0.994232177734375,-0.00225830078125,0.0201159212738275,0.0137480366975069,-0.0047851679846644,71.43955993652344,103.0588684082031,-2.780670166015625
30233,-0.0107574462890625,0.9946136474609376,-0.00201416015625,0.0174804572016,0.0084057357162237,-0.003679423360154,71.46005249023438,103.0735321044922,-2.908889770507812
30234,-0.0107574462890625,0.9946136474609376,-0.00201416015625,0.0174804572016,0.0084057357162237,-0.003679423360154,71.46005249023438,103.0735321044922,-2.908889770507812
30235,-0.00946044921875,0.9969024658203124,-0.00408935546875,0.0174804572016,0.0084057357162237,-0.003679423360154,71.39706420898438,102.9523010253906,-2.959915161132812
30236,-0.0092010498046875,0.998138427734375,-0.002410888671875,0.0160050652921199,0.0129402996972203,-0.004472779110074,71.40042114257812,102.8363037109375,-2.841079711914062
30237,-0.00909423828125,1.000091552734375,-0.00201416015625,0.0174421072006225,0.0133464317768812,-0.0047353669069707,71.47224426269531,102.8268890380859,-2.821624755859375
30238,-0.0097808837890625,0.9995574951171876,6.103515625e-05,0.0167725887149572,0.0136180743575096,-0.0044096619822084,71.46759033203125,102.8614196777344,-2.771209716796875
30239,-0.009735107421875,0.997802734375,0.0016326904296875,0.0182644911110401,0.0165440887212753,-0.0070999874733388,71.47184753417969,102.9605102539062,-2.895492553710938
30240,-0.0090789794921875,0.9953765869140624,0.0003662109375,0.0136867836117744,0.0073481942526996,-0.0058664111420512,71.47354125976562,102.875244140625,-2.926620483398438
30241,-0.0090789794921875,0.9953765869140624,0.0003662109375,0.0136867836117744,0.0073481942526996,-0.0058664111420512,71.47354125976562,102.875244140625,-2.926620483398438
30242,-0.0087432861328125,0.9942779541015624,-0.0012359619140625,0.015498798340559,-0.0005400890368036,-0.0057455035857856,71.43887329101562,103.0133819580078,-2.8260498046875
30243,-0.0094146728515625,0.9959716796875,-0.00054931640625,0.015498798340559,-0.0005400890368036,-0.0057455035857856,71.45277404785156,103.0369567871094,-2.645462036132812
30244,-0.0114593505859375,0.99658203125,-0.0016937255859375,0.013651629909873,-0.004087686073035,-0.0068826735951006,71.52423095703125,102.8581695556641,-2.55670166015625
30245,-0.01531982421875,0.999420166015625,-0.0031585693359375,0.0168301127851009,-0.0036946034524589,-0.0060752029530704,71.63006591796875,102.5178833007812,-1.975921630859375
30246,-0.01531982421875,0.999420166015625,-0.0031585693359375,0.0168301127851009,-0.0036946034524589,-0.0060752029530704,71.63006591796875,102.5178833007812,-1.975921630859375
30247,-0.016998291015625,1.000595092773438,-0.006988525390625,0.0160769708454608,-0.0050458912737667,-0.0083343628793954,71.61376953125,102.5951690673828,-1.926910400390625
30248,-0.018402099609375,1.00048828125,-0.0093231201171875,0.0160769708454608,-0.0050458912737667,-0.0083343628793954,71.60252380371094,102.5962829589844,-2.11883544921875
30249,-0.0194549560546875,0.9975433349609376,-0.0098724365234375,0.0207907650619745,-0.006074936594814,-0.0066674901172518,71.58277893066406,102.7978515625,-2.317047119140625
30250,-0.019287109375,0.9956512451171876,-0.0080108642578125,0.0217977073043584,-0.0020841897930949,-0.0078286286443471,71.52194213867188,102.8451690673828,-2.554351806640625
30251,-0.0183258056640625,0.993438720703125,-0.0047760009765625,0.0217561610043048,-0.0007105313707143,-0.0074776238761842,71.50502014160156,102.8060150146484,-2.790496826171875
30252,-0.018829345703125,0.9924468994140624,-0.0027618408203125,0.0186213552951812,-0.00452950457111,-0.006180930417031,71.53385925292969,102.8462829589844,-2.890304565429688
30253,-0.01898193359375,0.9918365478515624,-0.0013885498046875,0.0183441191911697,0.0018836538074538,-0.0072139706462621,71.44436645507812,102.8466491699219,-2.792449951171875
30254,-0.016937255859375,0.992919921875,-0.0015869140625,0.016063654795289,0.0041819619946181,-0.006548180244863,71.44114685058594,102.7844848632812,-2.822036743164062
30255,-0.017303466796875,0.994232177734375,-0.00433349609375,0.0141989095136523,0.005323392804712,-0.0056142099201679,71.43789672851562,102.8679962158203,-2.774948120117188
30256,-0.017791748046875,0.9947509765625,-0.0050506591796875,0.0145461857318878,0.0091852424666285,-0.0028487835079431,71.46611022949219,102.9778289794922,-2.80865478515625
30257,-0.018402099609375,0.997100830078125,-0.0061187744140625,0.0144721502438187,0.0157027970999479,-0.0034549187403172,71.48403930664062,102.8774719238281,-2.753280639648438
30258,-0.0178985595703125,0.998992919921875,-0.007293701171875,0.0200291015207767,0.0091223921626806,-0.0058120829053223,71.46293640136719,102.8656768798828,-2.75799560546875
30259,-0.0161895751953125,1.001022338867188,-0.006927490234375,0.0200291015207767,0.0091223921626806,-0.0058120829053223,71.48466491699219,102.8175506591797,-2.966293334960938
30260,-0.014862060546875,1.000503540039062,-0.008026123046875,0.0210075471550226,0.0054067494347691,-0.0068395300768315,71.542724609375,102.9122314453125,-2.951736450195312
30261,-0.014373779296875,1.0008544921875,-0.00677490234375,0.0242249127477407,-0.0013158678775653,-0.0080376863479614,71.56951904296875,102.8355102539062,-2.830078125
30262,-0.011566162109375,0.9992828369140624,-0.0057525634765625,0.0242249127477407,-0.0013158678775653,-0.0080376863479614,71.57659912109375,102.8418884277344,-2.940155029296875
30263,-0.0093841552734375,0.9958343505859376,-0.004058837890625,0.0215281955897808,-0.0019558256026357,-0.0070057115517556,71.521484375,102.832275390625,-2.92169189453125
30264,-0.010223388671875,0.993560791015625,-0.0029754638671875,0.0228685643523931,-0.0034892736002802,-0.0055276569910347,71.46189880371094,102.9267120361328,-2.834823608398438
30265,-0.0161895751953125,0.99847412109375,-0.0023193359375,0.019201124086976,0.0054914383217692,-0.0072046495042741,71.45295715332031,102.9941101074219,-2.981704711914062
30266,-0.0161895751953125,0.99847412109375,-0.0023193359375,0.019201124086976,0.0054914383217692,-0.0072046495042741,71.45295715332031,102.9941101074219,-2.981704711914062
30267,-0.0189208984375,0.999542236328125,-0.0034637451171875,0.0195955391973257,0.0125621305778622,-0.0092504899948835,71.45353698730469,102.8780212402344,-2.971160888671875
30268,-0.0199127197265625,0.998565673828125,-0.0043182373046875,0.0195955391973257,0.0125621305778622,-0.0092504899948835,71.48567199707031,103.0030364990234,-2.905990600585938
30269,-0.020294189453125,0.99603271484375,-0.005218505859375,0.0226038452237844,0.0136164762079715,-0.008485097438097,71.595703125,102.8679656982422,-2.847549438476562
30270,-0.02020263671875,0.994049072265625,-0.00592041015625,0.0230909381061792,0.0190461296588182,-0.0121093932539224,71.56535339355469,102.8823852539062,-2.881210327148438
30271,-0.020843505859375,0.993621826171875,-0.00640869140625,0.0243346337229013,0.0165882967412471,-0.0083665866404771,71.49708557128906,102.8896179199219,-2.883590698242188
30272,-0.0209808349609375,0.9934234619140624,-0.00738525390625,0.0250648725777864,0.0173132102936506,-0.0088094705715775,71.50871276855469,102.8748779296875,-2.796096801757812
30273,-0.020965576171875,0.99462890625,-0.0093994140625,0.0232046544551849,0.0175672750920057,-0.0079588564112782,71.48786926269531,102.8645477294922,-2.933242797851562
30274,-0.0197601318359375,0.9947662353515624,-0.0099334716796875,0.0212174039334058,0.0153232961893081,-0.0103461146354675,71.49612426757812,102.8413543701172,-2.845199584960938
30275,-0.0186004638671875,0.99566650390625,-0.0100860595703125,0.0223218165338039,0.0195438731461763,-0.0081604579463601,71.4622802734375,102.9022216796875,-2.910720825195312
30276,-0.0175628662109375,0.9958953857421876,-0.0103759765625,0.0231130421161651,0.0154354153200984,-0.0064222128130495,71.51385498046875,102.8267669677734,-2.874191284179688
30277,-0.015625,0.9962310791015624,-0.01007080078125,0.0237817615270614,0.0166141297668218,-0.0045279064215719,71.5018310546875,102.7288055419922,-2.77545166015625
30278,-0.0136566162109375,0.9966888427734376,-0.0086669921875,0.022859776392579,0.0175600852817297,-0.0037334854714572,71.47975158691406,102.8009948730469,-2.797653198242188
30279,-0.013519287109375,0.9970703125,-0.009613037109375,0.022859776392579,0.0175600852817297,-0.0037334854714572,71.48475646972656,102.7383575439453,-2.952606201171875
30280,-0.012786865234375,0.99658203125,-0.0087738037109375,0.0223364643752574,0.0186285451054573,-0.0033143039327114,71.49311828613281,102.8601379394531,-3.061447143554688
30281,-0.01287841796875,0.9968414306640624,-0.0075836181640625,0.0223364643752574,0.0186285451054573,-0.0033143039327114,71.46119689941406,102.9647979736328,-3.151580810546875
30282,-0.0130157470703125,0.997467041015625,-0.00689697265625,0.0239982772618532,0.0164556726813316,-0.0034650389570742,71.44757080078125,103.0372161865234,-3.043441772460938
30283,-0.013092041015625,0.999542236328125,-0.0065460205078125,0.0180740747600793,0.0123842312023043,-0.0032804817892611,71.48312377929688,103.0980834960938,-3.172744750976562
30284,-0.011627197265625,0.9968414306640624,-0.0080718994140625,0.0180740747600793,0.0123842312023043,-0.0032804817892611,71.44412231445312,102.9816589355469,-3.11944580078125
30285,-0.0062713623046875,0.99212646484375,-0.0078277587890625,0.0142076984047889,-0.0009004147723317,-0.0013677994720637,71.47526550292969,102.9294738769531,-3.105499267578125
30286,-0.0062713623046875,0.99212646484375,-0.0078277587890625,0.0142076984047889,-0.0009004147723317,-0.0013677994720637,71.47526550292969,102.9294738769531,-3.105499267578125
30287,-0.0058441162109375,0.993072509765625,-0.0083160400390625,0.0142076984047889,-0.0009004147723317,-0.0013677994720637,71.48634338378906,102.8263092041016,-3.166763305664062
30288,-0.007568359375,0.993377685546875,-0.0085906982421875,0.0114816864952445,-0.0085785742849111,-0.0002849582233466,71.44309997558594,102.8643646240234,-3.09521484375
30289,-0.007568359375,0.993377685546875,-0.0085906982421875,0.0114816864952445,-0.0085785742849111,-0.0002849582233466,71.44309997558594,102.8643646240234,-3.09521484375
30290,-0.0088958740234375,0.99810791015625,-0.008148193359375,0.006753243971616,-0.013054815120995,-0.0011936287628486,71.51385498046875,102.8220977783203,-3.087921142578125
30291,-0.0105743408203125,0.9969940185546876,-0.0084381103515625,0.006753243971616,-0.013054815120995,-0.0011936287628486,71.39627075195312,102.9237060546875,-3.093460083007812
30292,-0.012237548828125,0.9958343505859376,-0.008880615234375,0.0069260830059647,-0.01205959264189,0.0024272049777209,71.51058959960938,102.8861694335938,-3.015701293945312
30293,-0.01629638671875,0.99713134765625,-0.011932373046875,0.0007060039788484,-0.0127967549487948,0.0023702133912593,71.48568725585938,102.7667083740234,-2.925750732421875
30294,-0.01629638671875,0.99713134765625,-0.011932373046875,0.0007060039788484,-0.0127967549487948,0.0023702133912593,71.48568725585938,102.7667083740234,-2.925750732421875
30295,-0.016876220703125,0.9967498779296876,-0.011505126953125,0.003801129758358,-0.0110957939177751,0.0016817862633615,71.57211303710938,102.8208618164062,-3.070663452148438
30296,-0.01690673828125,0.9966888427734376,-0.010650634765625,0.0064086308702826,-0.014862036332488,0.0043236417695879,71.51734924316406,102.8170471191406,-3.062591552734375
30297,-0.016876220703125,0.9964599609375,-0.012969970703125,0.00670424150303,-0.0087122647091746,0.006924751214683,71.56340026855469,102.9100036621094,-3.120407104492188
30298,-0.016876220703125,0.9964599609375,-0.012969970703125,0.00670424150303,-0.0087122647091746,0.006924751214683,71.56340026855469,102.9100036621094,-3.120407104492188
30299,-0.0161285400390625,0.996185302734375,-0.0115509033203125,0.00670424150303,-0.0087122647091746,0.006924751214683,71.56889343261719,102.9534912109375,-3.176116943359375
30300,-0.01519775390625,0.9960784912109376,-0.0115814208984375,0.0051620053127408,-0.0131176663562655,0.0053204633295536,71.5245361328125,102.9174499511719,-3.029541015625
30301,-0.012969970703125,0.99658203125,-0.0083465576171875,0.0058994344435632,-0.0151651045307517,0.0072307484224438,71.51264953613281,102.9738006591797,-3.184051513671875
30302,-0.012969970703125,0.99658203125,-0.0083465576171875,0.0058994344435632,-0.0151651045307517,0.0072307484224438,71.51264953613281,102.9738006591797,-3.184051513671875
30303,-0.012725830078125,0.9963836669921876,-0.009490966796875,0.0056839846074581,-0.0186091046780347,0.0038794267456978,71.50555419921875,102.9100646972656,-3.138031005859375
30304,-0.012237548828125,0.9962310791015624,-0.009796142578125,0.0028812738601118,-0.0165012124925851,0.0068579060025513,71.56584167480469,102.9603271484375,-3.129989624023438
30305,-0.012298583984375,0.9983673095703124,-0.012664794921875,0.0049769151955842,-0.0184983164072036,0.0060102217830717,71.670654296875,102.8916625976562,-2.910308837890625
30306,-0.012298583984375,0.9983673095703124,-0.012664794921875,0.0049769151955842,-0.0184983164072036,0.0060102217830717,71.670654296875,102.8916625976562,-2.910308837890625
30307,-0.0115509033203125,0.999664306640625,-0.0129241943359375,0.0067596356384456,-0.0207928959280252,0.0016018913593143,71.60203552246094,102.8680267333984,-2.983108520507812
30308,-0.0111083984375,0.999298095703125,-0.0112457275390625,0.0086680566892027,-0.0183569025248289,0.0022772690281271,71.63479614257812,102.9204711914062,-2.87860107421875
30309,-0.01129150390625,0.995941162109375,-0.0101165771484375,0.0086861662566661,-0.0191366765648126,0.0036738307680934,71.71334838867188,103.0525512695312,-2.604705810546875
30310,-0.01129150390625,0.995941162109375,-0.0101165771484375,0.0086861662566661,-0.0191366765648126,0.0036738307680934,71.71334838867188,103.0525512695312,-2.604705810546875
30311,-0.012725830078125,0.9981231689453124,-0.0094451904296875,0.0083775054663419,-0.0239391550421714,0.0046442868188023,71.64512634277344,103.0953216552734,-2.661590576171875
30312,-0.0127410888671875,0.999114990234375,-0.0084991455078125,0.0075873457826673,-0.0238355584442615,0.0024929849896579,71.55227661132812,103.0762634277344,-2.816680908203125
30313,-0.0137939453125,0.999847412109375,-0.00775146484375,0.0065705510787665,-0.0187846068292856,0.0016761935548856,71.73097229003906,103.0032806396484,-3.012008666992188
30314,-0.0135345458984375,0.9993133544921876,-0.0079193115234375,0.0084422202780842,-0.0218001045286655,0.0026690200902521,71.74346923828125,102.8961334228516,-3.03131103515625
30315,-0.0135955810546875,0.998382568359375,-0.0095977783203125,0.0078299595043063,-0.0197196416556835,0.0013819142477586,71.74392700195312,102.8730773925781,-3.20654296875
30316,-0.014129638671875,0.9964752197265624,-0.00872802734375,0.0090302461758255,-0.0235431436449289,-0.0017020262312144,71.71562194824219,102.8866271972656,-3.156387329101562
30317,-0.0148468017578125,0.9963531494140624,-0.008880615234375,0.0080430125817656,-0.0225268807262182,-0.0029172266367822,71.77110290527344,102.8081359863281,-3.013351440429688
30318,-0.0154266357421875,0.99462890625,-0.009796142578125,0.0090563455596566,-0.0224978514015674,-0.0009566074586473,71.73887634277344,102.8808288574219,-3.084518432617188
30319,-0.0160675048828125,0.9946136474609376,-0.0093536376953125,0.0097570233047008,-0.0202189851552248,-0.0009835053933784,71.727294921875,102.9482879638672,-3.051132202148438
30320,-0.0175018310546875,0.9944305419921876,-0.0088653564453125,0.0101120229810476,-0.015718774870038,-0.000300670886645,71.71951293945312,103.0621948242188,-3.040634155273438
30321,-0.0196990966796875,0.99505615234375,-0.0086822509765625,0.0098571581766009,-0.0152029208838939,-0.0034381409641355,71.62643432617188,103.0348510742188,-2.958206176757812
30322,-0.0208282470703125,0.99639892578125,-0.0063934326171875,0.0097415773198008,-0.0059982375241816,-0.0031933963764458,71.61097717285156,103.1189117431641,-3.049560546875
30323,-0.0208282470703125,0.99639892578125,-0.0063934326171875,0.0097415773198008,-0.0059982375241816,-0.0031933963764458,71.61097717285156,103.1189117431641,-3.049560546875
30324,-0.0196380615234375,0.9974822998046876,-0.007568359375,0.0097415773198008,-0.0059982375241816,-0.0031933963764458,71.73309326171875,103.0401306152344,-3.082351684570312
30325,-0.0150604248046875,0.9994659423828124,-0.0106353759765625,0.0083346292376518,-0.0061127534136176,-0.000949683249928,71.65908813476562,102.9535675048828,-3.24359130859375
30326,-0.0150604248046875,0.9994659423828124,-0.0106353759765625,0.0083346292376518,-0.0061127534136176,-0.000949683249928,71.65908813476562,102.9535675048828,-3.24359130859375
30327,-0.012451171875,0.99896240234375,-0.0103912353515625,0.0110129695385694,-0.0063401875086128,-0.0034927357919514,71.70475769042969,102.9210815429688,-3.134750366210938
30328,-0.0106048583984375,0.99896240234375,-0.0088653564453125,0.0081783011555671,-0.0039790291339159,-0.0012474246323108,71.66281127929688,102.8036346435547,-3.029510498046875
30329,-0.0108489990234375,0.996429443359375,-0.008270263671875,0.0081783011555671,-0.0039790291339159,-0.0012474246323108,71.7337646484375,102.8578948974609,-3.08013916015625
30330,-0.0131072998046875,0.9949798583984376,-0.0085906982421875,0.0085546057671308,-0.0037350833881646,-0.0022730079945176,71.63717651367188,102.9993286132812,-3.090377807617188
30331,-0.0153045654296875,0.9940643310546876,-0.009185791015625,0.0085546057671308,-0.0037350833881646,-0.0022730079945176,71.63694763183594,103.0635375976562,-3.036285400390625
30332,-0.017425537109375,0.9965667724609376,-0.0084991455078125,0.0106332032009959,0.000492152175866,-0.0046328348107635,71.63255310058594,103.0177001953125,-2.965805053710938
30333,-0.0179443359375,0.9974822998046876,-0.0072021484375,0.0144164897501468,0.0048107341863214,-0.0037734329234808,71.63671875,103.0826721191406,-2.985153198242188
30334,-0.01898193359375,0.9979095458984376,-0.00640869140625,0.0127048762515187,0.0136084863916039,-0.0064312675967812,71.61964416503906,103.1657257080078,-2.97735595703125
30335,-0.0193939208984375,0.998199462890625,-0.0060882568359375,0.0131360422819852,0.0177257340401411,-0.0055953012779355,71.6180419921875,103.0714111328125,-3.117691040039062
30336,-0.0190887451171875,0.998199462890625,-0.0046234130859375,0.0131360422819852,0.0177257340401411,-0.0055953012779355,71.72801208496094,103.0195922851562,-3.197647094726562
30337,-0.018341064453125,0.9992523193359376,-0.0054931640625,0.0130857080221176,0.0192266907542944,-0.005739910993725,71.72402954101562,102.9965972900391,-3.100936889648438
30338,-0.0166473388671875,1.000381469726562,-0.00726318359375,0.0095911081880331,0.0194181725382804,-0.0032314795535057,71.71112060546875,103.0428314208984,-2.993087768554688
30339,-0.01470947265625,1.000076293945312,-0.0108795166015625,0.0095911081880331,0.0194181725382804,-0.0032314795535057,71.72589111328125,103.0341033935547,-3.05584716796875
30340,-0.012939453125,1.000717163085938,-0.0126953125,0.0088052097707986,0.0124066025018692,-0.003874899353832,71.72215270996094,103.0269470214844,-3.171493530273438
30341,-0.0124664306640625,0.99969482421875,-0.0125885009765625,0.0130524188280105,0.0153422048315405,-0.0049209888093173,71.63975524902344,102.9383697509766,-2.998306274414062
30342,-0.01153564453125,0.9984893798828124,-0.0151519775390625,0.0123520074412226,0.0110427970066666,-0.0033382724504917,71.673828125,102.9208221435547,-2.770553588867188
30343,-0.0123443603515625,0.99700927734375,-0.013763427734375,0.0135821215808391,0.007628624793142,-0.0022748722694814,71.70391845703125,102.921875,-2.762939453125
30344,-0.0143890380859375,0.995819091796875,-0.0128021240234375,0.0151608437299728,0.0044514737091958,-0.0027443873696029,71.64486694335938,102.9101409912109,-2.945816040039062
30345,-0.0147705078125,0.9981536865234376,-0.0081024169921875,0.0183065682649612,0.0154945375397801,-0.0078872181475162,71.62924194335938,102.8653106689453,-2.678192138671875
30346,-0.0147705078125,0.9981536865234376,-0.0081024169921875,0.0183065682649612,0.0154945375397801,-0.0078872181475162,71.62924194335938,102.8653106689453,-2.678192138671875
30347,-0.01495361328125,0.9987335205078124,-0.005218505859375,0.0178306624293327,0.0174088180065155,-0.0092243906110525,71.64422607421875,102.9124450683594,-2.837692260742188
30348,-0.01385498046875,0.9991455078125,-0.00347900390625,0.0178306624293327,0.0174088180065155,-0.0092243906110525,71.623779296875,102.9158020019531,-2.88787841796875
30349,-0.0095672607421875,0.99822998046875,-0.001617431640625,0.0145539091899991,0.0220115594565868,-0.0092832464724779,71.74412536621094,102.9848022460938,-3.005950927734375
30350,-0.0095672607421875,0.99822998046875,-0.001617431640625,0.0145539091899991,0.0220115594565868,-0.0092832464724779,71.74412536621094,102.9848022460938,-3.005950927734375
30351,-0.006683349609375,0.9963836669921876,-0.00335693359375,0.0117168435826897,0.0209572128951549,-0.0091996239498257,71.72561645507812,102.9938354492188,-3.080963134765625
30352,-0.0058441162109375,0.99481201171875,-0.0064239501953125,0.0094624776393175,0.0108957905322313,-0.0083759082481265,71.69279479980469,102.8782806396484,-3.252731323242188
30353,-0.0066680908203125,0.9944305419921876,-0.0079345703125,0.0074123763479292,0.0096518285572528,-0.0057284594513475,71.6451416015625,102.8978424072266,-3.2413330078125
30354,-0.0100555419921875,0.9959716796875,-0.0104217529296875,0.0125213842839002,0.0071849422529339,-0.0066810720600187,71.60231018066406,102.8281860351562,-3.242172241210938
30355,-0.0100555419921875,0.9959716796875,-0.0104217529296875,0.0125213842839002,0.0071849422529339,-0.0066810720600187,71.60231018066406,102.8281860351562,-3.242172241210938
30356,-0.011444091796875,0.9967803955078124,-0.008270263671875,0.0130287166684866,0.0037776939570903,-0.0068941251374781,71.69186401367188,102.8877258300781,-3.283889770507812
30357,-0.0122833251953125,0.99603271484375,-0.004150390625,0.0096057560294866,-0.0013757890556007,-0.0069833411835134,71.73243713378906,102.9213256835938,-3.296310424804688
30358,-0.0122833251953125,0.99603271484375,-0.004150390625,0.0096057560294866,-0.0013757890556007,-0.0069833411835134,71.73243713378906,102.9213256835938,-3.296310424804688
30359,-0.0126495361328125,0.996612548828125,-0.00567626953125,0.0088904304429888,-0.0015792545164003,-0.0079607209190726,71.65426635742188,102.9543914794922,-3.272735595703125
30360,-0.0134735107421875,0.9973297119140624,-0.0069580078125,0.0070656328462064,-0.0038141792174428,-0.0064816013909876,71.62002563476562,103.0201110839844,-3.288604736328125
30361,-0.0139007568359375,0.997467041015625,-0.01007080078125,0.0106395948678255,-0.0034157703630626,-0.0077436733990907,71.69137573242188,103.1461334228516,-3.268585205078125
30362,-0.0113677978515625,0.9970550537109376,-0.0100555419921875,0.0127160614356398,-0.0016165387351065,-0.0092108091339468,71.7020263671875,103.0623779296875,-3.266067504882812
30363,-0.0114288330078125,0.9980621337890624,-0.0085906982421875,0.0114675713703036,-0.0003400856803636,-0.0091844433918595,71.68524169921875,102.9523620605469,-3.307754516601562
30364,-0.0120697021484375,0.99920654296875,-0.0079345703125,0.0117120500653982,0.0018919096328318,-0.0133339148014783,71.67140197753906,103.0003509521484,-3.257293701171875
30365,-0.0119781494140625,0.9976654052734376,-0.006988525390625,0.0122904879972338,-0.0006527407676912,-0.0110289491713047,71.67221069335938,102.9826202392578,-3.161117553710938
30366,-0.01080322265625,0.995849609375,-0.007110595703125,0.010284062474966,-0.0032756880391389,-0.0119570605456829,71.63327026367188,102.87353515625,-3.110214233398438
30367,-0.0101165771484375,0.9947357177734376,-0.0069732666015625,0.0116476016119122,-0.0028322718571871,-0.010938667692244,71.62197875976562,102.9783782958984,-3.207183837890625
30368,-0.010284423828125,0.994354248046875,-0.0075836181640625,0.0119623867794871,-0.00829095300287,-0.0111844772472977,71.68287658691406,102.9794311523438,-3.188018798828125
30369,-0.0100860595703125,0.9931488037109376,-0.0078125,0.0072509888559579,-0.0072600431740283,-0.0113224294036626,71.66580200195312,103.0034484863281,-3.257644653320312
30370,-0.0100860595703125,0.9931488037109376,-0.0078125,0.0072509888559579,-0.0072600431740283,-0.0113224294036626,71.66580200195312,103.0034484863281,-3.257644653320312
30371,-0.010589599609375,0.9940338134765624,-0.0102996826171875,0.0069266157224774,-0.0089905653148889,-0.0090688625350594,71.65690612792969,103.1600189208984,-3.321746826171875
30372,-0.0095672607421875,0.9945526123046876,-0.0093994140625,0.0063417856581509,-0.010554639622569,-0.0110153667628765,71.60978698730469,103.1229553222656,-3.235748291015625
30373,-0.008880615234375,0.996124267578125,-0.0088958740234375,0.0049894321709871,-0.0094318510964512,-0.0103812683373689,71.67147827148438,103.0888977050781,-3.223968505859375
30374,-0.0088958740234375,0.997894287109375,-0.00689697265625,0.0076978672295808,-0.0071002538315951,-0.0074699004180729,71.70066833496094,102.8708648681641,-3.019088745117188
30375,-0.008514404296875,0.998138427734375,-0.0051727294921875,0.0053606769070029,-0.0086832363158464,-0.0071042482741177,71.69059753417969,102.8822174072266,-3.167755126953125
30376,-0.0085296630859375,0.998260498046875,-0.0043487548828125,0.0034514567814767,-0.0032189628109335,-0.0095040230080485,71.56883239746094,102.8791198730469,-3.11419677734375
30377,-0.007568359375,0.9986724853515624,-0.00286865234375,0.0052765212021768,-0.0019576896447688,-0.0080507360398769,71.611328125,102.8949127197266,-3.00286865234375
30378,-0.008514404296875,0.9975128173828124,-0.0036468505859375,0.002493784064427,-0.0016405072528868,-0.0103194825351238,71.54536437988281,102.9277496337891,-3.031723022460938
30379,-0.0094146728515625,0.996551513671875,-0.0061492919921875,0.0014271880500018,-0.0098598208278417,-0.0108819426968693,71.56465148925781,103.0450286865234,-3.055633544921875
30380,-0.0101776123046875,0.99371337890625,-0.0069580078125,0.001513474388048,-0.0091317128390073,-0.0086270440369844,71.49427795410156,103.1261749267578,-3.052474975585938
30381,-0.0126953125,0.9928131103515624,-0.00970458984375,0.000116912771773,-0.0091508878394961,-0.0086531424894928,71.51187133789062,102.958984375,-2.900909423828125
30382,-0.0126953125,0.9928131103515624,-0.00970458984375,0.000116912771773,-0.0091508878394961,-0.0086531424894928,71.51187133789062,102.958984375,-2.900909423828125
30383,-0.01507568359375,0.9936065673828124,-0.0084991455078125,0.0008969526388682,-0.0075772260315716,-0.0071463263593614,71.56315612792969,102.9988403320312,-2.95452880859375
30384,-0.0151519775390625,0.9935302734375,-0.00811767578125,-0.0063540358096361,-0.0061654839664697,-0.0056520267389714,71.53913879394531,103.0057220458984,-3.01812744140625
30385,-0.0140533447265625,0.996246337890625,-0.0086517333984375,-0.0081324949860572,-0.0087143955752253,-0.0064563015475869,71.54464721679688,103.0056915283203,-2.98077392578125
30386,-0.0140533447265625,0.996246337890625,-0.0086517333984375,-0.0081324949860572,-0.0087143955752253,-0.0064563015475869,71.54464721679688,103.0056915283203,-2.98077392578125
30387,-0.0142364501953125,0.9938812255859376,-0.0096282958984375,-0.0082366243004798,-0.0023358585312962,-0.0080017335712909,71.56053161621094,102.9915161132812,-2.985733032226562
30388,-0.0135955810546875,0.9957122802734376,-0.009307861328125,-0.0089058773592114,-0.0058344532735645,-0.0075796227902174,71.54072570800781,103.0431976318359,-3.04473876953125
30389,-0.0110626220703125,0.9971771240234376,-0.0078582763671875,-0.0041966093704104,-0.0064946510829031,-0.0065050371922552,71.58918762207031,102.8986663818359,-3.018722534179688
30390,-0.0110626220703125,0.9971771240234376,-0.0078582763671875,-0.0041966093704104,-0.0064946510829031,-0.0065050371922552,71.58918762207031,102.8986663818359,-3.018722534179688
30391,-0.0106048583984375,0.9967041015625,-0.00634765625,-0.0010386328212916,-0.0050956923514604,-0.0060123526491224,71.58689880371094,102.9259948730469,-3.054718017578125
30392,-0.0112457275390625,1.000152587890625,-0.0063934326171875,-0.0006434197421185,-0.0057199373841285,-0.0082198465242981,71.54812622070312,102.9245758056641,-2.965133666992188
30393,-0.0123138427734375,1.00054931640625,-0.00640869140625,-0.0054243262857198,-0.0041018007323145,-0.0077873491682112,71.52911376953125,103.0545196533203,-2.972396850585938
30394,-0.012908935546875,0.9991607666015624,-0.006561279296875,-0.0042139198631048,-0.0017542241839692,-0.0064645572565495,71.57302856445312,102.938232421875,-2.922683715820312
30395,-0.0134735107421875,0.9969940185546876,-0.0072784423828125,-0.0025710156187415,0.0001962749665835,-0.0095836510881781,71.54660034179688,102.9959106445312,-2.928619384765625
30396,-0.0140380859375,1.000686645507812,-0.0067291259765625,-0.0010117349447682,0.0049241846427321,-0.0085476813837885,71.50726318359375,103.0538635253906,-2.9642333984375
30397,-0.013671875,1.001113891601562,-0.0081939697265625,0.0015020228456705,0.0026740799658,-0.0112585136666894,71.47274780273438,103.0794830322266,-3.031631469726562
30398,-0.0149688720703125,0.9988555908203124,-0.0065155029296875,0.0054474961943924,0.0077442061156034,-0.0113975303247571,71.52241516113281,103.0252685546875,-3.053314208984375
30399,-0.01373291015625,0.9961090087890624,-0.0049896240234375,0.0054224622435867,0.0076355491764843,-0.0115567874163389,71.53907775878906,103.0683441162109,-2.961288452148438
30400,-0.01287841796875,0.9923553466796876,-0.00439453125,0.007007042877376,0.008756473660469,-0.013120861724019,71.51260375976562,102.9498901367188,-2.865081787109375
30401,-0.01422119140625,0.9903717041015624,-0.007781982421875,0.0046711843460798,0.0058805258013308,-0.0116923423483967,71.55386352539062,102.9077453613281,-2.8763427734375
30402,-0.01422119140625,0.9903717041015624,-0.007781982421875,0.0046711843460798,0.0058805258013308,-0.0116923423483967,71.55386352539062,102.9077453613281,-2.8763427734375
30403,-0.0150604248046875,0.993743896484375,-0.0104217529296875,0.0040421457961201,0.002771551720798,-0.0112052503973245,71.57919311523438,102.7984924316406,-2.965087890625
30404,-0.015167236328125,0.9951934814453124,-0.0096282958984375,0.0062051652930676,0.0046402919106185,-0.0109442602843046,71.51893615722656,102.8305511474609,-2.852081298828125
30405,-0.0147247314453125,0.9965667724609376,-0.0106048583984375,0.0102457134053111,0.0032924660481512,-0.0128220552578568,71.53044128417969,102.8601379394531,-2.709625244140625
30406,-0.0134735107421875,0.9970703125,-0.0060272216796875,0.0043649207800626,0.0038890140131115,-0.011903797276318,71.58775329589844,102.896728515625,-2.843856811523438
30407,-0.0134735107421875,0.9970703125,-0.0060272216796875,0.0043649207800626,0.0038890140131115,-0.011903797276318,71.58775329589844,102.896728515625,-2.843856811523438
30408,-0.0126190185546875,0.9967193603515624,-0.006072998046875,0.0039470707997679,0.0033132387325167,-0.0106931244954466,71.55342102050781,102.9211883544922,-2.9266357421875
30409,-0.0118865966796875,0.9966583251953124,-0.006256103515625,0.0039470707997679,0.0033132387325167,-0.0106931244954466,71.55047607421875,102.9462890625,-2.967987060546875
30410,-0.0118255615234375,0.9976806640625,-0.0070648193359375,0.0053380401805043,0.0063015716150403,-0.0091471597552299,71.55975341796875,102.9892883300781,-2.9385986328125
30411,-0.01153564453125,0.997283935546875,-0.00494384765625,0.0066621638834476,0.0009677927591837,-0.0092504899948835,71.55593872070312,103.0298004150391,-3.06353759765625
30412,-0.0111236572265625,0.994781494140625,-0.0031585693359375,0.0073844129219651,0.0043691820465028,-0.0119472071528434,71.55477905273438,103.1445465087891,-3.111785888671875
30413,-0.0121002197265625,0.9967498779296876,-0.001953125,0.0058925100602209,-0.001661279820837,-0.0071878717280924,71.50494384765625,103.041015625,-2.913726806640625
30414,-0.0121002197265625,0.9967498779296876,-0.001953125,0.0058925100602209,-0.001661279820837,-0.0071878717280924,71.50494384765625,103.041015625,-2.913726806640625
30415,-0.0128021240234375,0.9936676025390624,-0.0028533935546875,0.0050006173551082,-0.0039966059848666,-0.0079793632030487,71.50846862792969,103.0736541748047,-2.923919677734375
30416,-0.014068603515625,0.9924163818359376,-0.0047149658203125,0.0047960868105292,-0.0013819142477586,-0.0088936267420649,71.47854614257812,103.0608062744141,-2.905181884765625
30417,-0.0142669677734375,0.99212646484375,-0.003082275390625,0.0049577406607568,-0.003157443832606,-0.0110356071963906,71.495849609375,103.1016693115234,-2.905288696289062
30418,-0.0139007568359375,0.993988037109375,-0.006011962890625,0.003581419121474,-0.0039702407084405,-0.0043316315859556,71.54212951660156,103.14208984375,-3.060409545898438
30419,-0.0139007568359375,0.993988037109375,-0.006011962890625,0.003581419121474,-0.0039702407084405,-0.0043316315859556,71.54212951660156,103.14208984375,-3.060409545898438
30420,-0.0145721435546875,0.9949951171875,-0.0052032470703125,0.0054006241261959,-0.0020240023732185,-0.007055246271193,71.51359558105469,103.1092071533203,-3.001129150390625
30421,-0.0135345458984375,0.9946746826171876,-0.0041961669921875,0.0045654568821191,0.0004178499802947,-0.0086163915693759,71.50259399414062,103.0934753417969,-2.925796508789062
30422,-0.014007568359375,0.9949188232421876,-0.005218505859375,0.0044679851271212,-0.0034466630313545,-0.0091570131480693,71.47488403320312,103.2449798583984,-3.089004516601562
30423,-0.014007568359375,0.9949188232421876,-0.005218505859375,0.0044679851271212,-0.0034466630313545,-0.0091570131480693,71.47488403320312,103.2449798583984,-3.089004516601562
30424,-0.014312744140625,0.9955596923828124,-0.0071868896484375,0.0055689360015094,-0.0041649173945188,-0.008397745899856,71.44525146484375,103.2197265625,-3.053421020507812
30425,-0.016632080078125,0.99591064453125,-0.00732421875,0.0066610984504222,-0.0121453460305929,-0.0075817531906068,71.52888488769531,103.1710815429688,-2.860794067382812
30426,-0.016632080078125,0.99591064453125,-0.00732421875,0.0066610984504222,-0.0121453460305929,-0.0075817531906068,71.52888488769531,103.1710815429688,-2.860794067382812
30427,-0.0177154541015625,0.9953765869140624,-0.0038299560546875,0.007562312297523,-0.0050426954403519,-0.0091090761125087,71.57078552246094,103.0352478027344,-2.967529296875
30428,-0.0167999267578125,0.9960784912109376,-0.0071563720703125,0.0057793259620666,-0.0109280152246356,-0.0070307450369,71.51669311523438,103.0530700683594,-2.985198974609375
30429,-0.0147705078125,0.9954071044921876,-0.0088958740234375,0.0067684240639209,-0.0058461711741983,-0.0068757492117583,71.51434326171875,103.1128387451172,-2.856735229492188
30430,-0.0147705078125,0.9954071044921876,-0.0088958740234375,0.0067684240639209,-0.0058461711741983,-0.0068757492117583,71.51434326171875,103.1128387451172,-2.856735229492188
30431,-0.015594482421875,0.996307373046875,-0.00848388671875,0.008929313160479,-0.0121466778218746,-0.0066749467514455,71.59548950195312,103.0727691650391,-2.930160522460938
30432,-0.0156402587890625,0.9972076416015624,-0.0063323974609375,0.0056315204128623,-0.0041555967181921,-0.0080371536314487,71.66500854492188,103.0852813720703,-2.97406005859375
30433,-0.0163421630859375,0.9942626953125,-0.0068359375,0.0067396615631878,-0.0057055563665926,-0.0077886809594929,71.68344116210938,103.0744781494141,-2.870285034179688
30434,-0.0169219970703125,0.9959259033203124,-0.00714111328125,0.0066776098683476,-0.0011488876771181,-0.0061412495560944,71.63932800292969,102.9866180419922,-2.8843994140625
30435,-0.0169219970703125,0.9959259033203124,-0.00714111328125,0.0066776098683476,-0.0011488876771181,-0.0061412495560944,71.63932800292969,102.9866180419922,-2.8843994140625
30436,-0.0164337158203125,0.996307373046875,-0.006317138671875,0.0099399825558066,0.0017427726415917,-0.0061423145234584,71.60923767089844,102.9805145263672,-2.91650390625
30437,-0.0144500732421875,0.9957275390625,-0.00897216796875,0.0116942068561911,0.0003049319493584,-0.0104228137060999,71.64604187011719,102.8629150390625,-2.81060791015625
30438,-0.0144500732421875,0.9957275390625,-0.00897216796875,0.0116942068561911,0.0003049319493584,-0.0104228137060999,71.64604187011719,102.8629150390625,-2.81060791015625
30439,-0.0120391845703125,0.99664306640625,-0.009429931640625,0.0116942068561911,0.0003049319493584,-0.0104228137060999,71.54115295410156,102.9864501953125,-2.761474609375
30440,-0.0124359130859375,0.9968109130859376,-0.010528564453125,0.0128952926024794,-0.0100869890302419,-0.0068011805415153,71.52882385253906,103.0279693603516,-2.93402099609375
30441,-0.012115478515625,0.9971466064453124,-0.008575439453125,0.0131533527746796,-0.0143773416057229,-0.0080573940649628,71.495361328125,103.0862579345703,-2.901214599609375
30442,-0.012115478515625,0.9971466064453124,-0.008575439453125,0.0131533527746796,-0.0143773416057229,-0.0080573940649628,71.495361328125,103.0862579345703,-2.901214599609375
30443,-0.013336181640625,0.996246337890625,-0.007049560546875,0.0131533527746796,-0.0143773416057229,-0.0080573940649628,71.5023193359375,103.0893859863281,-2.77203369140625
30444,-0.0135040283203125,0.9969329833984376,-0.0064697265625,0.0118531975895166,-0.0156303588300943,-0.0073583140037953,71.45518493652344,103.1389923095703,-2.632476806640625
30445,-0.01422119140625,0.9981842041015624,-0.0050811767578125,0.0062017031013965,-0.0114862136542797,-0.0090717915445566,71.51560974121094,103.0534210205078,-2.385482788085938
30446,-0.01422119140625,0.9981842041015624,-0.0050811767578125,0.0062017031013965,-0.0114862136542797,-0.0090717915445566,71.51560974121094,103.0534210205078,-2.385482788085938
30447,-0.0135498046875,0.9967803955078124,-0.00640869140625,0.0062017031013965,-0.0114862136542797,-0.0090717915445566,71.52879333496094,103.0188751220703,-2.44464111328125
30448,-0.0162200927734375,0.9928741455078124,-0.0083770751953125,0.0063553676009178,-0.0105762118473649,-0.0086467517539858,71.52755737304688,103.1950531005859,-2.662124633789062
30449,-0.0162200927734375,0.9928741455078124,-0.0083770751953125,0.0063553676009178,-0.0105762118473649,-0.0086467517539858,71.52755737304688,103.1950531005859,-2.662124633789062
30450,-0.0166778564453125,0.9981689453125,-0.0110015869140625,0.0063068978488445,-0.014912636950612,-0.0062294001691043,71.47634887695312,103.1079711914062,-2.719497680664062
30451,-0.0166778564453125,0.9981689453125,-0.0110015869140625,0.0063068978488445,-0.014912636950612,-0.0062294001691043,71.47634887695312,103.1079711914062,-2.719497680664062
30452,-0.01715087890625,0.9979705810546876,-0.008819580078125,0.0083577986806631,-0.0187007170170545,-0.0048770466819405,71.41719055175781,103.3008270263672,-2.72906494140625
30453,-0.0163421630859375,0.9952545166015624,-0.008056640625,0.0030112362001091,-0.017856229096651,-0.0066062374971807,71.49241638183594,103.2914276123047,-2.926895141601562
30454,-0.013916015625,0.993316650390625,-0.0079193115234375,-0.0008005462004803,-0.0195300262421369,-0.0040272320620715,71.50344848632812,103.2368774414062,-2.95159912109375
30455,-0.013916015625,0.993316650390625,-0.0079193115234375,-0.0008005462004803,-0.0195300262421369,-0.0040272320620715,71.50344848632812,103.2368774414062,-2.95159912109375
30456,-0.013153076171875,0.9921875,-0.008209228515625,-0.0008005462004803,-0.0195300262421369,-0.0040272320620715,71.52603149414062,103.2955169677734,-2.887054443359375
30457,-0.0182647705078125,0.9965972900390624,-0.006072998046875,0.0045172539539635,-0.0065633603371679,-0.0002918824611697,71.46258544921875,103.279296875,-2.84814453125
30458,-0.0182647705078125,0.9965972900390624,-0.006072998046875,0.0045172539539635,-0.0065633603371679,-0.0002918824611697,71.46258544921875,103.279296875,-2.84814453125
30459,-0.0210723876953125,0.9993438720703124,-0.0084228515625,0.006237655878067,-0.0008708536624908,-0.0032032502349466,71.5333251953125,103.2765197753906,-3.032470703125
30460,-0.023651123046875,1.001296997070312,-0.0069122314453125,0.0084344977512955,0.002951315138489,-0.0026359967887401,71.44505310058594,103.2646331787109,-3.026260375976562
30461,-0.0226287841796875,0.99676513671875,-0.0042572021484375,0.0102867260575294,0.0093114767223596,-0.0038634478114545,71.41752624511719,103.3005065917969,-2.920120239257812
30462,-0.02020263671875,0.99322509765625,-0.0008697509765625,0.0102867260575294,0.0093114767223596,-0.0038634478114545,71.48385620117188,103.2237396240234,-3.059066772460938
30463,-0.02020263671875,0.99322509765625,-0.0008697509765625,0.0102867260575294,0.0093114767223596,-0.0038634478114545,71.48385620117188,103.2237396240234,-3.059066772460938
30464,-0.0175018310546875,0.992767333984375,-0.001800537109375,0.0083335638046264,0.0098672779276967,-0.0028573055751621,71.53692626953125,103.1840057373047,-2.909027099609375
30465,-0.01483154296875,0.9924163818359376,-0.0039825439453125,0.0078800274059176,0.0041822283528745,-0.0035374767612665,71.4822998046875,103.1941375732422,-2.7911376953125
30466,-0.0142974853515625,0.9947967529296876,-0.0082550048828125,0.010291519574821,0.0044682514853775,-0.0040514669381082,71.51530456542969,103.0802764892578,-2.838699340820312
30467,-0.0139007568359375,0.9942474365234376,-0.0096588134765625,0.010291519574821,0.0044682514853775,-0.0040514669381082,71.54786682128906,103.2251739501953,-2.856735229492188
30468,-0.0140228271484375,0.99310302734375,-0.0084686279296875,0.0148015832528471,0.0049124667420983,-0.0073615098372101,71.56147766113281,103.2959442138672,-2.840866088867188
30469,-0.013824462890625,0.996826171875,-0.004302978515625,0.0061899852007627,-0.0029406624380499,-0.0042637209407985,71.59623718261719,103.0923156738281,-2.60565185546875
30470,-0.013824462890625,0.996826171875,-0.004302978515625,0.0061899852007627,-0.0029406624380499,-0.0042637209407985,71.59623718261719,103.0923156738281,-2.60565185546875
30471,-0.0138397216796875,1.001983642578125,-0.0048980712890625,0.0055715991184115,-0.0029728866647928,-0.0036647759843617,71.57539367675781,103.0705413818359,-2.675262451171875
30472,-0.015228271484375,1.003494262695312,-0.0054779052734375,0.0055715991184115,-0.0029728866647928,-0.0036647759843617,71.50527954101562,103.2218475341797,-2.871444702148438
30473,-0.016387939453125,1.002349853515625,-0.0051727294921875,0.0108313420787453,0.0037177728954702,-0.0050110039301216,71.53602600097656,103.1343383789062,-2.8984375
30474,-0.0168304443359375,1.002639770507812,-0.0025482177734375,0.0108313420787453,0.0037177728954702,-0.0050110039301216,71.49774169921875,103.2363891601562,-2.951370239257812
30475,-0.0168304443359375,1.002639770507812,-0.0025482177734375,0.0108313420787453,0.0037177728954702,-0.0050110039301216,71.49774169921875,103.2363891601562,-2.951370239257812
30476,-0.0173187255859375,1.002853393554688,-0.003387451171875,0.0096595510840415,-0.0013289173366501,-0.004105529282242,71.44853210449219,103.1917572021484,-2.804000854492188
30477,-0.0169677734375,0.99688720703125,-0.005767822265625,0.0124028734862804,-0.0001781654718797,-0.0044224453158676,71.45011901855469,103.2156677246094,-2.742965698242188
30478,-0.017913818359375,0.9943695068359376,-0.005462646484375,0.0124028734862804,-0.0001781654718797,-0.0044224453158676,71.49903869628906,103.11328125,-2.819137573242188
30479,-0.017913818359375,0.9943695068359376,-0.005462646484375,0.0124028734862804,-0.0001781654718797,-0.0044224453158676,71.49903869628906,103.11328125,-2.819137573242188
30480,-0.01910400390625,0.9938507080078124,-0.0052032470703125,0.0107373325154185,0.0049771815538406,-0.0031015174463391,71.4996337890625,103.00732421875,-2.740234375
30481,-0.020965576171875,0.9956512451171876,-0.0047760009765625,0.0115232318639755,0.0090318443253636,-0.0065045044757425,71.51443481445312,103.0177917480469,-2.832473754882812
30482,-0.02227783203125,0.9960784912109376,-0.0044708251953125,0.0108305430039763,0.0103959152474999,-0.0038714371621608,71.51460266113281,102.9974975585938,-2.790817260742188
30483,-0.02227783203125,0.9960784912109376,-0.0044708251953125,0.0108305430039763,0.0103959152474999,-0.0038714371621608,71.51460266113281,102.9974975585938,-2.790817260742188
30484,-0.0230560302734375,0.997406005859375,-0.0040740966796875,0.0097104180604219,0.0125522771850228,-0.0066677564755082,71.54902648925781,102.9994354248047,-2.592575073242188
30485,-0.020416259765625,0.99652099609375,-0.00225830078125,0.0073356772772967,0.0171398390084505,-0.0045974147506058,71.49702453613281,103.1088714599609,-2.705856323242188
30486,-0.020416259765625,0.99652099609375,-0.00225830078125,0.0073356772772967,0.0171398390084505,-0.0045974147506058,71.49702453613281,103.1088714599609,-2.705856323242188
30487,-0.0168609619140625,0.9971160888671876,-0.0047607421875,0.007899735122919,0.015681492164731,-0.005372661165893,71.49198913574219,103.0633392333984,-2.652053833007812
30488,-0.013671875,0.9971923828125,-0.0052337646484375,0.0073391394689679,0.0137698743492364,-0.0063471118919551,71.50946044921875,102.9650421142578,-2.67352294921875
30489,-0.0102691650390625,0.9946441650390624,-0.0048828125,0.0098470384255051,0.0125536089763045,-0.0032099080272018,71.489990234375,103.0372009277344,-2.659805297851562
30490,-0.0102691650390625,0.9946441650390624,-0.0048828125,0.0098470384255051,0.0125536089763045,-0.0032099080272018,71.489990234375,103.0372009277344,-2.659805297851562
30491,-0.01080322265625,0.993682861328125,-0.00482177734375,0.0070581757463514,0.0138753354549408,-0.0026607641484588,71.45823669433594,103.0314483642578,-2.67169189453125
30492,-0.0116119384765625,0.993072509765625,-0.0040283203125,0.0097591541707515,0.0104260090738534,-0.0030101709999144,71.47189331054688,103.1472473144531,-2.743362426757812
30493,-0.0147705078125,0.9954681396484376,-0.003570556640625,0.0028248149901628,0.0108254831284284,-0.002462092321366,71.48359680175781,103.1187744140625,-2.698532104492188
30494,-0.0158538818359375,0.9978179931640624,-0.0043792724609375,0.0042320294305682,0.0132827823981642,-0.0025047028902918,71.46104431152344,103.1704864501953,-2.741836547851562
30495,-0.0158538818359375,0.9978179931640624,-0.0043792724609375,0.0042320294305682,0.0132827823981642,-0.0025047028902918,71.46104431152344,103.1704864501953,-2.741836547851562
30496,-0.017333984375,0.9974212646484376,-0.0044708251953125,0.0042320294305682,0.0132827823981642,-0.0025047028902918,71.49629211425781,103.1179809570312,-2.7294921875
30497,-0.0157318115234375,0.998199462890625,-0.0049896240234375,0.0075372783467173,0.0160801671445369,-0.0037483992055058,71.50088500976562,103.1902923583984,-2.79205322265625
30498,-0.01568603515625,0.9986724853515624,-0.0038604736328125,0.0075372783467173,0.0160801671445369,-0.0037483992055058,71.45065307617188,103.2810363769531,-2.766998291015625
30499,-0.01568603515625,0.9986724853515624,-0.0038604736328125,0.0075372783467173,0.0160801671445369,-0.0037483992055058,71.45065307617188,103.2810363769531,-2.766998291015625
30500,-0.0154266357421875,0.9992523193359376,-0.0033721923828125,0.0055966330692172,0.0164586026221513,-0.003549727378413,71.44377136230469,103.1668090820312,-2.612747192382812
30501,-0.0153656005859375,0.999755859375,-0.0054168701171875,0.0077021280303597,0.012583702802658,-0.0039270971901714,71.52406311035156,102.9838562011719,-2.337249755859375
30502,-0.0157012939453125,0.9981689453125,-0.006591796875,0.0077021280303597,0.012583702802658,-0.0039270971901714,71.61576843261719,103.1177673339844,-2.414566040039062
30503,-0.0157012939453125,0.9981689453125,-0.006591796875,0.0077021280303597,0.012583702802658,-0.0039270971901714,71.61576843261719,103.1177673339844,-2.414566040039062
30504,-0.01605224609375,0.9963836669921876,-0.005828857421875,0.0094350473955273,0.0156090529635548,-0.0027004452422261,71.52035522460938,103.1535186767578,-2.481597900390625
30505,-0.0162506103515625,0.992401123046875,-0.0045623779296875,0.008249407634139,0.0201380252838134,-0.0064083645120263,71.63587951660156,103.2271423339844,-2.420013427734375
30506,-0.0162506103515625,0.992401123046875,-0.0045623779296875,0.008249407634139,0.0201380252838134,-0.0064083645120263,71.63587951660156,103.2271423339844,-2.420013427734375
30507,-0.0160064697265625,0.9940948486328124,-0.0051116943359375,0.0062629557214677,0.0162434186786413,-0.0014122743159532,71.73420715332031,103.2457885742188,-2.47314453125
30508,-0.015472412109375,0.9946746826171876,-0.0049285888671875,0.0078936098143458,0.014225541613996,-0.003180346917361,71.65086364746094,103.1513519287109,-2.441970825195312
30509,-0.013336181640625,0.99566650390625,-0.0051422119140625,0.0059894490987062,0.0133813191205263,-0.0039500002749264,71.65408325195312,103.1546173095703,-2.337295532226562
30510,-0.013336181640625,0.99566650390625,-0.0051422119140625,0.0059894490987062,0.0133813191205263,-0.0039500002749264,71.65408325195312,103.1546173095703,-2.337295532226562
30511,-0.0112762451171875,0.9965972900390624,-0.0053253173828125,0.0066629624925553,0.0012471582740545,-0.0044980789534747,71.62103271484375,103.1371459960938,-2.365264892578125
30512,-0.0094146728515625,0.9969024658203124,-0.005615234375,0.0066629624925553,0.0012471582740545,-0.0044980789534747,71.65779113769531,103.0919952392578,-2.408676147460938
30513,-0.0074920654296875,0.99822998046875,-0.005767822265625,0.0054192664101719,-0.0024583640042692,-0.001866076956503,71.66349792480469,103.0740814208984,-2.4803466796875
30514,-0.0074920654296875,0.99822998046875,-0.005767822265625,0.0054192664101719,-0.0024583640042692,-0.001866076956503,71.66349792480469,103.0740814208984,-2.4803466796875
30515,-0.0085601806640625,0.998260498046875,-0.0059356689453125,0.0043068639934062,-0.0072648371569812,-0.0023787354584783,71.661376953125,103.0978088378906,-2.399444580078125
30516,-0.009552001953125,0.9956512451171876,-0.00506591796875,0.0043068639934062,-0.0072648371569812,-0.0023787354584783,71.69972229003906,103.1101989746094,-2.4208984375
30517,-0.0144805908203125,0.99542236328125,-0.0032501220703125,0.0056837182492017,0.0002689792599994,-0.0018879148410633,71.68695068359375,102.9078826904297,-2.32635498046875
30518,-0.0144805908203125,0.99542236328125,-0.0032501220703125,0.0056837182492017,0.0002689792599994,-0.0018879148410633,71.68695068359375,102.9078826904297,-2.32635498046875
30519,-0.015960693359375,0.9969329833984376,-0.00408935546875,0.006868558935821,-9.747169679030776e-05,-0.0031177627388387,71.70811462402344,102.9360504150391,-2.416351318359375
30520,-0.01666259765625,1.000442504882812,-0.0038909912109375,0.006868558935821,-9.747169679030776e-05,-0.0031177627388387,71.58992004394531,102.9220733642578,-2.414321899414062
30521,-0.016204833984375,0.99652099609375,-0.0022735595703125,0.0051569449715316,0.0014753912109881,-0.0048184571787714,71.62908935546875,103.1149597167969,-2.414520263671875
30522,-0.01470947265625,0.9948883056640624,-0.0032501220703125,0.0058062239550054,0.000843156769406,-0.0027425233274698,71.58682250976562,103.1465911865234,-2.494583129882812
30523,-0.01470947265625,0.9948883056640624,-0.0032501220703125,0.0058062239550054,0.000843156769406,-0.0027425233274698,71.58682250976562,103.1465911865234,-2.494583129882812
30524,-0.0133056640625,0.9935150146484376,-0.0034637451171875,0.0058062239550054,0.000843156769406,-0.0027425233274698,71.6602783203125,103.2383422851562,-2.685195922851562
30525,-0.0116729736328125,0.9925689697265624,-0.0051116943359375,0.0026969832833856,-0.0047617321833968,0.003344930242747,71.60931396484375,103.1357879638672,-2.442520141601562
30526,-0.0116729736328125,0.9925689697265624,-0.0051116943359375,0.0026969832833856,-0.0047617321833968,0.003344930242747,71.60931396484375,103.1357879638672,-2.442520141601562
30527,-0.0111846923828125,0.9931640625,-0.004364013671875,0.0026969832833856,-0.0047617321833968,0.003344930242747,71.56912231445312,103.1180114746094,-2.549468994140625
30528,-0.0118408203125,0.9955291748046876,-0.00677490234375,0.0030312100425362,-0.0041332258842885,0.0028176244813948,71.56521606445312,103.0793762207031,-2.559188842773438
30529,-0.014739990234375,0.9966888427734376,-0.007415771484375,0.0013824469642713,-0.0045683863572776,0.002053297124803,71.66935729980469,103.0837707519531,-2.516326904296875
30530,-0.014739990234375,0.9966888427734376,-0.007415771484375,0.0013824469642713,-0.0045683863572776,0.002053297124803,71.66935729980469,103.0837707519531,-2.516326904296875
30531,-0.0145111083984375,0.997589111328125,-0.005615234375,0.0030778152868151,-0.0003763046697713,0.001064199139364,71.62060546875,103.1160583496094,-2.595748901367188
30532,-0.0137939453125,0.995941162109375,-0.0030517578125,0.0048235175199806,-0.0013134710025042,0.0014261227333918,71.57853698730469,103.1104583740234,-2.726470947265625
30533,-0.01409912109375,0.99627685546875,-0.00213623046875,0.0056536244228482,0.0007273092633113,0.0035766253713518,71.74632263183594,103.0069732666016,-2.618087768554688
30534,-0.01409912109375,0.99627685546875,-0.00213623046875,0.0056536244228482,0.0007273092633113,0.0035766253713518,71.74632263183594,103.0069732666016,-2.618087768554688
30535,-0.01470947265625,0.996978759765625,-0.0032501220703125,0.0034152376465499,0.0025142903905361,0.0038940741214901,71.72993469238281,102.9996185302734,-2.62408447265625
30536,-0.0144195556640625,0.99798583984375,-0.002716064453125,0.0033380060922354,-0.0036120454315096,0.0021728731226176,71.65199279785156,102.9738006591797,-2.615875244140625
30537,-0.0131378173828125,1.000076293945312,0.0007476806640625,0.0027363980188965,-0.0017627463676035,0.0027124295011162,71.667236328125,103.0502471923828,-2.552536010742188
30538,-0.0131378173828125,1.000076293945312,0.0007476806640625,0.0027363980188965,-0.0017627463676035,0.0027124295011162,71.667236328125,103.0502471923828,-2.552536010742188
30539,-0.014862060546875,1.001617431640625,-0.0014190673828125,-0.002264752285555,-0.0004881574132014,0.0026173547375947,71.57823181152344,103.2718505859375,-2.529647827148438
30540,-0.01702880859375,1.003036499023438,-0.0054931640625,-0.0023206786718219,0.0020122844725847,0.0046919570304453,71.62344360351562,103.1880950927734,-2.545394897460938
30541,-0.01885986328125,1.000503540039062,-0.013671875,0.0010543455136939,3.488740912871435e-05,0.0002455434587318,71.74241638183594,103.0553741455078,-2.372238159179688
30542,-0.01885986328125,1.000503540039062,-0.013671875,0.0010543455136939,3.488740912871435e-05,0.0002455434587318,71.74241638183594,103.0553741455078,-2.372238159179688
30543,-0.0185394287109375,0.9955291748046876,-0.01177978515625,0.0042890207841992,-0.0022264027502387,-0.0017020262312144,71.69920349121094,103.0375823974609,-2.366317749023438
30544,-0.017242431640625,0.9959564208984376,-0.0067138671875,0.0035393410362303,0.0002367550187045,0.000278832972981,71.70114135742188,103.0581512451172,-2.366287231445312
30545,-0.01568603515625,0.998992919921875,-0.0028228759765625,-0.0021150824613869,-0.0035188347101211,-0.0031784826423972,71.75709533691406,102.9511566162109,-2.140838623046875
30546,-0.01568603515625,0.998992919921875,-0.0028228759765625,-0.0021150824613869,-0.0035188347101211,-0.0031784826423972,71.75709533691406,102.9511566162109,-2.140838623046875
30547,-0.01556396484375,0.999237060546875,-0.0022735595703125,-0.0019885823130607,-0.0027768779546022,-0.0039366846904158,71.76361083984375,103.0067596435547,-2.373428344726562
30548,-0.015350341796875,0.999298095703125,-0.00244140625,-0.0019885823130607,-0.0027768779546022,-0.0039366846904158,71.71437072753906,103.0564727783203,-2.474945068359375
30549,-0.0161590576171875,0.9962310791015624,-0.0005035400390625,0.0042227082885801,0.0111328121274709,-0.0067468523047864,71.63630676269531,103.0985565185547,-2.496200561523438
30550,-0.0161590576171875,0.9962310791015624,-0.0005035400390625,0.0042227082885801,0.0111328121274709,-0.0067468523047864,71.63630676269531,103.0985565185547,-2.496200561523438
30551,-0.0161590576171875,0.9962310791015624,-0.0005035400390625,0.0042227082885801,0.0111328121274709,-0.0067468523047864,71.63630676269531,103.0985565185547,-2.496200561523438
30552,-0.014312744140625,0.9958343505859376,0.0003662109375,0.0042432146146893,0.0088355690240859,-0.0081404848024249,71.64895629882812,103.2541809082031,-2.493255615234375
30553,-0.011810302734375,0.9961090087890624,-0.0002899169921875,0.001006941194646,0.0007771103992126,-0.0066528427414596,71.55697631835938,103.1908874511719,-2.523971557617188
30554,-0.011810302734375,0.9961090087890624,-0.0002899169921875,0.001006941194646,0.0007771103992126,-0.0066528427414596,71.55697631835938,103.1908874511719,-2.523971557617188
30555,-0.01324462890625,0.9962615966796876,-0.00054931640625,0.0015478292480111,0.0020615530665963,-0.0045074000954627,71.62754821777344,103.1207275390625,-2.54034423828125
30556,-0.0139923095703125,0.998077392578125,-0.002105712890625,-0.0015020228456705,-0.0015528892399743,-0.0032213595695793,71.67112731933594,103.1345825195312,-2.427947998046875
30557,-0.0174713134765625,1.000045776367188,-0.00543212890625,0.0053420346230268,0.0015920377336442,-0.0060637514106929,71.63963317871094,103.2621459960938,-2.50244140625
30558,-0.0165252685546875,1.000106811523438,-0.0050506591796875,0.0045739789493381,0.0042101913131773,-0.0094552868977189,71.62928771972656,103.2953491210938,-2.501571655273438
30559,-0.0165252685546875,1.000106811523438,-0.0050506591796875,0.0045739789493381,0.0042101913131773,-0.0094552868977189,71.62928771972656,103.2953491210938,-2.501571655273438
30560,-0.0167083740234375,0.999420166015625,-0.00390625,0.010980213060975,0.0074768248014152,-0.0116886142641305,71.61872863769531,103.3167877197266,-2.510635375976562
30561,-0.0147857666015625,0.9919281005859376,0.0004425048828125,0.013209811411798,0.0144074354320764,-0.010880877263844,71.58818054199219,103.1982116699219,-2.4547119140625
30562,-0.0147857666015625,0.9919281005859376,0.0004425048828125,0.013209811411798,0.0144074354320764,-0.010880877263844,71.58818054199219,103.1982116699219,-2.4547119140625
30563,-0.0147857666015625,0.9919281005859376,0.0004425048828125,0.013209811411798,0.0144074354320764,-0.010880877263844,71.58818054199219,103.1982116699219,-2.4547119140625
30564,-0.015167236328125,0.9908599853515624,0.0031890869140625,0.0087948227301239,0.0133690685033798,-0.0099993711337447,71.53433227539062,103.0753173828125,-2.376708984375
30565,-0.01544189453125,0.9950714111328124,-0.0008697509765625,0.0011646003695204,0.0109181618317961,-0.0118422787636518,71.68438720703125,103.1797943115234,-2.239654541015625
30566,-0.01544189453125,0.9950714111328124,-0.0008697509765625,0.0011646003695204,0.0109181618317961,-0.0118422787636518,71.68438720703125,103.1797943115234,-2.239654541015625
30567,-0.0150909423828125,0.9988555908203124,-0.003570556640625,0.0011646003695204,0.0109181618317961,-0.0118422787636518,71.63865661621094,103.2649688720703,-2.352386474609375
30568,-0.01397705078125,1.001632690429688,-0.005706787109375,0.0045593315735459,0.0106180235743522,-0.0141618913039565,71.66889953613281,103.2059631347656,-2.560760498046875
30569,-0.0125732421875,0.9995880126953124,0.000701904296875,0.008258462883532,0.0172058846801519,-0.0145754804834723,71.6058349609375,103.2822418212891,-2.574539184570312
30570,-0.01068115234375,0.99737548828125,0.0024261474609375,0.0103652896359562,0.0193052552640438,-0.015787485986948,71.60252380371094,103.32080078125,-2.496551513671875
30571,-0.01068115234375,0.99737548828125,0.0024261474609375,0.0103652896359562,0.0193052552640438,-0.015787485986948,71.60252380371094,103.32080078125,-2.496551513671875
30572,-0.008941650390625,0.994354248046875,0.0028228759765625,0.0069758840836584,0.0100995060056448,-0.0158186443150043,71.60267639160156,103.2993927001953,-2.34613037109375
30573,-0.010650634765625,0.996307373046875,0.00079345703125,-5.645901546813548e-05,0.0100156161934137,-0.0157209057360887,71.52362060546875,103.1451263427734,-2.34027099609375
30574,-0.010650634765625,0.996307373046875,0.00079345703125,-5.645901546813548e-05,0.0100156161934137,-0.0157209057360887,71.52362060546875,103.1451263427734,-2.34027099609375
30575,-0.012054443359375,0.9967041015625,-0.0003509521484375,-0.0012700614752247,0.0090401004999876,-0.0139626869931817,71.49424743652344,103.1602172851562,-2.459548950195312
30576,-0.0148468017578125,0.9964599609375,0.000732421875,0.0019773971289396,0.0139275332912802,-0.0152926696464419,71.53765869140625,103.2205963134766,-2.360931396484375
30577,-0.016143798828125,0.9968414306640624,0.0008697509765625,0.0075535238720476,0.0212925057858228,-0.0159440785646438,71.48660278320312,103.2670440673828,-2.304534912109375
30578,-0.016143798828125,0.9968414306640624,0.0008697509765625,0.0075535238720476,0.0212925057858228,-0.0159440785646438,71.48660278320312,103.2670440673828,-2.304534912109375
30579,-0.01641845703125,0.9980926513671876,0.0008697509765625,0.0075535238720476,0.0212925057858228,-0.0159440785646438,71.49404907226562,103.1914978027344,-2.314712524414062
30580,-0.0155029296875,0.9967193603515624,0.0010833740234375,0.0027015106752514,0.0197220388799905,-0.0150330113247036,71.53033447265625,103.1312866210938,-2.245376586914062
30581,-0.0126800537109375,0.9946746826171876,0.00164794921875,0.0036336169578135,0.0214815903455019,-0.0124231139197945,71.59541320800781,103.271240234375,-2.190109252929688
30582,-0.0126800537109375,0.9946746826171876,0.00164794921875,0.0036336169578135,0.0214815903455019,-0.0124231139197945,71.59541320800781,103.271240234375,-2.190109252929688
30583,-0.0115966796875,0.99462890625,-0.0013427734375,0.0036336169578135,0.0214815903455019,-0.0124231139197945,71.5533447265625,103.2960662841797,-2.250198364257812
30584,-0.0120849609375,0.9935302734375,-0.003387451171875,0.0024751420132815,0.0201726462692022,-0.015796273946762,71.54721069335938,103.2453918457031,-2.169097900390625
30585,-0.01239013671875,0.9963226318359376,-0.00189208984375,0.002241050126031,0.0166958887130022,-0.0132393725216388,71.55044555664062,103.2006225585938,-2.07855224609375
30586,-0.01239013671875,0.9963226318359376,-0.00189208984375,0.002241050126031,0.0166958887130022,-0.0132393725216388,71.55044555664062,103.2006225585938,-2.07855224609375
30587,-0.011016845703125,0.9963531494140624,-0.0004730224609375,0.0052498895674943,0.0146841378882527,-0.0149640357121825,71.52207946777344,103.2306518554688,-2.170806884765625
30588,-0.008819580078125,0.9963836669921876,0.00030517578125,0.0042482744902372,0.0084589980542659,-0.0157272983342409,71.54360961914062,103.1396179199219,-2.099075317382812
30589,-0.009246826171875,0.9981231689453124,0.001617431640625,0.0002764361270237,0.0059955744072794,-0.0142045021057128,71.49221801757812,102.990966796875,-2.269744873046875
30590,-0.009246826171875,0.9981231689453124,0.001617431640625,0.0002764361270237,0.0059955744072794,-0.0142045021057128,71.49221801757812,102.990966796875,-2.269744873046875
30591,-0.01129150390625,0.9982452392578124,0.003326416015625,-0.0006868292111903,0.0032937976066023,-0.0103218797594308,71.47283935546875,103.021484375,-2.313003540039062
30592,-0.0108184814453125,0.9957275390625,0.00299072265625,-0.0003928162623196,0.0071103735826909,-0.0147320739924907,71.49729919433594,103.1269073486328,-2.340927124023438
30593,-0.0114898681640625,0.9949798583984376,0.0043182373046875,-0.0054112770594656,0.0018271948210895,-0.0135360490530729,71.45758056640625,103.1341400146484,-2.24139404296875
30594,-0.0114898681640625,0.9949798583984376,0.0043182373046875,-0.0054112770594656,0.0018271948210895,-0.0135360490530729,71.45758056640625,103.1341400146484,-2.24139404296875
30595,-0.0133209228515625,0.9942169189453124,0.00396728515625,-0.0056610815227031,0.0025172198656946,-0.0117842210456728,71.52658081054688,103.2537689208984,-2.358001708984375
30596,-0.013763427734375,0.99371337890625,9.1552734375e-05,-0.0056506949476897,-0.0004644552827812,-0.0128947598859667,71.54229736328125,103.1279449462891,-2.106353759765625
30597,-0.0126495361328125,0.996978759765625,-0.0016021728515625,-0.0044032703153789,0.0024993766564875,-0.0138625521212816,71.45405578613281,103.1103820800781,-2.04217529296875
30598,-0.0126495361328125,0.996978759765625,-0.0016021728515625,-0.0044032703153789,0.0024993766564875,-0.0138625521212816,71.45405578613281,103.1103820800781,-2.04217529296875
30599,-0.01251220703125,0.9979705810546876,-0.0024566650390625,-0.0019251991761848,0.0001019990668282,-0.0123871611431241,71.397705078125,103.2124633789062,-2.185333251953125
30600,-0.0124053955078125,0.9982757568359376,-0.0016937255859375,0.0005656554130837,-0.00023835292086,-0.0101570300757885,71.42822265625,103.2216186523438,-2.181747436523438
30601,-0.0135650634765625,0.9954986572265624,0.0028228759765625,-0.0012136024888604,-0.0034858114086091,-0.0132987610995769,71.42213439941406,103.0770874023438,-2.097640991210938
30602,-0.0135650634765625,0.9954986572265624,0.0028228759765625,-0.0012136024888604,-0.0034858114086091,-0.0132987610995769,71.42213439941406,103.0770874023438,-2.097640991210938
30603,-0.0145721435546875,0.99444580078125,0.0042724609375,-0.0014761901693418,-0.0066030416637659,-0.0129506858065724,71.41154479980469,103.1570281982422,-2.11907958984375
30604,-0.0157318115234375,0.9943084716796876,0.0035400390625,-0.0049912966787815,-0.0048930258490145,-0.0084177190437912,71.39138793945312,103.2557067871094,-2.002090454101562
30605,-0.01593017578125,0.9956512451171876,0.0018463134765625,-0.0037598507478833,-0.0057857176288962,-0.0074027888476848,71.41062927246094,103.1159057617188,-2.098907470703125
30606,-0.01593017578125,0.9956512451171876,0.0018463134765625,-0.0037598507478833,-0.0057857176288962,-0.0074027888476848,71.41062927246094,103.1159057617188,-2.098907470703125
30607,-0.01593017578125,0.9956512451171876,0.0018463134765625,-0.0037598507478833,-0.0057857176288962,-0.0074027888476848,71.41062927246094,103.1159057617188,-2.098907470703125
30608,-0.0160980224609375,0.9963226318359376,0.0006561279296875,-0.0016538230702281,0.0005717806634493,-0.0106907272711396,71.49720764160156,103.1798706054688,-2.02496337890625
30609,-0.01556396484375,0.995269775390625,0.0009918212890625,-0.0019832560792565,0.0118718398734927,-0.0062323296442627,71.35800170898438,103.2239379882812,-2.16925048828125
30610,-0.01556396484375,0.995269775390625,0.0009918212890625,-0.0019832560792565,0.0118718398734927,-0.0062323296442627,71.35800170898438,103.2239379882812,-2.16925048828125
30611,-0.016571044921875,0.995697021484375,0.00115966796875,-0.0019832560792565,0.0118718398734927,-0.0062323296442627,71.4102783203125,103.2852172851562,-2.158111572265625
30612,-0.0175628662109375,0.9945220947265624,0.0023651123046875,-0.0021385182626545,0.0106651615351438,-0.0046192528679966,71.35400390625,103.2187652587891,-2.189285278320312
30613,-0.019012451171875,0.99468994140625,0.0013885498046875,-0.0005496764206327,0.0098041612654924,-0.0046421559527516,71.35479736328125,103.0779113769531,-2.217376708984375
30614,-0.019012451171875,0.99468994140625,0.0013885498046875,-0.0005496764206327,0.0098041612654924,-0.0046421559527516,71.35479736328125,103.0779113769531,-2.217376708984375
30615,-0.0193328857421875,0.9955596923828124,0.000885009765625,0.0046472162939608,0.0107884658500552,-0.003637877991423,71.43089294433594,103.146484375,-2.2725830078125
30616,-0.019561767578125,0.995880126953125,-0.0009765625,0.0046472162939608,0.0107884658500552,-0.003637877991423,71.33601379394531,103.1132049560547,-2.219329833984375
30617,-0.0189666748046875,0.99609375,-0.000457763671875,0.0097626158967614,0.0107879331335425,-0.0045412224717438,71.45108032226562,103.0538635253906,-2.08392333984375
30618,-0.0189666748046875,0.99609375,-0.000457763671875,0.0097626158967614,0.0107879331335425,-0.0045412224717438,71.45108032226562,103.0538635253906,-2.08392333984375
30619,-0.0190887451171875,0.9952239990234376,0.0001220703125,0.008984706364572,0.0119794309139251,-0.0063287359662353,71.38909912109375,103.0007934570312,-2.122726440429688
30620,-0.0188446044921875,0.994354248046875,0.0016937255859375,0.012621252797544,0.0134859811514616,-0.0055233961902558,71.38906860351562,103.1119995117188,-2.018051147460938
30621,-0.0184783935546875,0.9974822998046876,0.0055084228515625,0.0060014333575963,0.0175504982471466,-0.0089636677876114,71.490234375,103.1866760253906,-2.02264404296875
30622,-0.0184783935546875,0.9974822998046876,0.0055084228515625,0.0060014333575963,0.0175504982471466,-0.0089636677876114,71.490234375,103.1866760253906,-2.02264404296875
30623,-0.0191497802734375,0.9976959228515624,0.005035400390625,0.0060014333575963,0.0175504982471466,-0.0089636677876114,71.42140197753906,103.1016693115234,-2.102371215820312
30624,-0.020538330078125,0.9980316162109376,0.002532958984375,0.0079886838793754,0.0178397167474031,-0.0082363579422235,71.43653869628906,103.1322631835938,-2.061325073242188
30625,-0.022705078125,0.997100830078125,7.62939453125e-05,0.0119874207302928,0.0184280090034008,-0.0116641130298376,71.453125,103.105224609375,-2.19830322265625
30626,-0.022705078125,0.997100830078125,7.62939453125e-05,0.0119874207302928,0.0184280090034008,-0.0116641130298376,71.453125,103.105224609375,-2.19830322265625
30627,-0.0226898193359375,0.9977569580078124,-0.0017547607421875,0.0116670420393347,0.0204480178654193,-0.012091283686459,71.44512939453125,103.0988616943359,-2.12188720703125
30628,-0.021392822265625,0.9988861083984376,-0.0025787353515625,0.0161009393632412,0.0182786062359809,-0.0092124063521623,71.464111328125,102.9863891601562,-2.007476806640625
30629,-0.0189208984375,0.9987030029296876,-0.00311279296875,0.0189174991101026,0.0179576948285102,-0.0081537999212741,71.55120849609375,102.8452301025391,-1.835357666015625
30630,-0.0189208984375,0.9987030029296876,-0.00311279296875,0.0189174991101026,0.0179576948285102,-0.0081537999212741,71.55120849609375,102.8452301025391,-1.835357666015625
30631,-0.0181884765625,0.9957427978515624,0.000457763671875,0.0225228853523731,0.0230872090905904,-0.0092715285718441,71.47683715820312,102.9721984863281,-1.972457885742188
30632,-0.017120361328125,0.9940185546875,0.0033111572265625,0.0199603922665119,0.0260776728391647,-0.0075340825133025,71.39016723632812,103.1201171875,-2.00390625
30633,-0.01800537109375,0.994842529296875,0.0055694580078125,0.0171443652361631,0.0295184776186943,-0.0102454470470547,71.33224487304688,103.0100860595703,-1.919540405273438
30634,-0.01800537109375,0.994842529296875,0.0055694580078125,0.0171443652361631,0.0295184776186943,-0.0102454470470547,71.33224487304688,103.0100860595703,-1.919540405273438
30635,-0.0195465087890625,0.9976959228515624,0.005279541015625,0.0182322673499584,0.038406778126955,-0.0100318612530827,71.34440612792969,102.9183807373047,-1.941696166992188
30636,-0.0219268798828125,0.9997100830078124,0.003173828125,0.0221231449395418,0.0444111414253711,-0.0092339785769581,71.34358215332031,102.9165954589844,-2.008270263671875
30637,-0.0228424072265625,1.000091552734375,0.00238037109375,0.0213039573282003,0.042867038398981,-0.0141802672296762,71.35173034667969,102.9698638916016,-1.953155517578125
30638,-0.0228424072265625,1.000091552734375,0.00238037109375,0.0213039573282003,0.042867038398981,-0.0141802672296762,71.35173034667969,102.9698638916016,-1.953155517578125
30639,-0.0211181640625,0.998992919921875,0.00494384765625,0.0241700503975153,0.0473528690636158,-0.0122718466445803,71.41282653808594,102.9352722167969,-1.9808349609375
30640,-0.0203704833984375,0.9958343505859376,0.004150390625,0.02538338676095,0.0424241572618484,-0.0113993948325514,71.36936950683594,102.8728790283203,-1.963287353515625
30641,-0.0174713134765625,0.9945526123046876,0.000274658203125,0.0261655580252409,0.0347076468169689,-0.0127229858189821,71.39593505859375,102.9750823974609,-2.022430419921875
30642,-0.0174713134765625,0.9945526123046876,0.000274658203125,0.0261655580252409,0.0347076468169689,-0.0127229858189821,71.39593505859375,102.9750823974609,-2.022430419921875
30643,-0.014617919921875,0.99432373046875,-0.00152587890625,0.0289554856717586,0.035632561892271,-0.0096286591142416,71.37295532226562,102.9072723388672,-1.999679565429688
30644,-0.013824462890625,0.9941864013671876,-0.0038909912109375,0.0280958171933889,0.0311094503849744,-0.0095327850431203,71.47087097167969,102.9120941162109,-1.784698486328125
30645,-0.0153045654296875,0.9953765869140624,-0.00201416015625,0.0245500840246677,0.033372338861227,-0.0096944393590092,71.43070983886719,102.8574676513672,-1.516937255859375
30646,-0.0153045654296875,0.9953765869140624,-0.00201416015625,0.0245500840246677,0.033372338861227,-0.0096944393590092,71.43070983886719,102.8574676513672,-1.516937255859375
30647,-0.016082763671875,0.995147705078125,-0.0017852783203125,0.0214272607117891,0.0301456525921821,-0.0112949991598725,71.46537780761719,103.0204010009766,-1.6832275390625
30648,-0.017913818359375,0.9952850341796876,0.0002899169921875,0.021328991279006,0.0297509711235761,-0.0087799094617366,71.35221862792969,103.0447998046875,-1.813201904296875
30649,-0.0170440673828125,0.9990997314453124,0.0043182373046875,0.0213737320154905,0.0297118220478296,-0.0094864461570978,71.32888793945312,103.0645751953125,-2.0615234375
30650,-0.0170440673828125,0.9990997314453124,0.0043182373046875,0.0213737320154905,0.0297118220478296,-0.0094864461570978,71.32888793945312,103.0645751953125,-2.0615234375
30651,-0.0170440673828125,0.9990997314453124,0.0043182373046875,0.0213737320154905,0.0297118220478296,-0.0094864461570978,71.32888793945312,103.0645751953125,-2.0615234375
30652,-0.0162200927734375,0.99957275390625,0.002288818359375,0.0203947536647319,0.0340160243213176,-0.0088675273582339,71.34396362304688,103.0505828857422,-2.019790649414062
30653,-0.015228271484375,0.9965972900390624,0.00146484375,0.0253306571394205,0.0355156511068344,-0.0051612062379717,71.36177062988281,103.0831451416016,-2.073806762695312
30654,-0.015228271484375,0.9965972900390624,0.00146484375,0.0253306571394205,0.0355156511068344,-0.0051612062379717,71.36177062988281,103.0831451416016,-2.073806762695312
30655,-0.015594482421875,0.9967803955078124,0.0005950927734375,0.0256355889141559,0.031112378463149,-0.010163421742618,71.35487365722656,103.1030120849609,-2.100570678710938
30656,-0.0146484375,0.997344970703125,-0.000701904296875,0.0230581816285848,0.0356128551065921,-0.007497863844037,71.36811828613281,102.9948577880859,-2.029541015625
30657,-0.016387939453125,0.9974365234375,-0.000244140625,0.022120214998722,0.0328476950526237,-0.0075572519563138,71.27255249023438,103.1506042480469,-2.054977416992188
30658,-0.016387939453125,0.9974365234375,-0.000244140625,0.022120214998722,0.0328476950526237,-0.0075572519563138,71.27255249023438,103.1506042480469,-2.054977416992188
30659,-0.01727294921875,0.9966888427734376,-0.0007171630859375,0.0210256557911634,0.031688954681158,-0.0072970613837242,71.29891967773438,103.1161041259766,-2.083847045898438
30660,-0.0182952880859375,0.994873046875,-0.0012969970703125,0.0233098492026329,0.0333475694060325,-0.0078563252463936,71.32682800292969,103.0252838134766,-2.072784423828125
30661,-0.0186767578125,0.9962615966796876,0.0004119873046875,0.0225780140608549,0.0345443934202194,-0.0079516666010022,71.32328796386719,103.1145172119141,-2.060958862304688
30662,-0.0186767578125,0.9962615966796876,0.0004119873046875,0.0225780140608549,0.0345443934202194,-0.0079516666010022,71.32328796386719,103.1145172119141,-2.060958862304688
30663,-0.0186767578125,0.9962615966796876,0.0004119873046875,0.0225780140608549,0.0345443934202194,-0.0079516666010022,71.32328796386719,103.1145172119141,-2.060958862304688
30664,-0.0177001953125,0.9961700439453124,0.00164794921875,0.0236962754279375,0.0401487499475479,-0.0078747011721134,71.36764526367188,103.1226043701172,-2.065719604492188
30665,-0.0169525146484375,0.9963531494140624,-0.00238037109375,0.0202839653939008,0.0400574058294296,-0.0080270338803529,71.44683837890625,103.1104888916016,-2.1680908203125
30666,-0.01568603515625,0.99664306640625,-0.0023345947265625,0.0189446620643138,0.0398800373077392,-0.0097650131210684,71.42427062988281,103.1705322265625,-2.266036987304688
30667,-0.01568603515625,0.99664306640625,-0.0023345947265625,0.0189446620643138,0.0398800373077392,-0.0097650131210684,71.42427062988281,103.1705322265625,-2.266036987304688
30668,-0.016387939453125,0.995941162109375,-0.0024566650390625,0.017753429710865,0.0374887846410274,-0.011430287733674,71.48060607910156,103.2158050537109,-2.315658569335938
30669,-0.018402099609375,0.994384765625,-0.0012664794921875,0.0220472458750009,0.0366930328309536,-0.0097000319510698,71.43733215332031,103.196533203125,-2.19354248046875
30670,-0.018402099609375,0.994384765625,-0.0012664794921875,0.0220472458750009,0.0366930328309536,-0.0097000319510698,71.43733215332031,103.196533203125,-2.19354248046875
30671,-0.018157958984375,0.991973876953125,-0.0018463134765625,0.0184948537498712,0.032213594764471,-0.0138082234188914,71.37355041503906,103.2018737792969,-2.194122314453125
30672,-0.01702880859375,0.994964599609375,0.002105712890625,0.0184948537498712,0.032213594764471,-0.0138082234188914,71.33038330078125,103.1417541503906,-2.174484252929688
30673,-0.0152740478515625,0.996337890625,0.001007080078125,0.0138915805146098,0.0330285243690013,-0.0109455920755863,71.26580810546875,103.0332946777344,-2.101943969726562
30674,-0.0152740478515625,0.996337890625,0.001007080078125,0.0138915805146098,0.0330285243690013,-0.0109455920755863,71.26580810546875,103.0332946777344,-2.101943969726562
30675,-0.01654052734375,0.9959564208984376,-0.001708984375,0.0137512320652604,0.0352466702461242,-0.0098116183653473,71.333251953125,103.0234985351562,-2.166259765625
30676,-0.015625,0.9951629638671876,-0.001922607421875,0.0154087832197547,0.0382496491074562,-0.0124113960191607,71.2056884765625,103.0170593261719,-2.201858520507812
30677,-0.0140228271484375,0.9949798583984376,-0.0033111572265625,0.0112947328016161,0.0358221791684627,-0.0105248121544718,71.24969482421875,102.9571990966797,-2.349807739257812
30678,-0.0140228271484375,0.9949798583984376,-0.0033111572265625,0.0112947328016161,0.0358221791684627,-0.0105248121544718,71.24969482421875,102.9571990966797,-2.349807739257812
30679,-0.014434814453125,0.996734619140625,-0.0023193359375,0.0112947328016161,0.0358221791684627,-0.0105248121544718,71.27761840820312,102.9751586914062,-2.299896240234375
30680,-0.015350341796875,0.9968719482421876,-0.003875732421875,0.0124822361394763,0.0322855003178119,-0.0096054896712303,71.31681823730469,103.00830078125,-2.264907836914062
30681,-0.015533447265625,0.99566650390625,-0.007965087890625,0.013670272193849,0.0332133471965789,-0.0070903999730944,71.18287658691406,102.95556640625,-2.202239990234375
30682,-0.015533447265625,0.99566650390625,-0.007965087890625,0.013670272193849,0.0332133471965789,-0.0070903999730944,71.18287658691406,102.95556640625,-2.202239990234375
30683,-0.015533447265625,0.99566650390625,-0.007965087890625,0.013670272193849,0.0332133471965789,-0.0070903999730944,71.18287658691406,102.95556640625,-2.202239990234375
30684,-0.0156097412109375,0.9976654052734376,-0.0063018798828125,0.0138377845287323,0.0330122783780098,-0.0064664212986826,71.19230651855469,102.941162109375,-2.27294921875
30685,-0.0164031982421875,0.996307373046875,-0.00701904296875,0.0109543800354003,0.0257130861282348,-0.010898720473051,71.22488403320312,103.1139221191406,-2.183944702148438
30686,-0.0164031982421875,0.996307373046875,-0.00701904296875,0.0109543800354003,0.0257130861282348,-0.010898720473051,71.22488403320312,103.1139221191406,-2.183944702148438
30687,-0.0155792236328125,0.998138427734375,-0.0070648193359375,0.0109543800354003,0.0257130861282348,-0.010898720473051,71.12763977050781,103.0727386474609,-2.266921997070312
30688,-0.0152435302734375,0.9998626708984376,-0.0075836181640625,0.0150947971269488,0.0196583904325962,-0.0080699110403656,71.18035888671875,103.1079254150391,-2.234329223632812
30689,-0.01580810546875,0.99981689453125,-0.013671875,0.0125418910756707,0.0228062458336353,-0.0076246303506195,71.20797729492188,103.0916442871094,-2.156204223632812
30690,-0.0157470703125,0.9960479736328124,-0.0130615234375,0.0161147881299257,0.021223796531558,-0.0083727119490504,71.28543090820312,103.0839385986328,-2.23248291015625
30691,-0.0157470703125,0.9960479736328124,-0.0130615234375,0.0161147881299257,0.021223796531558,-0.0083727119490504,71.28543090820312,103.0839385986328,-2.23248291015625
30692,-0.0163726806640625,0.993804931640625,-0.011138916015625,0.01465670671314,0.0263240151107311,-0.0053580137901008,71.24583435058594,102.9183349609375,-2.181381225585938
30693,-0.0198211669921875,0.9986724853515624,-0.008697509765625,0.0197180453687906,0.028005801141262,-0.0049726543948054,71.27571105957031,102.9225006103516,-1.887832641601562
30694,-0.0198211669921875,0.9986724853515624,-0.008697509765625,0.0197180453687906,0.028005801141262,-0.0049726543948054,71.27571105957031,102.9225006103516,-1.887832641601562
30695,-0.021759033203125,1.000091552734375,-0.0102386474609375,0.0197180453687906,0.028005801141262,-0.0049726543948054,71.31472778320312,103.0061492919922,-1.839218139648438
30696,-0.022796630859375,0.99896240234375,-0.0084381103515625,0.020028568804264,0.0298460461199283,-0.0078885490074753,71.26510620117188,103.1130676269531,-2.055130004882812
30697,-0.0226287841796875,0.995635986328125,-0.0068817138671875,0.0192796885967254,0.0334245339035987,-0.005583050660789,71.24017333984375,103.1808776855469,-2.268142700195312
30698,-0.021820068359375,0.9933929443359376,-0.009796142578125,0.0172612778842449,0.0338085629045963,-0.0037681066896766,71.20735168457031,103.1836395263672,-2.23822021484375
30699,-0.021820068359375,0.9933929443359376,-0.009796142578125,0.0172612778842449,0.0338085629045963,-0.0037681066896766,71.20735168457031,103.1836395263672,-2.23822021484375
30700,-0.020660400390625,0.992218017578125,-0.0100250244140625,0.0183582343161106,0.0368432365357875,-0.0010074737947434,71.29244995117188,103.1476287841797,-2.272323608398438
30701,-0.0193328857421875,0.99639892578125,-0.0101165771484375,0.0214299242943525,0.043233223259449,-0.0022306637838482,71.259765625,103.0388641357422,-2.078109741210938
30702,-0.0193328857421875,0.99639892578125,-0.0101165771484375,0.0214299242943525,0.043233223259449,-0.0022306637838482,71.259765625,103.0388641357422,-2.078109741210938
30703,-0.0192718505859375,0.9946136474609376,-0.0120391845703125,0.0238592606037855,0.0483241230249404,-0.0007552724564447,71.26126098632812,103.1804656982422,-2.173660278320312
30704,-0.0191192626953125,0.993377685546875,-0.013031005859375,0.0228006541728973,0.0456071645021438,0.0012650014832615,71.274658203125,103.1523284912109,-2.201904296875
30705,-0.0176239013671875,0.9981536865234376,-0.0141754150390625,0.0184506457298994,0.0413186773657798,0.0013608753215521,71.21124267578125,103.2170257568359,-2.216720581054688
30706,-0.0176239013671875,0.9981536865234376,-0.0141754150390625,0.0184506457298994,0.0413186773657798,0.0013608753215521,71.21124267578125,103.2170257568359,-2.216720581054688
30707,-0.01751708984375,0.9990997314453124,-0.0127716064453125,0.0183611642569303,0.0374435111880302,0.0027435885276645,71.16453552246094,103.2497406005859,-2.23968505859375
30708,-0.0178375244140625,0.9976654052734376,-0.0115203857421875,0.0209548156708478,0.0389964021742343,0.0035944685805588,71.17466735839844,103.1566009521484,-2.178070068359375
30709,-0.016387939453125,0.9980926513671876,-0.0063934326171875,0.0220222119241952,0.0371409766376018,-0.0002889529860112,71.24385070800781,103.1529846191406,-2.173141479492188
30710,-0.016387939453125,0.9980926513671876,-0.0063934326171875,0.0220222119241952,0.0371409766376018,-0.0002889529860112,71.24385070800781,103.1529846191406,-2.173141479492188
30711,-0.0162200927734375,0.9955291748046876,-0.006500244140625,0.0207766517996788,0.0278047323226928,0.0011837751371786,71.27626037597656,103.1768035888672,-2.1883544921875
30712,-0.0148162841796875,0.9925994873046876,-0.00543212890625,0.0213862489908933,0.0242752451449632,-0.0017488978337496,71.29365539550781,103.1578369140625,-2.001113891601562
30713,-0.015380859375,0.993194580078125,-0.007598876953125,0.0173731315881013,0.021142303943634,0.0025646241847425,71.251708984375,103.2042694091797,-2.013702392578125
30714,-0.015380859375,0.993194580078125,-0.007598876953125,0.0173731315881013,0.021142303943634,0.0025646241847425,71.251708984375,103.2042694091797,-2.013702392578125
30715,-0.014801025390625,0.994232177734375,-0.0074310302734375,0.015491341240704,0.0168314445763826,0.0015813850332051,71.22740173339844,103.2506103515625,-1.9805908203125
30716,-0.01495361328125,0.9961700439453124,-0.009002685546875,0.0135621475055813,0.0215194076299667,0.0038205708842724,71.23944091796875,103.2024536132812,-1.9852294921875
30717,-0.0205841064453125,0.9963836669921876,-0.0076141357421875,0.0112033858895301,0.0205604024231433,0.0037329527549445,71.22695922851562,103.1235046386719,-1.994033813476562
30718,-0.0205841064453125,0.9963836669921876,-0.0076141357421875,0.0112033858895301,0.0205604024231433,0.0037329527549445,71.22695922851562,103.1235046386719,-1.994033813476562
30719,-0.0216522216796875,0.99798583984375,-0.0076446533203125,0.0106254797428846,0.0221894588321447,0.0022210762836039,71.23728942871094,103.0745544433594,-2.1278076171875
30720,-0.0223541259765625,0.9990997314453124,-0.0056304931640625,0.0088337054476141,0.023984694853425,-0.0009150621481239,71.23045349121094,103.1598358154297,-2.2574462890625
30721,-0.024688720703125,0.9975738525390624,-0.0073089599609375,0.0074475300498306,0.0225074402987957,0.0005747101386077,71.2315673828125,103.2660980224609,-2.287384033203125
30722,-0.024688720703125,0.9975738525390624,-0.0073089599609375,0.0074475300498306,0.0225074402987957,0.0005747101386077,71.2315673828125,103.2660980224609,-2.287384033203125
30723,-0.024932861328125,0.9962158203125,-0.0081634521484375,0.0085982820019125,0.0194868817925453,0.0010599381057545,71.25921630859375,103.2059783935547,-2.289627075195312
30724,-0.02325439453125,0.9976348876953124,-0.007598876953125,0.0090773841366171,0.023128755390644,0.0032224250026047,71.27517700195312,103.1761474609375,-2.185165405273438
30725,-0.023101806640625,0.99700927734375,-0.0084228515625,0.0107290772721171,0.0253967028111219,0.0033345439005643,71.24198913574219,103.0199279785156,-1.976364135742188
30726,-0.0222320556640625,0.9944305419921876,-0.007171630859375,0.0107290772721171,0.0253967028111219,0.0033345439005643,71.28115844726562,102.9147796630859,-1.977874755859375
30727,-0.0217437744140625,0.994415283203125,-0.0068817138671875,0.0095775257796049,0.0262880623340606,0.0024647556710988,71.31141662597656,102.9541625976562,-2.182113647460938
30728,-0.0224761962890625,0.995941162109375,-0.0071868896484375,0.0096656763926148,0.0284023471176624,0.0013723268639296,71.28288269042969,103.0399627685547,-2.135208129882812
30729,-0.024871826171875,0.996337890625,-0.0090484619140625,0.0106648951768875,0.03080371953547,0.0038978024385869,71.29714965820312,103.1749877929688,-2.162307739257812
30730,-0.0263824462890625,0.996490478515625,-0.0097808837890625,0.0113378753885626,0.0334447771310806,0.0013539510546252,71.2252197265625,103.14111328125,-2.078750610351562
30731,-0.0263824462890625,0.996490478515625,-0.0097808837890625,0.0113378753885626,0.0334447771310806,0.0013539510546252,71.2252197265625,103.14111328125,-2.078750610351562
30732,-0.026519775390625,0.9973297119140624,-0.0087738037109375,0.0139949116855859,0.0353057943284511,0.0035824843216687,71.2886962890625,103.1333923339844,-1.988082885742188
30733,-0.0281982421875,0.9966583251953124,-0.008087158203125,0.0138779990375042,0.040942907333374,0.0002620550512801,71.29173278808594,102.8963317871094,-1.904525756835938
30734,-0.0281982421875,0.9966583251953124,-0.008087158203125,0.0138779990375042,0.040942907333374,0.0002620550512801,71.29173278808594,102.8963317871094,-1.904525756835938
30735,-0.0262603759765625,0.996337890625,-0.0079803466796875,0.0142063666135072,0.0438633263111114,-0.0002996056282427,71.310546875,102.9375915527344,-2.073287963867188
30736,-0.0230712890625,0.99566650390625,-0.006683349609375,0.0151427341625094,0.0445890389382839,-0.0006844323943369,71.28520202636719,103.0019836425781,-2.09796142578125
30737,-0.0168304443359375,0.99456787109375,-0.00457763671875,0.0134929055348038,0.0490010976791381,0.00154543237295,71.27554321289062,103.060791015625,-2.104888916015625
30738,-0.0168304443359375,0.99456787109375,-0.00457763671875,0.0134929055348038,0.0490010976791381,0.00154543237295,71.27554321289062,103.060791015625,-2.104888916015625
30739,-0.015411376953125,0.9945831298828124,-0.004058837890625,0.0127754500135779,0.0490889810025692,0.0031971249263733,71.26408386230469,103.1275329589844,-2.085693359375
30740,-0.0155181884765625,0.992828369140625,-0.006500244140625,0.0082906866446137,0.0422952584922313,0.0046091326512396,71.30572509765625,103.1048583984375,-2.128021240234375
30741,-0.0149383544921875,1.001632690429688,-0.00616455078125,0.0058501660823822,0.0370613485574722,0.0040567931719124,71.36563110351562,103.0907592773438,-2.0240478515625
30742,-0.0149383544921875,1.001632690429688,-0.00616455078125,0.0058501660823822,0.0370613485574722,0.0040567931719124,71.36563110351562,103.0907592773438,-2.0240478515625
30743,-0.0138702392578125,1.0037841796875,-0.009613037109375,0.0058501660823822,0.0370613485574722,0.0040567931719124,71.38706970214844,103.0304107666016,-1.852371215820312
30744,-0.0144195556640625,1.001815795898438,-0.0118865966796875,0.0085053378716111,0.0275695752352476,0.0002868224401026,71.37625122070312,102.9750213623047,-1.852081298828125
30745,-0.0138397216796875,1.000946044921875,-0.010833740234375,0.0074206320568919,0.0140353916212916,-0.0031997880432754,71.37059020996094,102.8621826171875,-1.514907836914062
30746,-0.0138397216796875,1.000946044921875,-0.010833740234375,0.0074206320568919,0.0140353916212916,-0.0031997880432754,71.37059020996094,102.8621826171875,-1.514907836914062
30747,-0.0120391845703125,1.00103759765625,-0.0106201171875,0.0047646616585552,0.0124918231740593,-0.002821619156748,71.35783386230469,102.8809204101562,-1.772872924804688
30748,-0.011749267578125,0.99755859375,-0.0097503662109375,0.0025451830588281,0.0121778370812535,-0.0040434775874018,71.29951477050781,102.8350830078125,-1.853897094726562
30749,-0.0152435302734375,0.9934539794921876,-0.0078125,0.0011779161868616,0.0052147358655929,-0.00276436121203,71.33860778808594,102.8802642822266,-2.130859375
30750,-0.0152435302734375,0.9934539794921876,-0.0078125,0.0011779161868616,0.0052147358655929,-0.00276436121203,71.33860778808594,102.8802642822266,-2.130859375
30751,-0.0152435302734375,0.9934539794921876,-0.0078125,0.0011779161868616,0.0052147358655929,-0.00276436121203,71.33860778808594,102.8802642822266,-2.130859375
30752,-0.018463134765625,0.995269775390625,-0.0084075927734375,0.000622114399448,0.0092430328950285,-0.002870887517929,71.36979675292969,103.0369110107422,-2.246047973632812
30753,-0.0207977294921875,0.998260498046875,-0.0113525390625,-0.0026895264163613,0.0099021652713418,-0.0022389194928109,71.34516906738281,102.9854888916016,-2.075820922851562
30754,-0.0207977294921875,0.998260498046875,-0.0113525390625,-0.0026895264163613,0.0099021652713418,-0.0022389194928109,71.34516906738281,102.9854888916016,-2.075820922851562
30755,-0.0218963623046875,0.9994354248046876,-0.0109405517578125,-0.0005315669695846,0.0111943315714597,-0.0016804545884951,71.33161926269531,102.9655456542969,-2.09063720703125
30756,-0.022613525390625,0.998748779296875,-0.0086669921875,0.0012136024888604,0.0101245390251278,-0.0019654128700494,71.314453125,103.0121612548828,-1.915802001953125
30757,-0.0205230712890625,0.99560546875,-0.0071868896484375,0.0041920817457139,0.0067159594036638,-0.0007251787465065,71.39950561523438,102.8654022216797,-1.770248413085938
30758,-0.0205230712890625,0.99560546875,-0.0071868896484375,0.0041920817457139,0.0067159594036638,-0.0007251787465065,71.39950561523438,102.8654022216797,-1.770248413085938
30759,-0.0183868408203125,0.99468994140625,-0.0078125,0.0131355095654726,0.0057745319791138,-1.970739140233491e-05,71.37322998046875,103.0246124267578,-2.09552001953125
30760,-0.0176544189453125,0.9937744140625,-0.007904052734375,0.0131355095654726,0.0057745319791138,-1.970739140233491e-05,71.36692810058594,103.1029663085938,-2.182266235351562
30761,-0.01495361328125,0.99505615234375,-0.00927734375,0.0145155591890215,0.0088680600747466,0.0019092201255261,71.31825256347656,103.0654754638672,-1.977188110351562
30762,-0.01495361328125,0.99505615234375,-0.00927734375,0.0145155591890215,0.0088680600747466,0.0019092201255261,71.31825256347656,103.0654754638672,-1.977188110351562
30763,-0.0133514404296875,0.997650146484375,-0.0091400146484375,0.0145155591890215,0.0088680600747466,0.0019092201255261,71.30764770507812,103.0148010253906,-2.064590454101562
30764,-0.0134735107421875,0.997100830078125,-0.0080718994140625,0.0105186868458986,0.0121924839913845,7.270430069183931e-05,71.28646850585938,103.0824890136719,-2.05780029296875
30765,-0.0134124755859375,0.9972076416015624,-0.00885009765625,0.0079828249290585,0.0120958108454942,0.0024732777383178,71.35905456542969,102.9611206054688,-2.111984252929688
30766,-0.0134124755859375,0.9972076416015624,-0.00885009765625,0.0079828249290585,0.0120958108454942,0.0024732777383178,71.35905456542969,102.9611206054688,-2.111984252929688
30767,-0.0140380859375,0.9972991943359376,-0.0099945068359375,0.0072086444124579,0.0076166405342519,0.000197872868739,71.36293029785156,102.9333953857422,-2.111221313476562
30768,-0.0139617919921875,0.997802734375,-0.00909423828125,0.0055835833773016,0.0116207031533122,-0.0023784691002219,71.3555908203125,102.8930816650391,-2.186996459960938
30769,-0.015106201171875,0.996307373046875,-0.005218505859375,0.0062829297967255,0.0011435613268986,-0.001848233747296,71.35246276855469,103.0591430664062,-2.2529296875
30770,-0.0149078369140625,0.9945526123046876,-0.0029144287109375,0.0092712622135877,0.0047401604242622,-0.0021265340037643,71.361083984375,103.0392761230469,-2.269989013671875
30771,-0.0149078369140625,0.9945526123046876,-0.0029144287109375,0.0092712622135877,0.0047401604242622,-0.0021265340037643,71.361083984375,103.0392761230469,-2.269989013671875
30772,-0.0139617919921875,0.995330810546875,-0.0040740966796875,0.0111791510134935,0.0032900692895054,-0.0006593986763618,71.35589599609375,103.1270599365234,-2.318313598632812
30773,-0.0135345458984375,0.9955902099609376,-0.0067138671875,0.0059271310456097,0.0078541943803429,-0.0007563377148471,71.34114074707031,103.118408203125,-2.208938598632812
30774,-0.0138397216796875,0.995452880859375,-0.0091094970703125,0.0047758468426764,0.0051897019147872,-0.0049678608775138,71.25898742675781,103.0555419921875,-2.122314453125
30775,-0.0138397216796875,0.995452880859375,-0.0091094970703125,0.0047758468426764,0.0051897019147872,-0.0049678608775138,71.25898742675781,103.0555419921875,-2.122314453125
30776,-0.0142822265625,0.9968109130859376,-0.0076446533203125,0.0017297230660915,0.0044163200072944,-0.0030077740084379,71.324462890625,102.9146270751953,-2.151412963867188
30777,-0.015289306640625,0.9983367919921876,-0.00921630859375,0.0022375879343599,0.0130819799378514,-0.0043199136853218,71.39070129394531,102.9214172363281,-2.057266235351562
30778,-0.015289306640625,0.9983367919921876,-0.00921630859375,0.0022375879343599,0.0130819799378514,-0.0043199136853218,71.39070129394531,102.9214172363281,-2.057266235351562
30779,-0.016815185546875,0.998077392578125,-0.007293701171875,0.0020823257509619,0.0149565786123275,-0.006525277160108,71.32334899902344,102.9924011230469,-2.038803100585938
30780,-0.019073486328125,0.9978179931640624,-0.006866455078125,0.0040834248065948,0.019678097218275,-0.0028804750181734,71.28103637695312,103.0496368408203,-2.142303466796875
30781,-0.019683837890625,0.9996795654296876,-0.0093841552734375,0.0102675510570406,0.0264353360980749,-0.0057953046634793,71.25885009765625,103.1476287841797,-2.212692260742188
30782,-0.019683837890625,0.9996795654296876,-0.0093841552734375,0.0102675510570406,0.0264353360980749,-0.0057953046634793,71.25885009765625,103.1476287841797,-2.212692260742188
30783,-0.019256591796875,0.998291015625,-0.0088958740234375,0.0102675510570406,0.0264353360980749,-0.0057953046634793,71.34286499023438,103.1121063232422,-2.174911499023438
30784,-0.0181427001953125,0.99774169921875,-0.0085906982421875,0.0137360524386167,0.0310774911195039,-0.007088269572705,71.41775512695312,103.1024475097656,-2.136505126953125
30785,-0.0167236328125,0.995941162109375,-0.009063720703125,0.0085522094741463,0.0365984924137592,-0.0098843220621347,71.32327270507812,102.8724517822266,-2.130279541015625
30786,-0.0153961181640625,0.9969635009765624,-0.0088653564453125,0.0085522094741463,0.0365984924137592,-0.0098843220621347,71.28376770019531,103.0022125244141,-2.09674072265625
30787,-0.0153961181640625,0.9969635009765624,-0.0088653564453125,0.0085522094741463,0.0365984924137592,-0.0098843220621347,71.28376770019531,103.0022125244141,-2.09674072265625
30788,-0.014373779296875,0.996795654296875,-0.008697509765625,0.0076118470169603,0.0408369116485118,-0.007064567413181,71.27127075195312,103.0057067871094,-2.035797119140625
30789,-0.0124053955078125,0.997039794921875,-0.0104217529296875,0.0097013628110289,0.0454297997057437,-0.0071836104616522,71.36224365234375,102.8857116699219,-1.91680908203125
30790,-0.012176513671875,0.9979705810546876,-0.0093841552734375,0.0090584764257073,0.043665986508131,-0.0096228001639246,71.38117980957031,102.9403076171875,-1.916534423828125
30791,-0.012176513671875,0.9979705810546876,-0.0093841552734375,0.0090584764257073,0.043665986508131,-0.0096228001639246,71.38117980957031,102.9403076171875,-1.916534423828125
30792,-0.0138397216796875,0.9962158203125,-0.0109100341796875,0.0107463877648115,0.0390829555690288,-0.0099639510735869,71.36154174804688,102.9083251953125,-2.083770751953125
30793,-0.01568603515625,0.9974365234375,-0.0097198486328125,0.0133504262194037,0.0391505993902683,-0.00914769154042,71.29212951660156,102.9918823242188,-2.158096313476562
30794,-0.01568603515625,0.9974365234375,-0.0097198486328125,0.0133504262194037,0.0391505993902683,-0.00914769154042,71.29212951660156,102.9918823242188,-2.158096313476562
30795,-0.0167083740234375,0.9980926513671876,-0.010498046875,0.014804245904088,0.0409013591706752,-0.0096206692978739,71.27082824707031,103.0389099121094,-2.155807495117188
30796,-0.0176239013671875,0.99609375,-0.010986328125,0.01616245880723,0.0405788533389568,-0.0118934111669659,71.2540283203125,102.9667510986328,-2.174148559570312
30797,-0.018341064453125,0.993988037109375,-0.006683349609375,0.0201617274433374,0.0493915192782878,-0.0092949643731117,71.16108703613281,102.9410095214844,-2.039337158203125
30798,-0.018341064453125,0.993988037109375,-0.006683349609375,0.0201617274433374,0.0493915192782878,-0.0092949643731117,71.16108703613281,102.9410095214844,-2.039337158203125
30799,-0.0162506103515625,0.994293212890625,-0.005340576171875,0.0153640424832701,0.046823963522911,-0.012101138010621,71.21742248535156,102.9836273193359,-1.993728637695312
30800,-0.011260986328125,0.997894287109375,-0.00762939453125,0.0088246501982212,0.044256143271923,-0.0109234880656004,71.22370910644531,102.9384155273438,-2.06689453125
30801,-0.0117034912109375,0.9980010986328124,-0.0081024169921875,0.0067612333223223,0.0505057834088802,-0.0112145710736513,71.22877502441406,102.8437194824219,-2.067886352539062
30802,-0.0138092041015625,0.9983367919921876,-0.009552001953125,0.0088355690240859,0.0465328805148601,-0.0121205784380435,71.21603393554688,102.8111877441406,-2.174652099609375
30803,-0.0138092041015625,0.9983367919921876,-0.009552001953125,0.0088355690240859,0.0465328805148601,-0.0121205784380435,71.21603393554688,102.8111877441406,-2.174652099609375
30804,-0.0146331787109375,0.9983062744140624,-0.009918212890625,0.0129453595727682,0.043767187744379,-0.0114976651966571,71.13075256347656,102.7522735595703,-2.059844970703125
30805,-0.013946533203125,0.9963226318359376,-0.0127716064453125,0.010523747652769,0.0446526892483234,-0.0145379295572638,71.14756774902344,102.7075500488281,-1.892547607421875
30806,-0.0137939453125,0.9969635009765624,-0.010101318359375,0.0128353713080287,0.0465970635414123,-0.0154724335297942,71.16835021972656,102.6619415283203,-1.94384765625
30807,-0.0137939453125,0.9969635009765624,-0.010101318359375,0.0128353713080287,0.0465970635414123,-0.0154724335297942,71.16835021972656,102.6619415283203,-1.94384765625
30808,-0.014801025390625,0.996490478515625,-0.0064544677734375,0.0121583957225084,0.0481840409338474,-0.0167659297585487,71.1766357421875,102.7827301025391,-1.956649780273438
30809,-0.01611328125,0.9955596923828124,-0.0037841796875,0.0126702552661299,0.0540911965072155,-0.0156553927809,71.16705322265625,102.7725982666016,-1.89874267578125
30810,-0.01611328125,0.9955596923828124,-0.0037841796875,0.0126702552661299,0.0540911965072155,-0.0156553927809,71.16705322265625,102.7725982666016,-1.89874267578125
30811,-0.016632080078125,0.99664306640625,-0.006622314453125,0.0128372348845005,0.0516890287399292,-0.013488644734025,71.15391540527344,102.8694763183594,-1.990036010742188
30812,-0.016632080078125,0.99664306640625,-0.006622314453125,0.0128372348845005,0.0516890287399292,-0.013488644734025,71.15391540527344,102.8694763183594,-1.990036010742188
30813,-0.017852783203125,0.9958648681640624,-0.0087432861328125,0.013521134853363,0.0553932189941406,-0.0175212025642395,71.0745849609375,102.7516632080078,-1.906951904296875
30814,-0.017852783203125,0.9958648681640624,-0.0087432861328125,0.013521134853363,0.0553932189941406,-0.0175212025642395,71.0745849609375,102.7516632080078,-1.906951904296875
30815,-0.0185089111328125,0.99346923828125,-0.0072784423828125,0.0161169189959764,0.0593019388616085,-0.0141144869849085,71.13482666015625,102.8360137939453,-1.913497924804688
30816,-0.015960693359375,0.9921722412109376,-0.006378173828125,0.0195561237633228,0.059446282684803,-0.0136497654020786,71.16065979003906,102.8632507324219,-1.842864990234375
30817,-0.0148162841796875,0.993499755859375,-0.0063323974609375,0.0220049005001783,0.0609299279749393,-0.0109495865181088,71.15962219238281,102.9286193847656,-1.92022705078125
30818,-0.0148162841796875,0.993499755859375,-0.0063323974609375,0.0220049005001783,0.0609299279749393,-0.0109495865181088,71.15962219238281,102.9286193847656,-1.92022705078125
30819,-0.014068603515625,0.9937744140625,-0.00689697265625,0.0220049005001783,0.0609299279749393,-0.0109495865181088,71.21614074707031,102.9254302978516,-1.88067626953125
30820,-0.01568603515625,0.997344970703125,-0.0072479248046875,0.0206128675490617,0.0659590438008308,-0.0121360253542661,71.05162048339844,102.8879699707031,-1.847503662109375
30821,-0.0163421630859375,0.9983673095703124,-0.0080413818359375,0.0217716079205274,0.0645811259746551,-0.0122422855347394,71.06166076660156,102.8700103759766,-1.695175170898438
30822,-0.0163421630859375,0.9983673095703124,-0.0080413818359375,0.0217716079205274,0.0645811259746551,-0.0122422855347394,71.06166076660156,102.8700103759766,-1.695175170898438
30823,-0.0165557861328125,0.99981689453125,-0.0096588134765625,0.0187393333762884,0.0678946301341056,-0.0108981877565383,71.15545654296875,102.7787475585938,-1.69354248046875
30824,-0.01715087890625,1.000686645507812,-0.01214599609375,0.0187939275056123,0.0642929673194885,-0.0126774460077285,71.20706176757812,102.8687438964844,-1.820556640625
30825,-0.01336669921875,0.9974517822265624,-0.0116424560546875,0.0234264954924583,0.0577314719557762,-0.0136154107749462,71.03541564941406,102.9494171142578,-1.956207275390625
30826,-0.01336669921875,0.9974517822265624,-0.0116424560546875,0.0234264954924583,0.0577314719557762,-0.0136154107749462,71.03541564941406,102.9494171142578,-1.956207275390625
30827,-0.0127716064453125,0.9970550537109376,-0.0089111328125,0.0234264954924583,0.0577314719557762,-0.0136154107749462,71.07438659667969,103.0903930664062,-2.002532958984375
30828,-0.0125885009765625,0.9953765869140624,-0.0081024169921875,0.0246014837175607,0.0561607405543327,-0.012892629019916,71.01922607421875,103.0256042480469,-1.909423828125
30829,-0.0151214599609375,0.9913177490234376,-0.01123046875,0.020533237606287,0.0570606216788291,-0.0123802367597818,70.98916625976562,102.9510192871094,-1.8486328125
30830,-0.0151214599609375,0.9913177490234376,-0.01123046875,0.020533237606287,0.0570606216788291,-0.0123802367597818,70.98916625976562,102.9510192871094,-1.8486328125
30831,-0.0190887451171875,0.991485595703125,-0.0130615234375,0.020533237606287,0.0570606216788291,-0.0123802367597818,70.95661926269531,102.9823608398438,-1.875442504882812
30832,-0.02142333984375,0.993255615234375,-0.013214111328125,0.0199188478291034,0.0568030960857868,-0.0105589013546705,70.96078491210938,103.0036010742188,-1.887771606445312
30833,-0.0220184326171875,0.9956512451171876,-0.012420654296875,0.0189111065119504,0.0530879870057106,-0.0140833286568522,70.99087524414062,102.7984771728516,-1.885391235351562
30834,-0.0220184326171875,0.9956512451171876,-0.012420654296875,0.0189111065119504,0.0530879870057106,-0.0140833286568522,70.99087524414062,102.7984771728516,-1.885391235351562
30835,-0.0213470458984375,0.9960174560546876,-0.0107574462890625,0.0213526934385299,0.0583336129784584,-0.0117181753739714,70.93710327148438,102.8700561523438,-1.871337890625
30836,-0.0202789306640625,0.995819091796875,-0.0120849609375,0.0242459513247013,0.0661550536751747,-0.0110531840473413,71.03871154785156,102.8380889892578,-1.82611083984375
30837,-0.01690673828125,0.99566650390625,-0.0147857666015625,0.0247831102460622,0.066744141280651,-0.0081857582554221,71.06986999511719,102.6038360595703,-1.908935546875
30838,-0.01690673828125,0.99566650390625,-0.0147857666015625,0.0247831102460622,0.066744141280651,-0.0081857582554221,71.06986999511719,102.6038360595703,-1.908935546875
30839,-0.0181884765625,0.991943359375,-0.0188751220703125,0.0308609772473573,0.063303604722023,-0.0104459831491112,71.01856994628906,102.6042633056641,-1.956161499023438
30840,-0.015899658203125,0.99627685546875,-0.0124969482421875,0.027524834498763,0.0744318887591362,-0.0024879251141101,71.07563781738281,102.6146697998047,-1.837936401367188
30841,-0.014434814453125,0.9924163818359376,-0.01409912109375,0.029469208791852,0.0722382441163063,-0.0045484127476811,71.04129028320312,102.6728515625,-1.855606079101562
30842,-0.014434814453125,0.9924163818359376,-0.01409912109375,0.029469208791852,0.0722382441163063,-0.0045484127476811,71.04129028320312,102.6728515625,-1.855606079101562
30843,-0.016510009765625,0.9903106689453124,-0.010955810546875,0.025702966377139,0.0809672847390174,-0.002967826789245,71.06214904785156,102.6656494140625,-1.849517822265625
30844,-0.0165863037109375,0.9886322021484376,-0.0107574462890625,0.0246052108705043,0.0769027695059776,-0.002820287598297,71.02706909179688,102.7399597167969,-1.69580078125
30845,-0.0168914794921875,0.9887237548828124,-0.0112152099609375,0.0246052108705043,0.0769027695059776,-0.002820287598297,71.04635620117188,102.7414398193359,-1.449691772460938
30846,-0.0168304443359375,0.9902496337890624,-0.009979248046875,0.0256821941584348,0.0784809589385986,0.0016929714474827,71.06411743164062,102.7438507080078,-1.301254272460938
30847,-0.01416015625,0.9957427978515624,-0.0092620849609375,0.0222885273396968,0.0880694016814231,0.0049420278519392,71.041259765625,102.7392730712891,-1.462173461914062
30848,-0.0132598876953125,0.998199462890625,-0.0142364501953125,0.0222885273396968,0.0880694016814231,0.0049420278519392,71.02793884277344,102.7675323486328,-1.657623291015625
30849,-0.018157958984375,0.9947967529296876,-0.0119781494140625,0.0281839668750762,0.089161567389965,0.006604905705899,70.95571899414062,102.8732299804688,-1.673019409179688
30850,-0.018157958984375,0.9947967529296876,-0.0119781494140625,0.0281839668750762,0.089161567389965,0.006604905705899,70.95571899414062,102.8732299804688,-1.673019409179688
30851,-0.0164794921875,0.99591064453125,-0.0121612548828125,0.0278406850993633,0.0884097591042518,0.0050887679681181,70.90664672851562,102.9440002441406,-1.752029418945312
30852,-0.01397705078125,0.9959869384765624,-0.0092620849609375,0.0234517958015203,0.0820077806711196,0.0067428573966026,70.8907470703125,102.8778381347656,-1.723770141601562
30853,-0.0161895751953125,0.9974822998046876,-0.00921630859375,0.0234672427177429,0.089330680668354,0.0089135998860001,70.92819213867188,102.7327117919922,-1.616729736328125
30854,-0.0162353515625,0.996917724609375,-0.00933837890625,0.0234672427177429,0.089330680668354,0.0089135998860001,70.92318725585938,102.7967834472656,-1.586822509765625
30855,-0.0162353515625,0.996917724609375,-0.00933837890625,0.0234672427177429,0.089330680668354,0.0089135998860001,70.92318725585938,102.7967834472656,-1.586822509765625
30856,-0.01641845703125,0.998687744140625,-0.0110626220703125,0.0198219083249568,0.0892723575234413,0.0058597531169652,70.86221313476562,102.9569396972656,-1.71368408203125
30857,-0.017242431640625,0.9969635009765624,-0.015350341796875,0.0189324114471674,0.0876803174614906,0.0075426045805215,70.93765258789062,102.7503662109375,-1.59234619140625
30858,-0.017242431640625,0.9969635009765624,-0.015350341796875,0.0189324114471674,0.0876803174614906,0.0075426045805215,70.93765258789062,102.7503662109375,-1.59234619140625
30859,-0.0174102783203125,0.9976959228515624,-0.014495849609375,0.0214080866426229,0.0993516221642494,0.0076051889918744,70.96694946289062,102.9656219482422,-1.729873657226562
30860,-0.015869140625,0.999786376953125,-0.0137786865234375,0.0214080866426229,0.0993516221642494,0.0076051889918744,70.97932434082031,103.0075836181641,-1.600311279296875
30861,-0.0210418701171875,0.995635986328125,-0.0143585205078125,0.024838238954544,0.1036528944969177,0.0080643184483051,70.93931579589844,102.8635406494141,-1.712661743164062
30862,-0.0210418701171875,0.995635986328125,-0.0143585205078125,0.024838238954544,0.1036528944969177,0.0080643184483051,70.93931579589844,102.8635406494141,-1.712661743164062
30863,-0.0209808349609375,0.9946441650390624,-0.011474609375,0.0262300055474042,0.1097765639424324,0.0042559974826872,70.99540710449219,102.7726440429688,-1.697113037109375
30864,-0.0224151611328125,0.9944000244140624,-0.012420654296875,0.0232438035309314,0.1088990494608879,0.0061511029489338,70.93048095703125,102.756591796875,-1.56256103515625
30865,-0.0209808349609375,0.9984588623046876,-0.011871337890625,0.0227412655949592,0.1149140670895576,0.0015251922886818,70.86405944824219,102.8355865478516,-1.650222778320312
30866,-0.0209808349609375,0.9984588623046876,-0.011871337890625,0.0227412655949592,0.1149140670895576,0.0015251922886818,70.86405944824219,102.8355865478516,-1.650222778320312
30867,-0.0202789306640625,0.999114990234375,-0.01531982421875,0.0249415691941976,0.1145241782069206,0.0038112497422844,70.8560791015625,102.8829650878906,-1.542724609375
30868,-0.0171356201171875,0.9999237060546876,-0.0154571533203125,0.0259048342704772,0.1077858507633209,0.0018239989876747,70.81816101074219,102.7935485839844,-1.434341430664062
30869,-0.0095977783203125,1.001632690429688,-0.0138092041015625,0.0195071212947368,0.1139108538627625,0.0026136261876672,70.89076232910156,102.8467407226562,-1.594573974609375
30870,-0.0089111328125,0.995758056640625,-0.0155487060546875,0.0248797833919525,0.1151010245084763,0.0003219761711079,70.88934326171875,102.8728637695312,-1.63201904296875
30871,-0.0089111328125,0.995758056640625,-0.0155487060546875,0.0248797833919525,0.1151010245084763,0.0003219761711079,70.88934326171875,102.8728637695312,-1.63201904296875
30872,-0.0101318359375,0.99395751953125,-0.0158538818359375,0.0236001349985599,0.1233416423201561,0.0072885393165051,70.85371398925781,102.8596801757812,-1.627182006835938
30873,-0.0147857666015625,1.000411987304688,-0.010894775390625,0.0384129025042057,0.1363818049430847,0.0039808931760489,70.91888427734375,102.7674255371094,-1.726699829101562
30874,-0.0147857666015625,1.000411987304688,-0.010894775390625,0.0384129025042057,0.1363818049430847,0.0039808931760489,70.91888427734375,102.7674255371094,-1.726699829101562
30875,-0.01727294921875,1.00152587890625,-0.0121307373046875,0.0384272821247577,0.1439004391431808,0.0035547874867916,70.96630859375,102.7057037353516,-1.614456176757812
30876,-0.018218994140625,1.002197265625,-0.0125274658203125,0.0389841496944427,0.1435273438692093,-0.0017041567480191,70.96762084960938,102.7118988037109,-1.622406005859375
30877,-0.018890380859375,1.000839233398438,-0.013885498046875,0.0347499921917915,0.14162877202034,-0.0034610440488904,70.952392578125,102.6642456054688,-1.626052856445312
30878,-0.0177001953125,0.994964599609375,-0.015045166015625,0.0355867557227611,0.1387869119644165,-0.005836583673954,70.86346435546875,102.9119873046875,-1.721511840820312
30879,-0.01727294921875,0.9934539794921876,-0.01470947265625,0.0357742421329021,0.1337223798036575,-0.0057939733378589,70.84571838378906,102.9004364013672,-1.623916625976562
30880,-0.0146942138671875,0.993255615234375,-0.013916015625,0.0372200720012188,0.1436522454023361,-0.003614175831899,70.86882019042969,102.8733978271484,-1.663604736328125
30881,-0.013427734375,0.9920501708984376,-0.01318359375,0.0355553291738033,0.1460703909397125,-0.0036802222020924,70.89710998535156,102.7382354736328,-1.57501220703125
30882,-0.013427734375,0.9920501708984376,-0.01318359375,0.0355553291738033,0.1460703909397125,-0.0036802222020924,70.89710998535156,102.7382354736328,-1.57501220703125
30883,-0.0119476318359375,0.993316650390625,-0.013641357421875,0.0406411699950695,0.1463577449321747,0.0018985675415024,70.82887268066406,102.7799682617188,-1.552474975585938
30884,-0.011871337890625,0.9940185546875,-0.0112762451171875,0.0425743572413921,0.1543389707803726,0.0006982808117754,70.80239868164062,102.8782958984375,-1.529541015625
30885,-0.0064544677734375,1.001998901367188,-0.008453369140625,0.0460058413445949,0.1676944643259048,-0.0001182443520519,70.85888671875,102.7182922363281,-1.129989624023438
30886,-0.0064544677734375,1.001998901367188,-0.008453369140625,0.0460058413445949,0.1676944643259048,-0.0001182443520519,70.85888671875,102.7182922363281,-1.129989624023438
30887,-0.003173828125,1.00634765625,-0.00457763671875,0.0453256703913211,0.1718801558017731,-0.0016298545524477,70.80874633789062,102.7491607666016,-1.35992431640625
30888,0.000640869140625,1.006301879882812,-0.0030059814453125,0.0465081147849559,0.182495504617691,-0.0010330402292311,70.84835815429688,102.6506042480469,-1.264663696289062
30889,0.0017547607421875,1.002548217773438,-0.005767822265625,0.0369657427072525,0.1899936348199844,-0.0017379788914695,70.76028442382812,102.6333465576172,-1.290786743164062
30890,0.0017547607421875,1.002548217773438,-0.005767822265625,0.0369657427072525,0.1899936348199844,-0.0017379788914695,70.76028442382812,102.6333465576172,-1.290786743164062
30891,0.0064239501953125,1.004440307617188,-0.0052032470703125,0.0370259284973144,0.1977626085281372,-0.0017611484508961,70.89324951171875,102.6784210205078,-1.250350952148438
30892,0.005340576171875,0.9993133544921876,-0.00946044921875,0.0414851270616054,0.2050735205411911,-0.0014090784825384,70.83857727050781,102.717529296875,-1.249008178710938
30893,0.014190673828125,0.99273681640625,-0.0074615478515625,0.0496927201747894,0.2235406786203384,0.0048871668986976,70.82041931152344,102.7109222412109,-1.162155151367188
30894,0.014190673828125,0.99273681640625,-0.0074615478515625,0.0496927201747894,0.2235406786203384,0.0048871668986976,70.82041931152344,102.7109222412109,-1.162155151367188
30895,0.011444091796875,0.983673095703125,-0.0152130126953125,0.0496927201747894,0.2235406786203384,0.0048871668986976,70.78096008300781,102.6096496582031,-1.06787109375
30896,0.011962890625,0.9863128662109376,-0.0156402587890625,0.05186453089118,0.2313629239797592,0.0016394419362768,70.76054382324219,102.6553649902344,-1.1405029296875
30897,0.0100250244140625,0.987213134765625,-0.0163726806640625,0.0506791546940803,0.2400608062744141,0.0021763353142887,70.79696655273438,102.6076049804688,-1.208206176757812
30898,0.0013427734375,0.9821929931640624,-0.0201873779296875,0.0515974126756191,0.2376189529895782,-0.0005632585380226,70.8170166015625,102.6617126464844,-1.33843994140625
30899,-0.00274658203125,0.985504150390625,-0.0200958251953125,0.0515974126756191,0.2376189529895782,-0.0005632585380226,70.83543395996094,102.5428161621094,-1.290939331054688
30900,-0.00555419921875,0.9913177490234376,-0.017120361328125,0.0455941148102283,0.2349850833415985,-0.0049702576361596,70.89363098144531,102.5549926757812,-1.120681762695312
30901,-0.0068206787109375,0.99554443359375,-0.019866943359375,0.0388544537127018,0.2188918590545654,-0.0058648134581744,70.79936218261719,102.4636535644531,-1.095993041992188
30902,-0.0068206787109375,0.99554443359375,-0.019866943359375,0.0388544537127018,0.2188918590545654,-0.0058648134581744,70.79936218261719,102.4636535644531,-1.095993041992188
30903,-0.0020751953125,0.995086669921875,-0.0130615234375,0.036679983139038,0.2164849042892456,-0.0035561190452426,70.83749389648438,102.4705505371094,-1.214096069335938
30904,0.00238037109375,0.997894287109375,-0.009521484375,0.0368387065827846,0.2159879505634308,-0.0018514295807108,70.76237487792969,102.6594696044922,-1.175216674804688
30905,0.003448486328125,0.9945068359375,-0.0039520263671875,0.0361620001494884,0.22846619784832,0.0079053277149796,70.75979614257812,102.6875152587891,-1.16339111328125
30906,0.003448486328125,0.9945068359375,-0.0039520263671875,0.0361620001494884,0.22846619784832,0.0079053277149796,70.75979614257812,102.6875152587891,-1.16339111328125
30907,0.0059967041015625,0.9902496337890624,-0.0045318603515625,0.0361620001494884,0.22846619784832,0.0079053277149796,70.72190856933594,102.6355743408203,-1.207305908203125
30908,0.0067901611328125,0.9950103759765624,-0.0044708251953125,0.0358112603425979,0.2425913363695145,0.0055708005093038,70.70120239257812,102.7862396240234,-1.185028076171875
30909,0.006256103515625,0.9948272705078124,-0.013214111328125,0.0368994288146495,0.2598185241222382,0.0144372629001736,70.77259826660156,102.6432952880859,-0.9288787841796876
30910,0.006256103515625,0.9948272705078124,-0.013214111328125,0.0368994288146495,0.2598185241222382,0.0144372629001736,70.77259826660156,102.6432952880859,-0.9288787841796876
30911,0.001373291015625,0.9886627197265624,-0.0231170654296875,0.040186833590269,0.2587644457817078,0.0189095083624124,70.7413330078125,102.6063079833984,-1.035736083984375
30912,-0.0002288818359375,0.989501953125,-0.02691650390625,0.0446417704224586,0.2571644186973572,0.0216272640973329,70.65921020507812,102.6627960205078,-1.031845092773438
30913,-0.0077972412109375,0.9956512451171876,-0.0327301025390625,0.0496327988803386,0.2476838380098343,0.0208727903664112,70.61491394042969,102.7895355224609,-1.011383056640625
30914,-0.0077972412109375,0.9956512451171876,-0.0327301025390625,0.0496327988803386,0.2476838380098343,0.0208727903664112,70.61491394042969,102.7895355224609,-1.011383056640625
30915,-0.0103302001953125,1.001434326171875,-0.0299224853515625,0.0496327988803386,0.2476838380098343,0.0208727903664112,70.64054870605469,102.7383117675781,-1.002792358398438
30916,-0.013153076171875,1.00634765625,-0.026947021484375,0.0491515658795833,0.2450819313526154,0.0221622940152883,70.66778564453125,102.6568298339844,-0.927154541015625
30917,-0.0177459716796875,1.00091552734375,-0.0225372314453125,0.0461728200316429,0.2461320161819458,0.0151698980480432,70.71617126464844,102.6191711425781,-0.913299560546875
30918,-0.0177459716796875,1.00091552734375,-0.0225372314453125,0.0461728200316429,0.2461320161819458,0.0151698980480432,70.71617126464844,102.6191711425781,-0.913299560546875
30919,-0.0162811279296875,0.9998626708984376,-0.0195159912109375,0.0461728200316429,0.2461320161819458,0.0151698980480432,70.67521667480469,102.6965026855469,-0.9035491943359376
30920,-0.0166473388671875,1.000473022460938,-0.0180816650390625,0.0463962592184543,0.2519156038761139,0.0146340699866414,70.64889526367188,102.7588195800781,-0.97540283203125
30921,-0.020294189453125,0.9937591552734376,-0.01934814453125,0.0506581179797649,0.2371441125869751,0.0131754567846655,70.69572448730469,102.6719512939453,-0.9141387939453124
30922,-0.020294189453125,0.9937591552734376,-0.01934814453125,0.0506581179797649,0.2371441125869751,0.0131754567846655,70.69572448730469,102.6719512939453,-0.9141387939453124
30923,-0.0234527587890625,0.9912872314453124,-0.0194549560546875,0.0449496321380138,0.2305591702461243,0.0136526953428983,70.68502807617188,102.6944885253906,-0.9332427978515624
30924,-0.0255126953125,0.9888763427734376,-0.021484375,0.0449496321380138,0.2305591702461243,0.0136526953428983,70.70722961425781,102.5786285400391,-0.782867431640625
30925,-0.0289459228515625,0.98638916015625,-0.0241851806640625,0.0456814691424369,0.2099135518074036,0.0190884731709957,70.74063110351562,102.6673126220703,-0.6517181396484375
30926,-0.030609130859375,0.993682861328125,-0.0195159912109375,0.0448716022074222,0.197610542178154,0.0201643910259008,70.76303100585938,102.5985412597656,-0.5666961669921875
30927,-0.0330963134765625,1.003524780273438,-0.018646240234375,0.0368216633796691,0.1942592263221741,0.0209002215415239,70.71430969238281,102.5520935058594,-0.74298095703125
30928,-0.0379638671875,1.013107299804688,-0.019500732421875,0.0311864148825407,0.1831067055463791,0.016063654795289,70.68167114257812,102.6230773925781,-0.6966705322265625
30929,-0.037933349609375,1.0267333984375,-0.030487060546875,0.0242147911339998,0.1755127012729645,0.013987454585731,70.77508544921875,102.5129699707031,-0.7229461669921875
30930,-0.037933349609375,1.0267333984375,-0.030487060546875,0.0242147911339998,0.1755127012729645,0.013987454585731,70.77508544921875,102.5129699707031,-0.7229461669921875
30931,-0.0306396484375,1.026077270507812,-0.0330352783203125,0.0258094929158687,0.1667383909225464,0.0118531975895166,70.79052734375,102.4800262451172,-0.752410888671875
30932,-0.020843505859375,1.021163940429688,-0.040679931640625,0.0341417230665683,0.1616722494363785,0.0121490741148591,70.76278686523438,102.6815795898438,-0.7221527099609375
30933,-0.0089874267578125,1.016571044921875,-0.04803466796875,0.0802279934287071,0.1415893584489822,0.0143762761726975,70.73402404785156,102.5274505615234,-0.4109649658203125
30934,-0.0089874267578125,1.016571044921875,-0.04803466796875,0.0802279934287071,0.1415893584489822,0.0143762761726975,70.73402404785156,102.5274505615234,-0.4109649658203125
30935,-0.008026123046875,1.017333984375,-0.0538787841796875,0.0919895768165588,0.1278397142887115,0.0129027487710118,70.66757202148438,102.6558837890625,-0.5008392333984375
30936,-0.0168609619140625,1.018325805664062,-0.062652587890625,0.0983806326985359,0.1235640123486519,0.0127245839685201,70.70744323730469,102.700439453125,-0.617523193359375
30937,-0.0497283935546875,1.01556396484375,-0.0640411376953125,0.1119086891412735,0.1240745410323143,0.0053606769070029,70.76449584960938,102.7779388427734,-0.627960205078125
30938,-0.0497283935546875,1.01556396484375,-0.0640411376953125,0.1119086891412735,0.1240745410323143,0.0053606769070029,70.76449584960938,102.7779388427734,-0.627960205078125
30939,-0.0598907470703125,1.015243530273438,-0.0635223388671875,0.1238433793187141,0.1334123909473419,0.0035715652629733,70.78128051757812,102.7193450927734,-0.4587249755859375
30940,-0.0460357666015625,0.9958648681640624,-0.06500244140625,0.1292879432439804,0.1300384253263474,0.002152100438252,70.84469604492188,102.548828125,-0.4953155517578125
30941,-0.029052734375,0.9844207763671876,-0.06085205078125,0.1249238252639771,0.1317087560892105,0.0083591295406222,70.78163146972656,102.4446258544922,-0.2690582275390625
30942,-0.029052734375,0.9844207763671876,-0.06085205078125,0.1249238252639771,0.1317087560892105,0.0083591295406222,70.78163146972656,102.4446258544922,-0.2690582275390625
30943,-0.0141143798828125,0.9830474853515624,-0.0607452392578125,0.1181788370013237,0.1310573518276215,0.014379471540451,70.85084533691406,102.5559539794922,-0.25146484375
30944,-0.0036773681640625,0.987762451171875,-0.057525634765625,0.1078052893280983,0.115090899169445,0.0261077675968408,70.81642150878906,102.6080474853516,-0.4285430908203125
30945,-0.001220703125,0.989593505859375,-0.0498199462890625,0.1073309853672981,0.1148624047636986,0.0270697008818388,70.88276672363281,102.6393127441406,-0.51922607421875
30946,-0.00762939453125,0.989990234375,-0.0411834716796875,0.1073309853672981,0.1148624047636986,0.0270697008818388,70.87886047363281,102.4618835449219,-0.110931396484375
30947,-0.03570556640625,1.001296997070312,-0.0303192138671875,0.1033239886164665,0.0950948223471641,0.0185550414025783,70.91217041015625,102.6157531738281,-0.1581268310546875
30948,-0.0435943603515625,1.008026123046875,-0.0299224853515625,0.0974309518933296,0.0822029933333396,0.0018596854060888,70.86981201171875,102.5550842285156,-0.0935211181640625
30949,-0.03857421875,1.013687133789062,-0.0383758544921875,0.0931296795606613,0.0998408421874046,0.0034591800067573,70.86766052246094,102.6290435791016,-0.460296630859375
30950,-0.03857421875,1.013687133789062,-0.0383758544921875,0.0931296795606613,0.0998408421874046,0.0034591800067573,70.86766052246094,102.6290435791016,-0.460296630859375
30951,-0.03857421875,1.013687133789062,-0.0383758544921875,0.0931296795606613,0.0998408421874046,0.0034591800067573,70.86766052246094,102.6290435791016,-0.460296630859375
30952,-0.0320892333984375,1.01336669921875,-0.0454254150390625,0.0931296795606613,0.0998408421874046,0.0034591800067573,70.77992248535156,102.6171875,-0.67388916015625
30953,-0.018585205078125,1.004913330078125,-0.058868408203125,0.0998323187232017,0.1152277886867523,0.0105000454932451,70.7962646484375,102.6489105224609,-0.9003753662109375
30954,-0.018585205078125,1.004913330078125,-0.058868408203125,0.0998323187232017,0.1152277886867523,0.0105000454932451,70.7962646484375,102.6489105224609,-0.9003753662109375
30955,-0.0177154541015625,0.99945068359375,-0.0551605224609375,0.1018640473484993,0.1158701404929161,0.0099101550877094,70.83377075195312,102.5771026611328,-0.918243408203125
30956,-0.02166748046875,0.9940032958984376,-0.0538482666015625,0.0981185734272003,0.1176981404423714,0.0115559883415699,70.8123779296875,102.5760803222656,-0.9780120849609376
30957,-0.0509185791015625,0.96710205078125,-0.0535888671875,0.0912130028009414,0.0783515274524688,0.0111013865098357,70.70057678222656,102.7180633544922,-1.280776977539062
30958,-0.0509185791015625,0.96710205078125,-0.0535888671875,0.0912130028009414,0.0783515274524688,0.0111013865098357,70.70057678222656,102.7180633544922,-1.280776977539062
30959,-0.0509185791015625,0.96710205078125,-0.0535888671875,0.0912130028009414,0.0783515274524688,0.0111013865098357,70.70057678222656,102.7180633544922,-1.280776977539062
30960,-0.0601348876953125,0.9689483642578124,-0.0523681640625,0.0890747457742691,0.0825755670666694,0.0076533923856914,70.69815063476562,102.7219390869141,-1.281341552734375
30961,-0.06268310546875,0.9835205078125,-0.052947998046875,0.0891881957650184,0.1261286437511444,-0.0024679512716829,70.76376342773438,102.7366180419922,-1.178070068359375
30962,-0.06268310546875,0.9835205078125,-0.052947998046875,0.0891881957650184,0.1261286437511444,-0.0024679512716829,70.76376342773438,102.7366180419922,-1.178070068359375
30963,-0.06005859375,0.9894866943359376,-0.055938720703125,0.0935965329408645,0.1420769840478897,-0.0043928842060267,70.80734252929688,102.63623046875,-1.147003173828125
30964,-0.046478271484375,0.9929046630859376,-0.0511474609375,0.0939006656408309,0.146317258477211,-0.0066911922767758,70.87655639648438,102.7206115722656,-1.086227416992188
30965,-0.0209503173828125,0.9907989501953124,-0.0282135009765625,0.0901786312460899,0.1333162486553192,-0.0206056758761405,70.80255126953125,102.8949127197266,-1.296295166015625
30966,-0.009063720703125,0.9896697998046876,-0.0101318359375,0.0732145607471466,0.1337423473596573,-0.016733705997467,70.83314514160156,102.9369659423828,-1.335540771484375
30967,-0.009063720703125,0.9896697998046876,-0.0101318359375,0.0732145607471466,0.1337423473596573,-0.016733705997467,70.83314514160156,102.9369659423828,-1.335540771484375
30968,-0.000457763671875,0.989898681640625,0.000244140625,0.0732145607471466,0.1337423473596573,-0.016733705997467,70.7681884765625,102.9005584716797,-1.2928466796875
30969,0.00445556640625,0.991363525390625,0.001556396484375,0.0310458000749349,0.1233775913715363,-0.0098116183653473,70.79583740234375,102.8877105712891,-1.372802734375
30970,0.00445556640625,0.991363525390625,0.001556396484375,0.0310458000749349,0.1233775913715363,-0.0098116183653473,70.79583740234375,102.8877105712891,-1.372802734375
30971,0.0007476806640625,0.9990386962890624,-0.009002685546875,0.0165598019957542,0.1162416562438011,-0.0074129090644419,70.70310974121094,102.9453277587891,-1.39996337890625
30972,-0.0034332275390625,1.007644653320312,-0.0157470703125,0.005560946650803,0.1053384095430374,-0.013375992886722,70.65570068359375,103.0682830810547,-1.39031982421875
30973,-0.0120849609375,1.010772705078125,-0.0213623046875,0.0075500616803765,0.109041266143322,-0.013480388559401,70.80744934082031,103.0256652832031,-1.3209228515625
30974,-0.019622802734375,1.00653076171875,-0.0175323486328125,0.0083210468292236,0.1092820167541504,-0.0176610182970762,70.82148742675781,103.0027008056641,-1.285110473632812
30975,-0.019622802734375,1.00653076171875,-0.0175323486328125,0.0083210468292236,0.1092820167541504,-0.0176610182970762,70.82148742675781,103.0027008056641,-1.285110473632812
30976,-0.0252838134765625,1.003952026367188,-0.011810302734375,-0.0040043289773166,0.1201740801334381,-0.0239213109016418,70.75613403320312,102.9860687255859,-1.182571411132812
30977,-0.025726318359375,0.98748779296875,-0.0188446044921875,-0.0289022214710712,0.134434774518013,-0.0318660549819469,70.69332885742188,103.0047149658203,-1.246231079101562
30978,-0.025726318359375,0.98748779296875,-0.0188446044921875,-0.0289022214710712,0.134434774518013,-0.0318660549819469,70.69332885742188,103.0047149658203,-1.246231079101562
30979,-0.023040771484375,0.9806976318359376,-0.0296173095703125,-0.0354591906070709,0.1542737185955048,-0.0309451334178447,70.70462036132812,102.8725738525391,-1.316787719726562
30980,-0.0200653076171875,0.9778900146484376,-0.03704833984375,-0.0354591906070709,0.1542737185955048,-0.0309451334178447,70.72134399414062,102.9691314697266,-1.265701293945312
30981,-0.0130157470703125,0.964630126953125,-0.0438385009765625,-0.0200445484369993,0.147978276014328,-0.0329845808446407,70.77828979492188,102.8000946044922,-0.793609619140625
30982,-0.0130157470703125,0.964630126953125,-0.0438385009765625,-0.0200445484369993,0.147978276014328,-0.0329845808446407,70.77828979492188,102.8000946044922,-0.793609619140625
30983,-0.0081024169921875,0.959808349609375,-0.039520263671875,-0.0200445484369993,0.147978276014328,-0.0329845808446407,70.77806091308594,102.8358612060547,-0.7671661376953125
30984,-0.0058441162109375,0.960235595703125,-0.0367584228515625,-0.0208653341978788,0.1358859241008759,-0.0282819718122482,70.79573059082031,102.91357421875,-0.6743927001953125
30985,-0.0015716552734375,0.9758758544921876,-0.026947021484375,-0.0252057537436485,0.1047932580113411,-0.0368770584464073,70.69136047363281,102.9320068359375,-0.7136993408203125
30986,0.008575439453125,1.014495849609375,-0.0172882080078125,-0.0445461608469486,0.0725698098540306,-0.0428747609257698,70.68403625488281,103.0872802734375,-0.702911376953125
30987,0.033935546875,1.063568115234375,-0.0108642578125,-0.087665669620037,0.0496136248111724,-0.0669819638133049,70.60432434082031,102.9597473144531,-0.697723388671875
30988,0.0542144775390625,1.09295654296875,-0.0279541015625,-0.1022885516285896,0.0362386964261531,-0.0594313703477382,70.62657165527344,103.0230865478516,-0.7836456298828125
30989,0.054229736328125,1.066757202148438,-0.03021240234375,-0.0776149034500122,0.1312339156866074,-0.0488106831908226,70.63948059082031,103.0605621337891,-0.6556549072265625
30990,0.054229736328125,1.066757202148438,-0.03021240234375,-0.0776149034500122,0.1312339156866074,-0.0488106831908226,70.63948059082031,103.0605621337891,-0.6556549072265625
30991,-0.020477294921875,1.003997802734375,-0.0359039306640625,-0.0631171837449073,0.1557778716087341,-0.0531111545860767,70.64474487304688,103.0112152099609,-0.5693359375
30992,-0.020477294921875,1.003997802734375,-0.0359039306640625,-0.0631171837449073,0.1557778716087341,-0.0531111545860767,70.64474487304688,103.0112152099609,-0.5693359375
30993,-0.0695648193359375,0.939605712890625,-0.035247802734375,-0.0637539476156234,0.1429355889558792,-0.0688099563121795,70.54450988769531,102.9427490234375,-0.22259521484375
30994,-0.0695648193359375,0.939605712890625,-0.035247802734375,-0.0637539476156234,0.1429355889558792,-0.0688099563121795,70.54450988769531,102.9427490234375,-0.22259521484375
30995,-0.078094482421875,0.9093170166015624,-0.050323486328125,-0.0664282888174057,0.14906245470047,-0.0627824217081069,70.53044128417969,102.8652191162109,-0.240875244140625
30996,-0.078155517578125,0.9074554443359376,-0.0709228515625,-0.0643803179264068,0.1553784012794495,-0.0571772679686546,70.44184875488281,102.9655456542969,-0.2122650146484375
30997,-0.0355224609375,0.9344940185546876,-0.0978851318359375,-0.0405482240021228,0.1592812687158585,-0.0501358695328235,70.44236755371094,103.0089416503906,-0.1546173095703125
30998,-0.0355224609375,0.9344940185546876,-0.0978851318359375,-0.0405482240021228,0.1592812687158585,-0.0501358695328235,70.44236755371094,103.0089416503906,-0.1546173095703125
30999,-0.00164794921875,0.9459075927734376,-0.0984954833984375,-0.035934031009674,0.1448123157024384,-0.056741576641798,70.44822692871094,103.0487213134766,-0.29296875
31000,0.01641845703125,0.943817138671875,-0.0930023193359375,-0.0530525669455528,0.1241951882839203,-0.072172462940216,70.37490844726562,103.1044921875,-0.30487060546875
31001,0.050079345703125,0.97784423828125,-0.0871429443359375,-0.1200667545199394,0.0154857486486434,-0.0571706108748912,70.31773376464844,102.9773712158203,-0.3796234130859375
31002,0.050079345703125,0.97784423828125,-0.0871429443359375,-0.1200667545199394,0.0154857486486434,-0.0571706108748912,70.31773376464844,102.9773712158203,-0.3796234130859375
31003,0.058868408203125,1.006256103515625,-0.0828857421875,-0.1200667545199394,0.0154857486486434,-0.0571706108748912,70.22976684570312,103.0083923339844,-0.421722412109375
31004,0.0554046630859375,1.027664184570312,-0.0944671630859375,-0.1041474416851997,0.0403689928352832,-0.0366200618445873,70.25050354003906,103.0596923828125,-0.3108978271484375
31005,0.037994384765625,1.042129516601562,-0.1107177734375,-0.075602613389492,0.0903392136096954,-0.0270191002637147,70.26766967773438,103.1891174316406,-0.3538970947265625
31006,0.003875732421875,1.0421142578125,-0.12115478515625,-0.0134074185043573,0.1806744337081909,-0.0319880247116088,70.26596069335938,103.1620483398438,-0.2644500732421875
31007,-0.0404815673828125,1.032684326171875,-0.1220550537109375,-0.0134074185043573,0.1806744337081909,-0.0319880247116088,70.21665954589844,103.18505859375,-0.261688232421875
31008,-0.0684814453125,1.020721435546875,-0.1120147705078125,0.0065931878052651,0.1910764873027802,-0.0478700548410415,70.24795532226562,103.1605224609375,-0.215911865234375
31009,-0.076202392578125,0.988372802734375,-0.077972412109375,0.0138545632362365,0.1934991627931595,-0.0770966485142707,70.21665954589844,103.0112457275391,-0.151519775390625
31010,-0.076202392578125,0.988372802734375,-0.077972412109375,0.0138545632362365,0.1934991627931595,-0.0770966485142707,70.21665954589844,103.0112457275391,-0.151519775390625
31011,-0.056396484375,0.9849853515625,-0.079345703125,-0.0095445029437541,0.1747792661190033,-0.0684160739183425,70.09590148925781,103.0375671386719,-0.069244384765625
31012,-0.031890869140625,0.9935760498046876,-0.08270263671875,-0.0092454301193356,0.1681210994720459,-0.0602950304746627,70.04676818847656,103.0182342529297,-0.12554931640625
31013,0.0127716064453125,0.9815673828125,-0.0862274169921875,0.0134220654144883,0.1776064783334732,-0.0506855472922325,70.06842041015625,103.1605377197266,-0.007568359375
31014,0.0127716064453125,0.9815673828125,-0.0862274169921875,0.0134220654144883,0.1776064783334732,-0.0506855472922325,70.06842041015625,103.1605377197266,-0.007568359375
31015,0.0210418701171875,0.962615966796875,-0.083160400390625,0.0134220654144883,0.1776064783334732,-0.0506855472922325,69.99055480957031,103.2219696044922,-0.098358154296875
31016,0.0227203369140625,0.94610595703125,-0.0762939453125,0.0028479844331741,0.164955660700798,-0.0419663600623607,70.01609802246094,103.1913452148438,0.00506591796875
31017,0.005340576171875,0.9530181884765624,-0.0634765625,-0.0244092028588056,0.1610514670610428,-0.0434271022677421,69.897705078125,103.1904907226562,0.122161865234375
31018,0.005340576171875,0.9530181884765624,-0.0634765625,-0.0244092028588056,0.1610514670610428,-0.0434271022677421,69.897705078125,103.1904907226562,0.122161865234375
31019,-0.0111083984375,0.9647369384765624,-0.0610198974609375,-0.0244092028588056,0.1610514670610428,-0.0434271022677421,69.92178344726562,103.3114471435547,0.094146728515625
31020,-0.024566650390625,0.9833221435546876,-0.0631256103515625,-0.0295789316296577,0.1774948984384537,-0.0450489670038223,69.9090576171875,103.3126983642578,-0.019683837890625
31021,-0.0408935546875,1.005813598632812,-0.071624755859375,-0.0303975865244865,0.2095774561166763,-0.0525561533868312,69.89663696289062,103.0641632080078,0.239105224609375
31022,-0.0435943603515625,1.008804321289062,-0.0752410888671875,-0.0297451131045818,0.2223129570484161,-0.0556584671139717,69.90046691894531,103.1263580322266,0.1499176025390625
31023,-0.0435943603515625,1.008804321289062,-0.0752410888671875,-0.0297451131045818,0.2223129570484161,-0.0556584671139717,69.90046691894531,103.1263580322266,0.1499176025390625
31024,-0.0374908447265625,1.003616333007812,-0.0803680419921875,-0.0283504147082567,0.2293935120105743,-0.0565927065908908,69.82963562011719,103.1756744384766,0.234832763671875
31025,-0.0179443359375,0.984161376953125,-0.0748138427734375,-0.0232768263667821,0.2396983504295349,-0.0479121319949626,69.79521179199219,103.20751953125,0.376373291015625
31026,-0.0179443359375,0.984161376953125,-0.0748138427734375,-0.0232768263667821,0.2396983504295349,-0.0479121319949626,69.79521179199219,103.20751953125,0.376373291015625
31027,-0.0116729736328125,0.9793548583984376,-0.067352294921875,-0.0236475393176078,0.2480883747339249,-0.0442782491445541,69.80908203125,103.1798858642578,0.4813995361328125
31028,-0.011199951171875,0.97882080078125,-0.0576324462890625,-0.0305552463978529,0.2679736614227295,-0.033940389752388,69.8017578125,103.1675415039062,0.4566650390625
31029,-0.0207672119140625,0.9765625,-0.0526885986328125,-0.0587456040084362,0.2691462337970734,-0.032251413911581,69.70137023925781,103.2225341796875,0.4265289306640625
31030,-0.0207672119140625,0.9765625,-0.0526885986328125,-0.0587456040084362,0.2691462337970734,-0.032251413911581,69.70137023925781,103.2225341796875,0.4265289306640625
31031,-0.0224151611328125,0.9808197021484376,-0.0579833984375,-0.0695585682988166,0.2735300660133362,-0.0362280458211898,69.69650268554688,103.2371826171875,0.51953125
31032,-0.0250091552734375,0.9906463623046876,-0.0619964599609375,-0.0809286683797836,0.2793426811695099,-0.039407592266798,69.64443969726562,103.2528686523438,0.6285858154296875
31033,-0.02392578125,0.998321533203125,-0.075927734375,-0.0820336192846298,0.2722491025924683,-0.0384304784238338,69.59207153320312,103.3175201416016,0.62677001953125
31034,-0.02392578125,0.998321533203125,-0.075927734375,-0.0820336192846298,0.2722491025924683,-0.0384304784238338,69.59207153320312,103.3175201416016,0.62677001953125
31035,-0.0206756591796875,1.000656127929688,-0.0729827880859375,-0.0800897777080535,0.2847646176815033,-0.0408385097980499,69.61643981933594,103.3155364990234,0.7006683349609375
31036,-0.01312255859375,0.9946441650390624,-0.0748443603515625,-0.0763616189360618,0.2784015238285065,-0.0437698513269424,69.53341674804688,103.3287506103516,0.678131103515625
31037,-0.0068206787109375,0.9889373779296876,-0.0733489990234375,-0.0740012601017952,0.2758094668388367,-0.0370855815708637,69.51318359375,103.3047027587891,0.922943115234375
31038,-0.0068206787109375,0.9889373779296876,-0.0733489990234375,-0.0740012601017952,0.2758094668388367,-0.0370855815708637,69.51318359375,103.3047027587891,0.922943115234375
31039,-0.005889892578125,0.9820098876953124,-0.0702667236328125,-0.0690219476819038,0.2779929935932159,-0.0338378585875034,69.47865295410156,103.2284545898438,1.049224853515625
31040,-0.0045928955078125,0.9844818115234376,-0.065155029296875,-0.0602838471531868,0.2932678163051605,-0.0287259202450513,69.44389343261719,103.1281280517578,1.087738037109375
31041,-0.006011962890625,0.9913482666015624,-0.065338134765625,-0.0592569299042224,0.3065061271190643,-0.0189659669995307,69.46424865722656,103.1843872070312,1.167129516601562
31042,-0.006011962890625,0.9913482666015624,-0.065338134765625,-0.0592569299042224,0.3065061271190643,-0.0189659669995307,69.46424865722656,103.1843872070312,1.167129516601562
31043,-0.0068817138671875,1.000350952148438,-0.068145751953125,-0.0592569299042224,0.3065061271190643,-0.0189659669995307,69.41018676757812,103.1738739013672,1.198394775390625
31044,-0.0088958740234375,1.006546020507812,-0.0640716552734375,-0.0552944131195545,0.3119701445102692,-0.0185920596122741,69.36279296875,103.1392211914062,1.361785888671875
31045,-0.0093994140625,1.006622314453125,-0.054443359375,-0.0608148798346519,0.3148402273654938,-0.0162146557122468,69.35755920410156,103.0227966308594,1.710708618164062
31046,-0.0093994140625,1.006622314453125,-0.054443359375,-0.0608148798346519,0.3148402273654938,-0.0162146557122468,69.35755920410156,103.0227966308594,1.710708618164062
31047,-0.00628662109375,1.000823974609375,-0.0547027587890625,-0.0612266063690185,0.3185713291168213,-0.0162540711462497,69.33706665039062,103.0990600585938,1.626007080078125
31048,-0.0032501220703125,0.9929351806640624,-0.0637359619140625,-0.0461512506008148,0.3247410655021667,-0.0103405220434069,69.23255920410156,103.0793151855469,1.5269775390625
31049,0.00079345703125,0.983856201171875,-0.0728302001953125,-0.0410227999091148,0.3190245926380157,-0.0074432687833905,69.22966003417969,103.1165008544922,1.59259033203125
31050,0.00079345703125,0.983856201171875,-0.0728302001953125,-0.0410227999091148,0.3190245926380157,-0.0074432687833905,69.22966003417969,103.1165008544922,1.59259033203125
31051,0.002532958984375,0.9765167236328124,-0.067291259765625,-0.0324974879622459,0.3174810111522675,-0.0070456587709486,69.22319030761719,103.1905975341797,1.554611206054688
31052,0.0046234130859375,0.974151611328125,-0.0621490478515625,-0.0273045916110277,0.3307584822177887,-0.000491619517561,69.21058654785156,103.271728515625,1.505096435546875
31053,-0.0016021728515625,0.97174072265625,-0.0548095703125,-0.0260401219129562,0.3516744077205658,0.0056075518950819,69.18119812011719,103.2765655517578,1.664215087890625
31054,-0.0016021728515625,0.97174072265625,-0.0548095703125,-0.0260401219129562,0.3516744077205658,0.0056075518950819,69.18119812011719,103.2765655517578,1.664215087890625
31055,-0.00244140625,0.9751434326171876,-0.0522613525390625,-0.0482599399983882,0.3415552079677582,0.0093298517167568,69.12109375,103.2409362792969,1.586990356445312
31056,-0.0054168701171875,0.97607421875,-0.049224853515625,-0.0482599399983882,0.3415552079677582,0.0093298517167568,69.03330993652344,103.2435455322266,1.651168823242188
31057,-0.0051422119140625,0.9803466796875,-0.0510101318359375,-0.0869591310620307,0.3169681131839752,0.0099956421181559,68.88215637207031,103.3479919433594,1.841171264648438
31058,-0.0051422119140625,0.9803466796875,-0.0510101318359375,-0.0869591310620307,0.3169681131839752,0.0099956421181559,68.88215637207031,103.3479919433594,1.841171264648438
31059,0.0002288818359375,0.9844512939453124,-0.0591278076171875,-0.1030510142445564,0.294164776802063,0.0111325457692146,68.9351806640625,103.4443206787109,1.985687255859375
31060,0.00836181640625,0.9895172119140624,-0.067657470703125,-0.1248958632349968,0.2912145256996155,0.0127371000126004,68.82368469238281,103.4242706298828,2.11285400390625
31061,0.01251220703125,0.99151611328125,-0.089691162109375,-0.125782698392868,0.3066347539424896,0.0186466556042432,68.91838073730469,103.3292388916016,2.16973876953125
31062,0.0107421875,0.997711181640625,-0.10772705078125,-0.1192592829465866,0.3080864548683167,0.0154154412448406,68.94781494140625,103.2340393066406,2.217269897460938
31063,0.0107421875,0.997711181640625,-0.10772705078125,-0.1192592829465866,0.3080864548683167,0.0154154412448406,68.94781494140625,103.2340393066406,2.217269897460938
31064,0.0047149658203125,1.006011962890625,-0.1187896728515625,-0.10126643627882,0.3223812282085419,0.0129799805581569,68.97146606445312,103.1751251220703,2.274017333984375
31065,-0.0155029296875,1.0181884765625,-0.1193389892578125,-0.0629017353057861,0.355839878320694,-0.0024644893128424,68.86039733886719,103.3825073242188,2.356704711914062
31066,-0.0155029296875,1.0181884765625,-0.1193389892578125,-0.0629017353057861,0.355839878320694,-0.0024644893128424,68.86039733886719,103.3825073242188,2.356704711914062
31067,-0.02935791015625,1.020797729492188,-0.1097869873046875,-0.0629017353057861,0.355839878320694,-0.0024644893128424,68.86370849609375,103.3387298583984,2.533401489257812
31068,-0.039031982421875,1.021286010742188,-0.0961151123046875,-0.0695164948701858,0.3961332142353058,-0.0118446750566363,68.88143920898438,103.2659606933594,2.720703125
31069,-0.0515594482421875,1.019882202148438,-0.0723876953125,-0.0739336088299751,0.444534033536911,-0.0190067142248153,68.88908386230469,103.4554595947266,2.801162719726562
31070,-0.0528717041015625,1.017990112304688,-0.0655059814453125,-0.0739336088299751,0.444534033536911,-0.0190067142248153,68.82534790039062,103.4362640380859,2.933242797851562
31071,-0.0528717041015625,1.017990112304688,-0.0655059814453125,-0.0739336088299751,0.444534033536911,-0.0190067142248153,68.82534790039062,103.4362640380859,2.933242797851562
31072,-0.05364990234375,1.015457153320312,-0.0656890869140625,-0.0702451318502426,0.4651535749435425,-0.0199510715901851,68.74070739746094,103.4753875732422,3.010147094726562
31073,-0.0496063232421875,1.000350952148438,-0.0715789794921875,-0.0412252023816108,0.5372730493545532,-0.0073420689441263,68.62007141113281,103.3923950195312,3.2518310546875
31074,-0.0496063232421875,1.000350952148438,-0.0715789794921875,-0.0412252023816108,0.5372730493545532,-0.0073420689441263,68.62007141113281,103.3923950195312,3.2518310546875
31075,-0.04736328125,0.9962158203125,-0.0742645263671875,-0.0412252023816108,0.5372730493545532,-0.0073420689441263,68.54917907714844,103.2942962646484,3.21173095703125
31076,-0.04296875,0.986968994140625,-0.0784149169921875,-0.035844549536705,0.5438278913497925,-0.0040040626190602,68.46749877929688,103.2871551513672,3.369522094726562
31077,-0.036346435546875,0.975830078125,-0.082794189453125,-0.0255301278084516,0.5617908835411072,-0.0061074271798133,68.42738342285156,103.4585418701172,3.41400146484375
31078,-0.036346435546875,0.975830078125,-0.082794189453125,-0.0255301278084516,0.5617908835411072,-0.0061074271798133,68.42738342285156,103.4585418701172,3.41400146484375
31079,-0.029571533203125,0.9708099365234376,-0.0856475830078125,-0.0232784245163202,0.5727308988571167,-0.0055361790582537,68.41148376464844,103.464599609375,3.436599731445312
31080,-0.0238189697265625,0.962554931640625,-0.090850830078125,-0.0229263547807931,0.5842407941818237,-0.005640575196594,68.41386413574219,103.43408203125,3.650619506835938
31081,-0.0235443115234375,0.954010009765625,-0.089508056640625,-0.0296742729842662,0.5850908756256104,-0.001750495750457,68.31092834472656,103.4882965087891,3.733001708984375
31082,-0.0223541259765625,0.9530792236328124,-0.0894775390625,-0.0430270954966545,0.5819539427757263,-0.0015387744642794,68.13754272460938,103.4577789306641,3.841766357421875
31083,-0.0223541259765625,0.9530792236328124,-0.0894775390625,-0.0430270954966545,0.5819539427757263,-0.0015387744642794,68.13754272460938,103.4577789306641,3.841766357421875
31084,-0.01873779296875,0.956573486328125,-0.0877685546875,-0.057200439274311,0.5744784474372864,-0.0048115332610905,68.07807922363281,103.4040832519531,3.894302368164062
31085,-0.020751953125,0.9739227294921876,-0.0903778076171875,-0.0730105638504028,0.5668485164642334,-0.0017619474092498,67.97567749023438,103.4051513671875,4.293411254882812
31086,-0.020751953125,0.9739227294921876,-0.0903778076171875,-0.0730105638504028,0.5668485164642334,-0.0017619474092498,67.97567749023438,103.4051513671875,4.293411254882812
31087,-0.020751953125,0.9739227294921876,-0.0903778076171875,-0.0730105638504028,0.5668485164642334,-0.0017619474092498,67.97567749023438,103.4051513671875,4.293411254882812
31088,-0.0213775634765625,0.9781341552734376,-0.0890350341796875,-0.0697529837489128,0.573835015296936,-0.0026192190125584,67.96965026855469,103.4563903808594,4.387832641601562
31089,-0.0271453857421875,0.9882049560546876,-0.090850830078125,-0.0663707703351974,0.5714768171310425,-0.0067796092480421,67.92655944824219,103.3954315185547,4.558624267578125
31090,-0.0271453857421875,0.9882049560546876,-0.090850830078125,-0.0663707703351974,0.5714768171310425,-0.0067796092480421,67.92655944824219,103.3954315185547,4.558624267578125
31091,-0.029541015625,0.9944915771484376,-0.094146728515625,-0.0624766945838928,0.5766300559043884,-0.0117410784587264,67.7890625,103.5447540283203,4.62176513671875
31092,-0.033050537109375,0.997039794921875,-0.0949249267578125,-0.0574571676552295,0.5683132410049438,-0.0159347578883171,67.70051574707031,103.4936828613281,4.748641967773438
31093,-0.035919189453125,0.9937591552734376,-0.0953369140625,-0.0509047247469425,0.5613970160484314,-0.0233841519802808,67.51213073730469,103.6488800048828,4.97979736328125
31094,-0.035919189453125,0.9937591552734376,-0.0953369140625,-0.0509047247469425,0.5613970160484314,-0.0233841519802808,67.51213073730469,103.6488800048828,4.97979736328125
31095,-0.0375213623046875,0.9895477294921876,-0.0901947021484375,-0.0525542870163917,0.5616353750228882,-0.0236712414771318,67.52920532226562,103.61865234375,5.081863403320312
31096,-0.0365753173828125,0.9814910888671876,-0.084991455078125,-0.0497193522751331,0.5711945295333862,-0.0269855447113513,67.43904113769531,103.5704345703125,5.0985107421875
31097,-0.0331878662109375,0.968170166015625,-0.08868408203125,-0.0466122440993785,0.5773951411247253,-0.0293810591101646,67.21452331542969,103.4794769287109,5.374496459960938
31098,-0.0331878662109375,0.968170166015625,-0.08868408203125,-0.0466122440993785,0.5773951411247253,-0.0293810591101646,67.21452331542969,103.4794769287109,5.374496459960938
31099,-0.0239105224609375,0.9620361328125,-0.0885009765625,-0.0486415699124336,0.5729833841323853,-0.02610963024199,67.14683532714844,103.4998779296875,5.515106201171875
31100,-0.01470947265625,0.95892333984375,-0.0952301025390625,-0.0507185719907283,0.5752912759780884,-0.0220443159341812,67.10224914550781,103.5479736328125,5.685745239257812
31101,0.00341796875,0.96075439453125,-0.1031951904296875,-0.059352271258831,0.5584006905555725,-0.0088036116212606,66.86929321289062,103.5801086425781,5.95928955078125
31102,0.00341796875,0.96075439453125,-0.1031951904296875,-0.059352271258831,0.5584006905555725,-0.0088036116212606,66.86929321289062,103.5801086425781,5.95928955078125
31103,0.008941650390625,0.964447021484375,-0.108917236328125,-0.0665784925222396,0.5357806086540222,-0.002223739400506,66.8790283203125,103.5260925292969,6.198257446289062
31104,0.0063323974609375,0.972320556640625,-0.108306884765625,-0.0694616287946701,0.5275570154190063,0.0003382214636076,66.79049682617188,103.4353485107422,6.280136108398438
31105,0.0,0.975311279296875,-0.105865478515625,-0.0680187344551086,0.5082384347915649,0.0028141622897237,66.72171020507812,103.3162994384766,6.478927612304688
31106,0.0,0.975311279296875,-0.105865478515625,-0.0680187344551086,0.5082384347915649,0.0028141622897237,66.72171020507812,103.3162994384766,6.478927612304688
31107,-0.0044097900390625,0.9786529541015624,-0.104949951171875,-0.0640466287732124,0.4883315861225128,-0.0046229814179241,66.57664489746094,103.2337646484375,6.67535400390625
31108,-0.0065765380859375,0.976715087890625,-0.1030120849609375,-0.0674365609884262,0.4726767241954803,-0.0064288708381354,66.52302551269531,103.3260803222656,6.981613159179688
31109,-0.00457763671875,0.98431396484375,-0.097198486328125,-0.0763152763247489,0.4619274139404297,-0.0065202172845602,66.52693176269531,103.0868377685547,7.998214721679688
31110,-0.00457763671875,0.98431396484375,-0.097198486328125,-0.0763152763247489,0.4619274139404297,-0.0065202172845602,66.52693176269531,103.0868377685547,7.998214721679688
31111,-0.003631591796875,0.9924468994140624,-0.10107421875,-0.0909418910741806,0.4469303488731384,-0.0016721988795325,66.45379638671875,103.115478515625,7.991241455078125
31112,-0.003814697265625,0.9951629638671876,-0.108245849609375,-0.0909418910741806,0.4469303488731384,-0.0016721988795325,66.37416076660156,103.1040344238281,7.725936889648438
31113,-0.0081939697265625,0.98785400390625,-0.10174560546875,-0.1069291159510612,0.4319687187671661,0.007563377264887,66.25004577636719,103.1867828369141,7.741134643554688
31114,-0.0081939697265625,0.98785400390625,-0.10174560546875,-0.1069291159510612,0.4319687187671661,0.007563377264887,66.25004577636719,103.1867828369141,7.741134643554688
31115,-0.01153564453125,0.989715576171875,-0.1005096435546875,-0.1079565584659576,0.4262314736843109,0.0029944581910967,66.14997863769531,103.4387359619141,7.547134399414062
31116,-0.014434814453125,0.990997314453125,-0.0965423583984375,-0.1121254712343216,0.4177437126636505,0.0004356931603979,66.06678771972656,103.5218963623047,7.4576416015625
31117,-0.0184326171875,0.98846435546875,-0.0898590087890625,-0.1196393147110939,0.4118048548698425,0.0036061864811927,65.96015930175781,103.4816284179688,7.778533935546875
31118,-0.0184326171875,0.98846435546875,-0.0898590087890625,-0.1196393147110939,0.4118048548698425,0.0036061864811927,65.96015930175781,103.4816284179688,7.778533935546875
31119,-0.018402099609375,0.984344482421875,-0.086273193359375,-0.1339993476867676,0.4021485149860382,0.005200354848057,65.831298828125,103.4638977050781,7.88275146484375
31120,-0.0216827392578125,0.97930908203125,-0.0821685791015625,-0.1661101430654526,0.4150499105453491,0.0189071111381053,65.74609375,103.4783935546875,8.140975952148438
31121,-0.024078369140625,0.9855194091796876,-0.0933074951171875,-0.2032093107700348,0.4244514107704163,0.0236938782036304,65.69136047363281,103.4651184082031,8.417510986328125
31122,-0.024078369140625,0.9855194091796876,-0.0933074951171875,-0.2032093107700348,0.4244514107704163,0.0236938782036304,65.69136047363281,103.4651184082031,8.417510986328125
31123,-0.02386474609375,0.993072509765625,-0.1025238037109375,-0.2032093107700348,0.4244514107704163,0.0236938782036304,65.72041320800781,103.4942626953125,8.557144165039062
31124,-0.0232696533203125,1.001678466796875,-0.10845947265625,-0.2178290039300919,0.4494662284851074,0.0252752620726823,65.63140869140625,103.5064086914062,8.574874877929688
31125,-0.02703857421875,1.023193359375,-0.11077880859375,-0.223254919052124,0.4547715187072754,0.0157374180853366,65.48948669433594,103.4805755615234,8.75347900390625
31126,-0.02703857421875,1.023193359375,-0.11077880859375,-0.223254919052124,0.4547715187072754,0.0157374180853366,65.48948669433594,103.4805755615234,8.75347900390625
31127,-0.03045654296875,1.037979125976562,-0.103790283203125,-0.2259734719991684,0.4871989488601685,-0.0126223182305693,65.35310363769531,103.5572052001953,8.944442749023438
31128,-0.0363616943359375,1.051589965820312,-0.098907470703125,-0.2259734719991684,0.4871989488601685,-0.0126223182305693,65.43730163574219,103.4315795898438,9.240493774414062
31129,-0.03607177734375,1.073211669921875,-0.1075592041015625,-0.2059720754623413,0.5366309285163879,-0.0505505241453647,65.20640563964844,103.5219116210938,9.579254150390623
31130,-0.03607177734375,1.073211669921875,-0.1075592041015625,-0.2059720754623413,0.5366309285163879,-0.0505505241453647,65.20640563964844,103.5219116210938,9.579254150390623
31131,-0.031768798828125,1.090484619140625,-0.1262664794921875,-0.1613971441984177,0.5607607960700989,-0.1024163886904716,65.04820251464844,103.5335235595703,9.77960205078125
31132,-0.027252197265625,1.099563598632812,-0.1429290771484375,-0.1613971441984177,0.5607607960700989,-0.1024163886904716,64.974609375,103.5939788818359,9.861907958984377
31133,-0.02069091796875,1.0966796875,-0.15545654296875,-0.1078417748212814,0.5766326785087585,-0.1270988285541534,64.81819152832031,103.5358734130859,10.07698059082031
31134,-0.00103759765625,1.096084594726562,-0.1763153076171875,-0.1078417748212814,0.5766326785087585,-0.1270988285541534,64.66978454589844,103.6208801269531,10.1572265625
31135,0.02166748046875,1.095962524414062,-0.1899871826171875,-0.0839572176337242,0.5024013519287109,-0.1113406419754028,64.588623046875,103.5257568359375,10.24290466308594
31136,0.041595458984375,1.1087646484375,-0.1784210205078125,-0.0786551311612129,0.4372191429138184,-0.0887106955051422,64.49591064453125,103.5815734863281,10.35111999511719
31137,0.069427490234375,1.181625366210938,-0.1088714599609375,-0.077634073793888,0.3709695339202881,-0.0721761956810951,64.107666015625,103.5687408447266,10.36715698242188
31138,0.069427490234375,1.181625366210938,-0.1088714599609375,-0.077634073793888,0.3709695339202881,-0.0721761956810951,64.107666015625,103.5687408447266,10.36715698242188
31139,0.07525634765625,1.172500610351562,-0.0785980224609375,-0.0843865200877189,0.3182829022407532,-0.0563578158617019,64.0457763671875,103.6257171630859,10.4609375
31140,0.0796661376953125,1.14202880859375,-0.069976806640625,-0.0979587882757186,0.2756267786026001,-0.0357814319431781,63.8914794921875,103.6662139892578,10.59590148925781
31141,0.0701446533203125,1.072845458984375,-0.104217529296875,-0.0237945448607206,0.2025043666362762,-0.0263386629521846,63.63755798339844,103.5476226806641,10.79139709472656
31142,0.0701446533203125,1.072845458984375,-0.104217529296875,-0.0237945448607206,0.2025043666362762,-0.0263386629521846,63.63755798339844,103.5476226806641,10.79139709472656
31143,0.065460205078125,1.06097412109375,-0.110443115234375,0.0145770786330103,0.1631329953670502,-0.0157403480261564,63.59654235839844,103.4832763671875,10.8480224609375
31144,0.0643157958984375,1.0643310546875,-0.1088714599609375,0.0145770786330103,0.1631329953670502,-0.0157403480261564,63.56875610351562,103.5315704345703,10.93684387207031
31145,0.064117431640625,1.0679931640625,-0.1073760986328125,0.0320775099098682,0.1183322370052338,0.0042903525754809,63.44108581542969,103.5500335693359,11.16242980957031
31146,0.0597381591796875,1.073257446289062,-0.1062164306640625,0.0748675838112831,0.0148338070139288,0.0406302511692047,63.40385437011719,103.5932769775391,11.19009399414062
31147,0.0477294921875,1.08453369140625,-0.0999908447265625,0.0748675838112831,0.0148338070139288,0.0406302511692047,63.33766174316406,103.6566772460938,11.13851928710938
31148,0.0334625244140625,1.100509643554688,-0.076507568359375,0.1102559342980385,-0.0213969014585018,0.0500722229480743,63.35493469238281,103.6176452636719,10.8748779296875
31149,0.00042724609375,1.072128295898438,-0.0527496337890625,0.1933737248182297,-0.0950687229633331,0.0314804278314113,63.26805114746094,103.8172760009766,10.63481140136719
31150,-0.018218994140625,1.032455444335938,-0.0375213623046875,0.1933737248182297,-0.0950687229633331,0.0314804278314113,63.24542236328125,103.6961364746094,10.59909057617188
31151,-0.018218994140625,1.032455444335938,-0.0375213623046875,0.1933737248182297,-0.0950687229633331,0.0314804278314113,63.24542236328125,103.6961364746094,10.59909057617188
31152,-0.0442352294921875,0.9903717041015624,-0.0142822265625,0.2175738662481308,-0.0998746678233146,0.0129589419811964,63.25422668457031,103.7705535888672,10.60781860351562
31153,-0.0710296630859375,0.9034271240234376,0.0565338134765625,0.2718488276004791,-0.105472095310688,-0.0515385568141937,63.12640380859375,103.9150085449219,10.3291015625
31154,-0.0710296630859375,0.9034271240234376,0.0565338134765625,0.2718488276004791,-0.105472095310688,-0.0515385568141937,63.12640380859375,103.9150085449219,10.3291015625
31155,-0.0566558837890625,0.8669281005859375,0.1287689208984375,0.2718488276004791,-0.105472095310688,-0.0515385568141937,63.07453918457031,103.9819641113281,10.18904113769531
31156,-0.049896240234375,0.8524627685546875,0.2175750732421875,0.1514078974723816,-0.0068605691194534,0.0015401060227304,63.01332092285156,104.0066070556641,10.11976623535156
31157,-0.074493408203125,0.82733154296875,0.3631134033203125,-0.0733719542622566,0.2182034403085709,0.1018781587481499,62.96519470214844,104.1334838867188,9.886154174804688
31158,-0.074493408203125,0.82733154296875,0.3631134033203125,-0.0733719542622566,0.2182034403085709,0.1018781587481499,62.96519470214844,104.1334838867188,9.886154174804688
31159,-0.1194000244140625,0.82586669921875,0.382537841796875,-0.0733719542622566,0.2182034403085709,0.1018781587481499,62.77200317382812,104.1774597167969,9.850631713867188
31160,-0.1658172607421875,0.837615966796875,0.3795623779296875,-0.1877738982439041,0.279182642698288,0.1255691051483154,62.71542358398438,104.22705078125,10.06240844726562
31161,-0.222412109375,0.8912353515625,0.3214874267578125,-0.351102352142334,0.3235005736351013,0.1190712600946426,62.79278564453125,104.161865234375,10.13978576660156
31162,-0.222412109375,0.8912353515625,0.3214874267578125,-0.351102352142334,0.3235005736351013,0.1190712600946426,62.79278564453125,104.161865234375,10.13978576660156
31163,-0.224884033203125,0.924560546875,0.260406494140625,-0.4082506000995636,0.2481400370597839,0.100431002676487,62.71714782714844,104.1514892578125,10.28526306152344
31164,-0.1993560791015625,0.952911376953125,0.2381134033203125,-0.4187439978122711,0.1966352909803391,0.0691572353243827,62.7327880859375,104.0437622070312,10.48188781738281
31165,-0.1218414306640625,1.005905151367188,0.165924072265625,-0.3897994160652161,0.147525280714035,0.0395380891859531,62.60757446289062,104.2178497314453,10.65602111816406
31166,-0.1218414306640625,1.005905151367188,0.165924072265625,-0.3897994160652161,0.147525280714035,0.0395380891859531,62.60757446289062,104.2178497314453,10.65602111816406
31167,-0.084930419921875,1.033584594726562,0.1342926025390625,-0.3794881999492645,0.1154600158333778,0.0338439829647541,62.55194091796875,104.1459655761719,10.88258361816406
31168,-0.0541229248046875,1.066650390625,0.1092071533203125,-0.3646978139877319,0.0665300264954567,0.0184626299887895,62.49554443359375,104.0052185058594,11.16180419921875
31169,-0.023651123046875,1.097900390625,0.07952880859375,-0.3458769917488098,0.0077535272575914,-0.0117125827819109,62.48483276367188,103.7589111328125,11.45062255859375
31170,0.002960205078125,1.088912963867188,0.0653076171875,-0.3342283070087433,-0.0774923935532569,-0.0397575311362743,62.50814819335938,103.6707458496094,11.41374206542969
31171,0.016510009765625,1.066574096679688,0.083770751953125,-0.2997563481330872,-0.0749397575855255,-0.0510357543826103,62.38813781738281,103.5728302001953,11.52871704101562
31172,0.036956787109375,1.041885375976562,0.072662353515625,-0.2782654464244843,-0.0332157425582408,-0.06711246073246,62.38580322265625,103.4720001220703,11.47328186035156
31173,0.033843994140625,0.920928955078125,0.0503692626953125,-0.2657118439674377,-0.0204123314470052,-0.1356723457574844,62.18754577636719,103.1974792480469,11.69459533691406
31174,0.033843994140625,0.920928955078125,0.0503692626953125,-0.2657118439674377,-0.0204123314470052,-0.1356723457574844,62.18754577636719,103.1974792480469,11.69459533691406
31175,-0.00128173828125,0.8612823486328125,0.0533447265625,-0.2884286046028137,-0.0519891642034053,-0.1578495502471924,62.10952758789062,103.1013336181641,11.7833251953125
31176,-0.0626678466796875,0.8350677490234375,0.07763671875,-0.3209822773933411,-0.06703682243824,-0.147997185587883,62.08546447753906,102.9238433837891,11.95274353027344
31177,-0.140167236328125,0.8350982666015625,0.07049560546875,-0.4625692367553711,-0.1414897590875626,-0.0057183392345905,61.79144287109375,102.5844268798828,11.61123657226562
31178,-0.140167236328125,0.8350982666015625,0.07049560546875,-0.4625692367553711,-0.1414897590875626,-0.0057183392345905,61.79144287109375,102.5844268798828,11.61123657226562
31179,-0.1453399658203125,0.839385986328125,0.072540283203125,-0.4625692367553711,-0.1414897590875626,-0.0057183392345905,61.62896728515625,102.5117492675781,11.64637756347656
31180,-0.1526641845703125,0.8360443115234375,0.0621795654296875,-0.4802177548408508,-0.1293044537305832,0.0001001348573481,61.558837890625,102.3017425537109,11.75341796875
31181,-0.177947998046875,0.8803863525390625,0.0359039306640625,-0.4578024446964264,-0.1126455888152122,0.0012436961987987,61.59852600097656,101.9951782226562,12.11851501464844
31182,-0.1761932373046875,0.901702880859375,0.03582763671875,-0.4115731716156006,-0.1108881682157516,-0.0190898049622774,61.57664489746094,101.892822265625,12.38958740234375
31183,-0.1761932373046875,0.901702880859375,0.03582763671875,-0.4115731716156006,-0.1108881682157516,-0.0190898049622774,61.57664489746094,101.892822265625,12.38958740234375
31184,-0.1769866943359375,0.9220428466796876,0.03741455078125,-0.3688984215259552,-0.1182957515120506,-0.0340090990066528,61.58895874023438,101.6670227050781,12.76358032226562
31185,-0.1432342529296875,0.9473419189453124,0.056304931640625,-0.3350823819637299,-0.1624344438314438,-0.0434707775712013,61.63096618652344,101.3692626953125,12.75360107421875
31186,-0.142578125,0.9476165771484376,0.0683746337890625,-0.3169627785682678,-0.1445097774267197,-0.030334735289216,61.58175659179688,101.325439453125,13.00570678710938
31187,-0.1414642333984375,0.94500732421875,0.0601348876953125,-0.2963227331638336,-0.1152834519743919,0.0065961172804236,61.47673034667969,101.2029571533203,13.20817565917969
31188,-0.1414642333984375,0.94500732421875,0.0601348876953125,-0.2963227331638336,-0.1152834519743919,0.0065961172804236,61.47673034667969,101.2029571533203,13.20817565917969
31189,-0.1461181640625,0.9428863525390624,0.0416412353515625,-0.2630468010902405,-0.0666032582521438,0.0537564381957054,61.52175903320312,101.0968780517578,13.18464660644531
31190,-0.15350341796875,0.9433746337890624,0.018463134765625,-0.2165163308382034,-0.0181691497564315,0.1009324714541435,61.5382080078125,100.8708038330078,13.30937194824219
31191,-0.17279052734375,0.9444427490234376,0.0009307861328125,-0.1791250109672546,0.0279402881860733,0.1606480032205582,61.58622741699219,100.6197052001953,13.43061828613281
31192,-0.176513671875,0.94927978515625,-0.0066986083984375,-0.1209381371736526,0.0714840367436409,0.206276997923851,61.57237243652344,100.5189514160156,13.61824035644531
31193,-0.201873779296875,0.9591522216796876,-0.006561279296875,-0.0170114748179912,0.1099249050021172,0.2737703025341034,61.6539306640625,100.5112609863281,13.56291198730469
31194,-0.201873779296875,0.9591522216796876,-0.006561279296875,-0.0170114748179912,0.1099249050021172,0.2737703025341034,61.6539306640625,100.5112609863281,13.56291198730469
31195,-0.1999053955078125,0.9583282470703124,-0.0088043212890625,0.0218983739614486,0.1240516379475594,0.2875697314739227,61.770751953125,100.4082641601562,13.55038452148438
31196,-0.1909942626953125,0.9645233154296876,-0.01434326171875,0.0464194305241107,0.1105467528104782,0.2865332365036011,61.93186950683594,100.5176544189453,13.69790649414062
31197,-0.17596435546875,0.9809417724609376,-0.0057220458984375,0.0782633796334266,0.0838581472635269,0.2625077962875366,62.01495361328125,100.6737060546875,13.608154296875
31198,-0.17596435546875,0.9809417724609376,-0.0057220458984375,0.0782633796334266,0.0838581472635269,0.2625077962875366,62.01495361328125,100.6737060546875,13.608154296875
31199,-0.1843719482421875,0.99151611328125,0.011260986328125,0.0860043913125991,0.1181490123271942,0.244997501373291,62.00924682617188,100.6159362792969,13.59736633300781
31200,-0.1942138671875,0.998931884765625,0.0196990966796875,0.0827153846621513,0.149564191699028,0.2125404924154282,62.07667541503906,100.4364776611328,13.60896301269531
31201,-0.19903564453125,1.001327514648438,0.0387725830078125,0.0827558636665344,0.1892253160476685,0.1640147715806961,62.16473388671875,100.4939880371094,13.4619140625
31202,-0.19903564453125,1.001327514648438,0.0387725830078125,0.0827558636665344,0.1892253160476685,0.1640147715806961,62.16473388671875,100.4939880371094,13.4619140625
31203,-0.1917877197265625,1.00543212890625,0.048431396484375,0.0875458270311355,0.1710236817598343,0.1416671127080917,62.12774658203125,100.4141387939453,13.45640563964844
31204,-0.171661376953125,1.0009765625,0.0494232177734375,0.0829843655228614,0.1685597151517868,0.1278202831745148,62.16677856445312,100.4372406005859,13.42976379394531
31205,-0.1496734619140625,1.01422119140625,0.037628173828125,0.0852794796228408,0.2197877466678619,0.1076897084712982,62.21366882324219,100.330078125,13.45608520507812
31206,-0.1496734619140625,1.01422119140625,0.037628173828125,0.0852794796228408,0.2197877466678619,0.1076897084712982,62.21366882324219,100.330078125,13.45608520507812
31207,-0.155975341796875,1.025238037109375,0.0123443603515625,0.1008613631129265,0.2443223893642426,0.1252279579639435,62.10531616210938,100.2286224365234,13.4267578125
31208,-0.148345947265625,1.055923461914062,-0.004638671875,0.1266202628612518,0.2497970461845398,0.114488497376442,62.19709777832031,100.2993774414062,13.41683959960938
31209,-0.1685333251953125,1.154067993164062,0.01849365234375,0.2145029753446579,0.230408176779747,0.0608902499079704,62.089599609375,100.4351654052734,13.21206665039062
31210,-0.198211669921875,1.224227905273438,0.1063232421875,0.2610569000244141,0.2372226715087891,0.0378829352557659,62.09515380859375,100.4552917480469,13.08097839355469
31211,-0.198211669921875,1.224227905273438,0.1063232421875,0.2610569000244141,0.2372226715087891,0.0378829352557659,62.09515380859375,100.4552917480469,13.08097839355469
31212,-0.23211669921875,1.28192138671875,0.2060089111328125,0.2695507705211639,0.3234827220439911,0.0146391298621892,62.03244018554688,100.5294342041016,12.93785095214844
31213,-0.2673492431640625,1.303863525390625,0.274810791015625,0.0889511778950691,0.4285377562046051,-0.0604420378804206,61.8646240234375,100.5824279785156,12.78968811035156
31214,-0.2697601318359375,1.281280517578125,0.2765655517578125,-0.0707045271992683,0.413968950510025,-0.1056577190756798,61.85282897949219,100.5663757324219,13.03166198730469
31215,-0.2697601318359375,1.281280517578125,0.2765655517578125,-0.0707045271992683,0.413968950510025,-0.1056577190756798,61.85282897949219,100.5663757324219,13.03166198730469
31216,-0.247406005859375,1.275909423828125,0.270843505859375,-0.1946951895952225,0.4575800597667694,-0.1723906844854355,61.69189453125,100.6748199462891,13.02210998535156
31217,-0.1800994873046875,1.26788330078125,0.2400360107421875,-0.2366048097610474,0.6283552646636963,-0.2351440787315369,61.26898193359375,100.6734161376953,13.04228210449219
31218,-0.1800994873046875,1.26788330078125,0.2400360107421875,-0.2366048097610474,0.6283552646636963,-0.2351440787315369,61.26898193359375,100.6734161376953,13.04228210449219
31219,-0.10675048828125,1.240829467773438,0.187896728515625,-0.1673591732978821,0.5644655227661133,-0.2065017819404602,61.08592224121094,100.6000213623047,13.16165161132812
31220,-0.012054443359375,1.1820068359375,0.157806396484375,-0.0501265488564968,0.3729077875614166,-0.1533589363098145,60.8822021484375,100.5354919433594,13.39028930664062
31221,0.15118408203125,1.0321044921875,0.2246856689453125,0.1596426516771317,0.0558241158723831,0.0198570620268583,60.51612854003906,100.4870910644531,13.66555786132812
31222,0.15118408203125,1.0321044921875,0.2246856689453125,0.1596426516771317,0.0558241158723831,0.0198570620268583,60.51612854003906,100.4870910644531,13.66555786132812
31223,0.20245361328125,0.949951171875,0.266265869140625,0.2303908616304398,-0.0178287979215383,0.1037511602044106,60.48902893066406,100.5767059326172,13.66860961914062
31224,0.23345947265625,0.8732757568359375,0.30950927734375,0.2831198573112488,-0.0936583131551742,0.1799710988998413,60.53871154785156,100.6120147705078,13.6552734375
31225,0.3003387451171875,0.778961181640625,0.36419677734375,0.2817312777042389,-0.230689138174057,0.3035481572151184,60.64776611328125,100.9178314208984,13.55563354492188
31226,0.3003387451171875,0.778961181640625,0.36419677734375,0.2817312777042389,-0.230689138174057,0.3035481572151184,60.64776611328125,100.9178314208984,13.55563354492188
31227,0.3842010498046875,0.7893218994140625,0.3788604736328125,0.0957334488630294,-0.1924378871917725,0.2457091063261032,60.97702026367188,101.373291015625,13.60911560058594
31228,0.3842010498046875,0.7893218994140625,0.3788604736328125,0.0957334488630294,-0.1924378871917725,0.2457091063261032,60.97702026367188,101.373291015625,13.60911560058594
31229,0.4033050537109375,0.843536376953125,0.2977142333984375,-0.1809087991714478,0.0780625790357589,0.0828911513090133,61.36151123046875,101.7724761962891,13.69766235351562
31230,0.4033050537109375,0.843536376953125,0.2977142333984375,-0.1809087991714478,0.0780625790357589,0.0828911513090133,61.36151123046875,101.7724761962891,13.69766235351562
31231,0.35906982421875,0.88134765625,0.2293548583984375,-0.2510407567024231,0.2496740072965622,0.0864448770880699,61.48617553710938,101.9474792480469,13.7254638671875
31232,0.2902984619140625,0.9262847900390624,0.151275634765625,-0.2506492733955383,0.322219580411911,0.1270642131567001,61.49349975585938,101.8217010498047,14.02001953125
31233,0.164154052734375,1.005996704101562,0.1226348876953125,-0.1940973103046417,0.258338063955307,0.1076833233237267,61.43106079101562,101.8985290527344,14.35829162597656
31234,0.164154052734375,1.005996704101562,0.1226348876953125,-0.1940973103046417,0.258338063955307,0.1076833233237267,61.43106079101562,101.8985290527344,14.35829162597656
31235,0.125,1.02056884765625,0.1597442626953125,-0.1991714239120483,0.2732970416545868,0.0985950157046318,61.44157409667969,101.9321746826172,14.48728942871094
31236,0.0965118408203125,1.033035278320312,0.1902313232421875,-0.2113972008228302,0.3066020011901855,0.0847817361354827,61.50544738769531,101.9210510253906,14.6556396484375
31237,0.0657196044921875,1.040878295898438,0.2132568359375,-0.2368120104074478,0.3806964755058289,0.0660836771130561,61.49850463867188,101.96826171875,14.72102355957031
31238,0.0341949462890625,1.035049438476562,0.2147216796875,-0.2368120104074478,0.3806964755058289,0.0660836771130561,61.43949890136719,101.9299163818359,14.89878845214844
31239,-0.004058837890625,1.033981323242188,0.213104248046875,-0.2269111722707748,0.3710710108280182,0.0564118772745132,61.45791625976562,101.9183654785156,15.14936828613281
31240,-0.036529541015625,1.027786254882812,0.2104949951171875,-0.19943667948246,0.3537399470806122,0.0509444065392017,61.36184692382812,101.914794921875,15.40116882324219
31241,-0.0414886474609375,1.019546508789062,0.189971923828125,-0.1201772764325142,0.3099410831928253,0.0144519098103046,61.38479614257812,101.8727722167969,15.6041259765625
31242,-0.0414886474609375,1.019546508789062,0.189971923828125,-0.1201772764325142,0.3099410831928253,0.0144519098103046,61.38479614257812,101.8727722167969,15.6041259765625
31243,-0.07537841796875,0.9611663818359376,0.108612060546875,-0.071613997220993,0.295586109161377,0.0331409089267253,61.34762573242188,101.9050445556641,15.91384887695312
31244,-0.06182861328125,0.931671142578125,0.06976318359375,-0.0027222833596169,0.2904866933822632,0.0926148891448974,61.33708190917969,101.89501953125,16.22067260742188
31245,-0.01312255859375,0.928924560546875,0.043243408203125,0.0749948844313621,0.2736280858516693,0.131709024310112,61.35005187988281,101.9075469970703,16.55024719238281
31246,0.029052734375,0.927154541015625,0.0404205322265625,0.1202371940016747,0.2570091485977173,0.145815521478653,61.35476684570312,102.0854339599609,16.62629699707031
31247,0.0800018310546875,0.899139404296875,0.0471343994140625,0.1348017603158951,0.248491570353508,0.1716212928295135,61.35430908203125,102.1792297363281,16.57679748535156
31248,0.1208648681640625,0.898101806640625,0.0576629638671875,0.1112522184848785,0.2457722127437592,0.1404971927404404,61.47151184082031,102.1837463378906,16.67329406738281
31249,0.14306640625,0.8684844970703125,0.072998046875,0.0271471980959177,0.2212040275335312,0.0691788047552108,61.40229797363281,102.3912353515625,16.50608825683594
31250,0.141387939453125,0.8607940673828125,0.116943359375,0.019734289497137,0.2910392880439758,0.0780295506119728,61.39237976074219,102.6312713623047,16.54798889160156
31251,0.141387939453125,0.8607940673828125,0.116943359375,0.019734289497137,0.2910392880439758,0.0780295506119728,61.39237976074219,102.6312713623047,16.54798889160156
31252,0.13214111328125,0.871246337890625,0.1339569091796875,0.0581642352044582,0.4347133636474609,0.1042968407273293,61.37907409667969,102.6115417480469,16.60298156738281
31253,0.0856475830078125,0.9212799072265624,0.04217529296875,0.0428726337850093,0.4248341023921967,0.0823963358998298,61.38114929199219,102.5469055175781,16.87614440917969
31254,0.0856475830078125,0.9212799072265624,0.04217529296875,0.0428726337850093,0.4248341023921967,0.0823963358998298,61.38114929199219,102.5469055175781,16.87614440917969
31255,0.0546417236328125,0.9372406005859376,0.00787353515625,0.0428726337850093,0.4248341023921967,0.0823963358998298,61.31890869140625,102.4338531494141,16.86862182617188
31256,0.0365753173828125,0.9413909912109376,-0.0132904052734375,0.0093956319615244,0.3443794846534729,0.0705239698290824,61.22311401367188,102.3056945800781,17.00750732421875
31257,0.0352783203125,0.931732177734375,-0.01776123046875,0.0064456486143171,0.2856424152851105,0.0466473959386348,61.21122741699219,102.3868865966797,17.05210876464844
31258,0.042694091796875,0.918212890625,-0.0079345703125,0.0367486923933029,0.2732576429843903,0.0184341352432966,61.13099670410156,102.3799896240234,17.07218933105469
31259,0.0548858642578125,0.908355712890625,0.0016937255859375,0.0825657173991203,0.2751412987709045,-0.0169941633939743,61.14241027832031,102.4496765136719,17.05987548828125
31260,0.0553741455078125,0.9082183837890624,0.019927978515625,0.1053429320454597,0.2895551025867462,-0.0417474471032619,61.0345458984375,102.5762634277344,17.15113830566406
31261,0.0337066650390625,0.93408203125,0.0373687744140625,0.0785928145051002,0.3746095597743988,-0.0548656471073627,60.90907287597656,102.5358123779297,17.15821838378906
31262,0.0337066650390625,0.93408203125,0.0373687744140625,0.0785928145051002,0.3746095597743988,-0.0548656471073627,60.90907287597656,102.5358123779297,17.15821838378906
31263,0.024200439453125,0.9540557861328124,0.033294677734375,0.0785928145051002,0.3746095597743988,-0.0548656471073627,60.8778076171875,102.6057434082031,17.099609375
31264,0.014495849609375,0.96881103515625,0.020751953125,0.0651997774839401,0.385498434305191,-0.0580603741109371,60.67848205566406,102.6408081054688,17.03178405761719
31265,-0.0020751953125,0.9860382080078124,-0.0105133056640625,0.0729796662926673,0.368998795747757,-0.0871785804629325,60.54547119140625,102.6967620849609,16.91300964355469
31266,-0.0020751953125,0.9860382080078124,-0.0105133056640625,0.0729796662926673,0.368998795747757,-0.0871785804629325,60.54547119140625,102.6967620849609,16.91300964355469
31267,-0.002593994140625,0.98333740234375,-0.01776123046875,0.1330600529909134,0.3542832434177399,-0.1071048825979233,60.46812438964844,102.6600799560547,16.99923706054688
31268,0.0111083984375,0.9825439453125,-0.0128631591796875,0.1330600529909134,0.3542832434177399,-0.1071048825979233,60.342041015625,102.5585479736328,17.16812133789062
31269,0.0397186279296875,0.9872589111328124,0.008148193359375,0.1974289119243622,0.3617707192897797,-0.112073540687561,60.06568908691406,102.6904296875,17.12741088867188
31270,0.0397186279296875,0.9872589111328124,0.008148193359375,0.1974289119243622,0.3617707192897797,-0.112073540687561,60.06568908691406,102.6904296875,17.12741088867188
31271,0.0562896728515625,0.9933013916015624,0.027801513671875,0.1974289119243622,0.3617707192897797,-0.112073540687561,59.86935424804688,102.8039855957031,17.12445068359375
31272,0.0693206787109375,0.9972381591796876,0.0430145263671875,0.1884109228849411,0.3908545672893524,-0.0991215258836746,59.7518310546875,102.9395294189453,17.08750915527344
31273,0.04962158203125,1.01068115234375,0.0270233154296875,0.1563829481601715,0.4723457098007202,-0.0686821267008781,59.57382202148438,102.8674468994141,16.86988830566406
31274,0.04962158203125,1.01068115234375,0.0270233154296875,0.1563829481601715,0.4723457098007202,-0.0686821267008781,59.57382202148438,102.8674468994141,16.86988830566406
31275,0.03082275390625,1.019638061523438,-0.0047454833984375,0.1563829481601715,0.4723457098007202,-0.0686821267008781,59.47898864746094,102.8496246337891,16.9346923828125
31276,0.015533447265625,1.040496826171875,-0.0287322998046875,0.1492824256420135,0.4475897550582886,-0.0669904872775077,59.33384704589844,102.8943481445312,17.00555419921875
31277,0.002716064453125,1.070480346679688,-0.0664825439453125,0.1893845796585083,0.4770986437797546,-0.1052824780344963,59.116943359375,102.8882446289062,16.85649108886719
31278,0.002716064453125,1.070480346679688,-0.0664825439453125,0.1893845796585083,0.4770986437797546,-0.1052824780344963,59.116943359375,102.8882446289062,16.85649108886719
31279,-0.004150390625,1.077606201171875,-0.09820556640625,0.1893845796585083,0.4770986437797546,-0.1052824780344963,58.98161315917969,102.9017486572266,16.80905151367188
31280,-0.0034332275390625,1.101058959960938,-0.14630126953125,0.2140606194734573,0.4709688425064087,-0.1209245547652245,58.8704833984375,102.9758911132812,16.67874145507812
31281,0.0345458984375,1.241241455078125,0.003326416015625,0.2095862478017807,0.0195470694452524,-0.0868619307875633,58.53170776367188,103.0012054443359,16.56599426269531
31282,0.0345458984375,1.241241455078125,0.003326416015625,0.2095862478017807,0.0195470694452524,-0.0868619307875633,58.53170776367188,103.0012054443359,16.56599426269531
31283,0.0791015625,1.274368286132812,0.1653900146484375,0.2095862478017807,0.0195470694452524,-0.0868619307875633,58.37210083007812,102.9837036132812,16.49244689941406
31284,0.1231689453125,1.24200439453125,0.22943115234375,0.195421427488327,0.0290257930755615,-0.0612907893955707,58.27839660644531,103.0804901123047,16.41166687011719
31285,0.2232818603515625,1.169769287109375,0.20684814453125,0.1531911492347717,-0.0278529357165098,0.0079383505508303,58.1287841796875,103.1529388427734,16.19560241699219
31286,0.2232818603515625,1.169769287109375,0.20684814453125,0.1531911492347717,-0.0278529357165098,0.0079383505508303,58.1287841796875,103.1529388427734,16.19560241699219
31287,0.2457427978515625,1.145675659179688,0.2346343994140625,0.1993410736322403,-0.1088830754160881,0.0343784801661968,58.12149047851562,103.150390625,16.13226318359375
31288,0.23583984375,1.135452270507812,0.265899658203125,0.2466438710689545,-0.1933281868696213,0.0707961395382881,58.12660217285156,103.2617340087891,16.02682495117188
31289,0.2073211669921875,1.137786865234375,0.2933807373046875,0.2566352486610413,-0.234741672873497,0.1164728179574013,58.07255554199219,103.2890472412109,15.96646118164062
31290,0.157623291015625,1.1337890625,0.3039093017578125,0.176160916686058,-0.0940985381603241,0.2084906250238419,58.16291809082031,103.2706909179688,15.71681213378906
31291,0.076690673828125,1.107437133789062,0.305023193359375,0.176160916686058,-0.0940985381603241,0.2084906250238419,58.24995422363281,103.2402648925781,15.51011657714844
31292,-0.02105712890625,1.043426513671875,0.2750396728515625,0.1573928147554398,0.0770673528313636,0.1911012530326843,58.36524963378906,103.3007507324219,15.37991333007812
31293,-0.106170654296875,0.9637451171875,0.236297607421875,0.1698103398084641,0.1798568516969681,0.1550281941890717,58.31678771972656,103.4311218261719,15.36497497558594
31294,-0.15869140625,0.893218994140625,0.2363739013671875,0.1890823096036911,0.1993314772844315,0.1130780875682831,58.433349609375,103.5029296875,15.31242370605469
31295,-0.186614990234375,0.83856201171875,0.2863006591796875,0.1731257140636444,0.1985122859477997,0.0795531496405601,58.45458984375,103.4731903076172,15.29122924804688
31296,-0.1909637451171875,0.8125457763671875,0.3471221923828125,0.0862177088856697,0.2292763292789459,0.066650666296482,58.480712890625,103.3737640380859,15.34808349609375
31297,-0.19287109375,0.8243408203125,0.385040283203125,-0.3051093220710754,0.4591958224773407,0.0532986409962177,58.52093505859375,103.5164489746094,15.09736633300781
31298,-0.19287109375,0.8243408203125,0.385040283203125,-0.3051093220710754,0.4591958224773407,0.0532986409962177,58.52093505859375,103.5164489746094,15.09736633300781
31299,-0.2025909423828125,0.841644287109375,0.3299713134765625,-0.3051093220710754,0.4591958224773407,0.0532986409962177,58.42886352539062,103.4128112792969,15.12300109863281
31300,-0.201873779296875,0.86981201171875,0.271697998046875,-0.368955671787262,0.3621251881122589,0.0452162139117717,58.43777465820312,103.3416900634766,15.24552917480469
31301,-0.1194305419921875,0.96405029296875,0.2444000244140625,-0.327520340681076,0.0753086060285568,0.0493238717317581,58.28390502929688,103.0528259277344,15.47454833984375
31302,-0.1194305419921875,0.96405029296875,0.2444000244140625,-0.327520340681076,0.0753086060285568,0.0493238717317581,58.28390502929688,103.0528259277344,15.47454833984375
31303,-0.0442657470703125,0.98358154296875,0.25933837890625,-0.327520340681076,0.0753086060285568,0.0493238717317581,58.16192626953125,102.9341278076172,15.60400390625
31304,0.0126953125,1.01763916015625,0.2025604248046875,-0.3127086460590363,0.031025294214487,0.0665137767791748,58.1275634765625,102.8867034912109,15.81742858886719
31305,0.0740814208984375,1.017608642578125,0.1732025146484375,-0.289009153842926,-0.0900167077779769,0.0805401131510734,58.11668395996094,102.8879852294922,15.94598388671875
31306,0.1096343994140625,1.033782958984375,0.1592559814453125,-0.2802100777626038,-0.1170283555984497,0.1369240283966064,58.02261352539062,102.8939514160156,16.18765258789062
31307,0.158935546875,1.038955688476562,0.1219329833984375,-0.245315745472908,-0.1176693737506866,0.1220627948641777,58.13134765625,102.827880859375,16.30239868164062
31308,0.158935546875,1.038955688476562,0.1219329833984375,-0.245315745472908,-0.1176693737506866,0.1220627948641777,58.13134765625,102.827880859375,16.30239868164062
31309,0.1758270263671875,1.015792846679688,0.1148223876953125,-0.1625234037637711,-0.0807435810565948,0.0827412158250808,58.2774658203125,102.7168579101562,16.45405578613281
31310,0.1668701171875,0.97259521484375,0.0873565673828125,-0.0972184315323829,-0.0315296947956085,0.0026160231791436,58.37490844726562,102.7154541015625,16.48190307617188
31311,0.1217803955078125,0.9623870849609376,0.0859222412109375,-0.0972184315323829,-0.0315296947956085,0.0026160231791436,58.38383483886719,102.5558776855469,16.58279418945312
31312,0.044342041015625,0.936279296875,0.08154296875,-0.0999510958790779,-0.0063396547921001,-0.0673966184258461,58.4189453125,102.3486328125,16.75950622558594
31313,-0.04656982421875,0.8988037109375,0.0613861083984375,-0.1139364242553711,-0.0331544913351535,-0.1022858917713165,58.44038391113281,102.3011932373047,16.63272094726562
31314,-0.1073455810546875,0.8794403076171875,0.060089111328125,-0.1608312278985977,-0.1281792670488358,-0.0686965063214302,58.32566833496094,102.1431579589844,16.52204895019531
31315,-0.1343231201171875,0.8731842041015625,0.07452392578125,-0.1608312278985977,-0.1281792670488358,-0.0686965063214302,58.17353820800781,102.0852355957031,16.33869934082031
31316,-0.153656005859375,0.8799591064453125,0.0833282470703125,-0.1958501935005188,-0.142112135887146,-0.0510669127106666,58.10649108886719,101.8614807128906,16.22784423828125
31317,-0.150115966796875,0.894805908203125,0.078521728515625,-0.208947628736496,-0.2296358495950699,0.010578341782093,57.92768859863281,101.3502807617188,16.38070678710938
31318,-0.150115966796875,0.894805908203125,0.078521728515625,-0.208947628736496,-0.2296358495950699,0.010578341782093,57.92768859863281,101.3502807617188,16.38070678710938
31319,-0.128753662109375,0.9044189453125,0.0699462890625,-0.208947628736496,-0.2296358495950699,0.010578341782093,57.92353820800781,101.1722869873047,16.610595703125
31320,-0.107513427734375,0.906524658203125,0.0572662353515625,-0.174578458070755,-0.2664439380168915,0.0175528954714536,57.89035034179688,101.0696868896484,16.70570373535156
31321,-0.0704498291015625,0.90667724609375,0.053985595703125,-0.0815249532461166,-0.2708101868629456,0.054600927978754,57.98568725585938,100.9069366455078,16.79547119140625
31322,-0.0704498291015625,0.90667724609375,0.053985595703125,-0.0815249532461166,-0.2708101868629456,0.054600927978754,57.98568725585938,100.9069366455078,16.79547119140625
31323,-0.063629150390625,0.90631103515625,0.0521240234375,-0.0225862693041563,-0.2772878110408783,0.0659049823880195,58.01889038085938,100.9782409667969,16.7874755859375
31324,-0.066741943359375,0.903289794921875,0.047576904296875,0.0264377333223819,-0.2980681657791138,0.0669816955924034,58.13729858398438,101.0268096923828,16.66506958007812
31325,-0.076568603515625,0.90106201171875,0.0375213623046875,0.0397916212677955,-0.3180448114871979,0.0987050086259841,58.18191528320312,100.9982604980469,16.75936889648438
31326,-0.0914306640625,0.9022064208984376,0.0134735107421875,0.0085950857028365,-0.3093242943286896,0.1071877032518387,58.27064514160156,100.9307708740234,16.77053833007812
31327,-0.113983154296875,0.901519775390625,-0.038055419921875,0.0147296776995062,-0.3026120662689209,0.1230095475912094,58.49848937988281,101.0331268310547,16.69126892089844
31328,-0.113983154296875,0.901519775390625,-0.038055419921875,0.0147296776995062,-0.3026120662689209,0.1230095475912094,58.49848937988281,101.0331268310547,16.69126892089844
31329,-0.11181640625,0.8985748291015625,-0.0469512939453125,0.0838379114866256,-0.3069809675216675,0.1268820464611053,58.57618713378906,101.0869293212891,16.6474609375
31330,-0.0989227294921875,0.9006805419921875,-0.0418853759765625,0.1786680072546005,-0.3145832419395447,0.123091034591198,58.69514465332031,101.0730743408203,16.47114562988281
31331,-0.0853118896484375,0.9327850341796876,-0.0158233642578125,0.2088240534067154,-0.2773389220237732,0.1262764483690262,58.76719665527344,101.0359497070312,16.32839965820312
31332,-0.0853118896484375,0.9327850341796876,-0.0158233642578125,0.2088240534067154,-0.2773389220237732,0.1262764483690262,58.76719665527344,101.0359497070312,16.32839965820312
31333,-0.1117401123046875,0.9658355712890624,0.054351806640625,0.1983059048652649,-0.2680215835571289,0.0977760925889015,58.95030212402344,101.2008514404297,16.06617736816406
31334,-0.1117401123046875,0.9658355712890624,0.054351806640625,0.1983059048652649,-0.2680215835571289,0.0977760925889015,58.95030212402344,101.2008514404297,16.06617736816406
31335,-0.1350250244140625,0.9985809326171876,0.1076507568359375,0.203998401761055,-0.2126989513635635,0.0721708685159683,59.12156677246094,101.0697784423828,16.05459594726562
31336,-0.130767822265625,1.009857177734375,0.129730224609375,0.1902418434619904,-0.2053781896829605,0.037898913025856,59.2366943359375,101.0317230224609,16.08145141601562
31337,-0.137542724609375,1.013931274414062,0.15692138671875,0.1367961913347244,-0.2349824160337448,0.0140945138409733,59.26646423339844,101.1510467529297,15.95744323730469
31338,-0.146026611328125,1.019332885742188,0.181182861328125,0.0410126820206642,-0.1528143137693405,-0.0340919233858585,59.33329772949219,101.1922149658203,15.7113037109375
31339,-0.155059814453125,1.023956298828125,0.1643218994140625,0.0410126820206642,-0.1528143137693405,-0.0340919233858585,59.36972045898438,101.1871948242188,15.71035766601562
31340,-0.1657257080078125,1.035446166992188,0.115509033203125,0.0421852692961692,-0.070482425391674,-0.0674525424838066,59.4617919921875,101.1916809082031,15.73481750488281
31341,-0.171966552734375,1.053543090820312,0.06756591796875,0.0421852692961692,-0.070482425391674,-0.0674525424838066,59.5343017578125,101.1742248535156,15.7100830078125
31342,-0.171966552734375,1.053543090820312,0.06756591796875,0.0421852692961692,-0.070482425391674,-0.0674525424838066,59.5343017578125,101.1742248535156,15.7100830078125
31343,-0.1508941650390625,1.056716918945312,-0.0223541259765625,0.1765971332788467,-0.0802311897277832,-0.0608564279973506,59.44660949707031,101.0418853759766,15.94400024414062
31344,-0.135772705078125,1.053939819335938,-0.0657196044921875,0.2223198860883713,-0.0999476388096809,-0.051624845713377,59.49815368652344,101.0272369384766,15.99940490722656
31345,-0.1279296875,1.059310913085938,-0.1195220947265625,0.2849800586700439,-0.1723217070102692,-0.0677146017551422,59.48568725585938,100.8537292480469,15.98014831542969
31346,-0.137115478515625,1.157562255859375,-0.091766357421875,0.371422290802002,-0.2462366670370102,-0.0972551777958869,59.4412841796875,100.9748382568359,15.55502319335938
31347,-0.1772613525390625,1.254104614257812,0.079376220703125,0.4509141743183136,-0.2082509398460388,-0.1221296340227127,59.29531860351562,101.1273956298828,15.21742248535156
31348,-0.191314697265625,1.318832397460938,0.2249603271484375,0.4608821272850037,-0.0445440337061882,-0.1785404533147812,59.26463317871094,101.1825408935547,15.00753784179688
31349,-0.206878662109375,1.3052978515625,0.2532196044921875,0.3654293715953827,0.0283962208777666,-0.2286291867494583,59.34342956542969,101.1586151123047,14.69233703613281
31350,-0.206878662109375,1.3052978515625,0.2532196044921875,0.3654293715953827,0.0283962208777666,-0.2286291867494583,59.34342956542969,101.1586151123047,14.69233703613281
31351,-0.2237091064453125,1.286148071289062,0.283966064453125,0.2368223965167999,-0.0024506407789886,-0.2867358922958374,59.1949462890625,101.3487548828125,14.49575805664062
31352,-0.2263946533203125,1.283843994140625,0.353607177734375,0.1277161538600922,0.0810573026537895,-0.3677045106887817,59.0799560546875,101.3347320556641,14.36293029785156
31353,-0.14208984375,1.299560546875,0.36151123046875,0.0013757890556007,0.443074643611908,-0.4622142314910889,58.63742065429688,101.5784301757812,14.21759033203125
31354,-0.14208984375,1.299560546875,0.36151123046875,0.0013757890556007,0.443074643611908,-0.4622142314910889,58.63742065429688,101.5784301757812,14.21759033203125
31355,-0.063568115234375,1.301345825195312,0.344207763671875,0.0204906277358532,0.4567598104476929,-0.4693589806556702,58.42192077636719,101.7143859863281,14.24330139160156
31356,0.02166748046875,1.2359619140625,0.302825927734375,0.0844070240855217,0.256542831659317,-0.4224348664283752,58.068115234375,101.8275909423828,14.21174621582031
31357,0.189849853515625,0.985260009765625,0.2776031494140625,0.2632793188095093,-0.3574963510036469,-0.19193135201931,57.75872802734375,101.7204284667969,14.15019226074219
31358,0.189849853515625,0.985260009765625,0.2776031494140625,0.2632793188095093,-0.3574963510036469,-0.19193135201931,57.75872802734375,101.7204284667969,14.15019226074219
31359,0.268798828125,0.8665618896484375,0.2866058349609375,0.3047803938388824,-0.4755987524986267,-0.0830746442079544,57.68190002441406,101.7879638671875,14.00167846679688
31360,0.343048095703125,0.781585693359375,0.2850494384765625,0.3021785020828247,-0.520848274230957,0.0298138223588466,57.64802551269531,102.0329284667969,13.86882019042969
31361,0.484832763671875,0.7679595947265625,0.2716064453125,0.1527495980262756,-0.5389119386672974,0.1253885477781296,57.86799621582031,102.1776885986328,13.8006591796875
31362,0.484832763671875,0.7679595947265625,0.2716064453125,0.1527495980262756,-0.5389119386672974,0.1253885477781296,57.86799621582031,102.1776885986328,13.8006591796875
31363,0.5181732177734375,0.7956695556640625,0.269622802734375,0.0448665395379066,-0.4949724674224854,0.0940018594264984,58.00486755371094,102.2274017333984,13.91665649414062
31364,0.5255889892578125,0.837371826171875,0.2604217529296875,-0.0584811531007289,-0.4118775725364685,0.0460021123290062,58.17349243164062,102.3522338867188,13.93826293945312
31365,0.48583984375,0.8873443603515625,0.2477569580078125,-0.1453409492969513,-0.2564179301261902,0.0387106426060199,58.30598449707031,102.4651031494141,13.91731262207031
31366,0.396697998046875,0.9455108642578124,0.2243499755859375,-0.1815370321273804,-0.0860552564263343,0.0594995468854904,58.40338134765625,102.4643707275391,13.97584533691406
31367,0.276580810546875,0.99908447265625,0.2064666748046875,-0.1486816257238388,0.0507705025374889,0.0684219375252723,58.48080444335938,102.3399505615234,14.17886352539062
31368,0.1888427734375,1.046188354492188,0.20599365234375,-0.1029402315616608,0.1830031126737595,0.0631667152047157,58.48751831054688,102.3359832763672,14.32341003417969
31369,0.0325927734375,1.08966064453125,0.16015625,-0.0950207859277725,0.3142649829387665,0.029815686866641,58.55654907226562,102.3348236083984,14.34169006347656
31370,0.0325927734375,1.08966064453125,0.16015625,-0.0950207859277725,0.3142649829387665,0.029815686866641,58.55654907226562,102.3348236083984,14.34169006347656
31371,-0.0200042724609375,1.095626831054688,0.15008544921875,-0.092152826488018,0.3242385387420654,0.0132633410394191,58.55328369140625,102.4386291503906,14.415283203125
31372,-0.067626953125,1.089874267578125,0.1377105712890625,-0.0646234676241874,0.281604528427124,-0.0026647590566426,58.477783203125,102.47802734375,14.41145324707031
31373,-0.11883544921875,1.036819458007812,0.1297454833984375,0.015180017799139,0.2679800391197205,-0.0066832029260694,58.2821044921875,102.5456695556641,14.54312133789062
31374,-0.11883544921875,1.036819458007812,0.1297454833984375,0.015180017799139,0.2679800391197205,-0.0066832029260694,58.2821044921875,102.5456695556641,14.54312133789062
31375,-0.12353515625,0.99237060546875,0.1075286865234375,0.0556837692856788,0.2647373974323273,0.0163179859519004,58.25106811523438,102.4201202392578,14.77825927734375
31376,-0.1044464111328125,0.9599761962890624,0.0786285400390625,0.0997662767767906,0.2291210740804672,-0.0009736517095007,58.14537048339844,102.5664825439453,14.84172058105469
31377,-0.090545654296875,0.908599853515625,0.0557861328125,0.1324730813503265,0.203248992562294,-0.0077146450057625,58.19282531738281,102.4912109375,15.16549682617188
31378,-0.068084716796875,0.880706787109375,0.0421600341796875,0.1410482078790665,0.1901387870311737,0.0278595946729183,58.23715209960938,102.5732269287109,15.11064147949219
31379,-0.0309295654296875,0.8833465576171875,0.0532379150390625,0.1463265866041183,0.2323099374771118,0.0546501949429512,58.16232299804688,102.7391204833984,15.06390380859375
31380,0.01812744140625,0.884185791015625,0.069183349609375,0.1565872132778168,0.3164842128753662,0.0661135092377662,58.25306701660156,102.7661590576172,15.07113647460938
31381,0.0667877197265625,0.871795654296875,0.0734710693359375,0.1389280557632446,0.4279681146144867,0.0618742853403091,58.2603759765625,102.8130645751953,14.99807739257812
31382,0.090301513671875,0.8730010986328125,0.0653533935546875,0.1052880734205246,0.396632045507431,0.0276923477649688,58.21336364746094,102.9723052978516,15.00698852539062
31383,0.10357666015625,0.873382568359375,0.063751220703125,0.1052880734205246,0.396632045507431,0.0276923477649688,58.19476318359375,103.082763671875,15.11721801757812
31384,0.1040191650390625,0.860260009765625,0.0685882568359375,0.059761069715023,0.3242936432361603,0.0161829646676778,58.15179443359375,103.0509948730469,15.15399169921875
31385,0.1070556640625,0.847991943359375,0.084442138671875,0.0127344373613596,0.2975089251995087,0.0159549973905086,58.03298950195312,103.2098999023438,15.18832397460938
31386,0.10260009765625,0.849639892578125,0.090728759765625,-0.0261517092585563,0.3690688610076904,0.0402022823691368,57.92124938964844,103.3124694824219,15.10400390625
31387,0.090545654296875,0.864013671875,0.0836029052734375,-0.0261517092585563,0.3690688610076904,0.0402022823691368,57.87869262695312,103.3311614990234,15.2041015625
31388,0.07275390625,0.88128662109375,0.0606842041015625,-0.0017816547770053,0.4175016283988953,0.0427661053836345,57.82530212402344,103.2418212890625,15.1923828125
31389,0.046600341796875,0.9019012451171876,0.012115478515625,0.0513816997408866,0.4364683926105499,0.0319387577474117,57.75260925292969,103.3775787353516,15.15254211425781
31390,0.046600341796875,0.9019012451171876,0.012115478515625,0.0513816997408866,0.4364683926105499,0.0319387577474117,57.75260925292969,103.3775787353516,15.15254211425781
31391,0.049774169921875,0.9090118408203124,0.0186309814453125,0.0813310742378234,0.4239869713783264,0.004628041293472,57.68043518066406,103.3919067382812,15.15107727050781
31392,0.0701751708984375,0.9072265625,0.0248260498046875,0.0848634913563728,0.4104082882404327,-0.0267738234251737,57.56916809082031,103.378662109375,15.2161865234375
31393,0.087921142578125,0.9120330810546876,0.041412353515625,0.0515018068253994,0.3800653219223022,-0.0454961135983467,57.54296875,103.4672546386719,15.17315673828125
31394,0.095001220703125,0.924530029296875,0.06573486328125,0.0189332105219364,0.4041083157062531,-0.0616689585149288,57.34539794921875,103.3807067871094,15.13412475585938
31395,0.0809326171875,0.9293212890625,0.051849365234375,-0.0087578054517507,0.4149572551250458,-0.0612242072820663,57.22547912597656,103.5077667236328,15.12091064453125
31396,0.06048583984375,0.934814453125,0.03851318359375,-0.0318474099040031,0.409489244222641,-0.0581807494163513,57.11436462402344,103.4160919189453,15.19953918457031
31397,0.015228271484375,0.9462127685546876,0.01361083984375,-0.0433980748057365,0.3691876232624054,-0.055763129144907,56.85549926757812,103.4863739013672,15.25871276855469
31398,0.015228271484375,0.9462127685546876,0.01361083984375,-0.0433980748057365,0.3691876232624054,-0.055763129144907,56.85549926757812,103.4863739013672,15.25871276855469
31399,0.002197265625,0.9505462646484376,-0.0099029541015625,-0.051258660852909,0.3204030394554138,-0.0590529330074787,56.64016723632812,103.4714965820312,15.34355163574219
31400,-0.0115966796875,0.9522552490234376,0.001708984375,-0.041261687874794,0.2986940145492554,-0.0551695115864276,56.59185791015625,103.4723510742188,15.30088806152344
31401,-0.0267181396484375,0.948455810546875,0.00018310546875,-0.0074230288155376,0.3370142579078674,-0.0547391436994075,56.48580932617188,103.4394378662109,15.19839477539062
31402,-0.0417938232421875,0.9509429931640624,-0.014892578125,0.0329470299184322,0.3689303696155548,-0.0558520816266536,56.37913513183594,103.3665161132812,15.30949401855469
31403,-0.05023193359375,0.953521728515625,-0.0313262939453125,0.072577528655529,0.378032773733139,-0.0590119212865829,56.32608032226562,103.4708557128906,15.31591796875
31404,-0.0569610595703125,0.9606170654296876,-0.0386810302734375,0.1005220785737038,0.36734738945961,-0.056183110922575,56.25357055664062,103.4896850585938,15.32575988769531
31405,-0.0452728271484375,0.9710235595703124,-0.0400543212890625,0.1280240118503571,0.3702377080917358,-0.0622932016849517,56.15921020507812,103.5162963867188,15.19309997558594
31406,-0.0265655517578125,0.980194091796875,-0.03948974609375,0.1674579679965973,0.4040843546390533,-0.0581008531153202,56.0406494140625,103.3417663574219,15.27427673339844
31407,-0.0027618408203125,0.99383544921875,-0.0358428955078125,0.1674579679965973,0.4040843546390533,-0.0581008531153202,55.92680358886719,103.3690185546875,15.39179992675781
31408,0.007232666015625,1.01141357421875,-0.0389862060546875,0.1749294698238373,0.4434379041194916,-0.0633326321840286,55.82743835449219,103.3832092285156,15.34896850585938
31409,-0.0166015625,1.05157470703125,-0.0591278076171875,0.1764551997184753,0.4929969310760498,-0.1133148372173309,55.66073608398438,103.5340423583984,14.9871826171875
31410,-0.0166015625,1.05157470703125,-0.0591278076171875,0.1764551997184753,0.4929969310760498,-0.1133148372173309,55.66073608398438,103.5340423583984,14.9871826171875
31411,-0.0357208251953125,1.062057495117188,-0.0772552490234375,0.1764551997184753,0.4929969310760498,-0.1133148372173309,55.50982666015625,103.4442138671875,14.87840270996094
31412,-0.0587310791015625,1.0887451171875,-0.0847320556640625,0.1926725059747696,0.4810140132904053,-0.1658843010663986,55.20574951171875,103.5287933349609,14.82844543457031
31413,-0.0587310791015625,1.0887451171875,-0.0847320556640625,0.1926725059747696,0.4810140132904053,-0.1658843010663986,55.20574951171875,103.5287933349609,14.82844543457031
31414,-0.0658721923828125,1.090713500976562,-0.0951080322265625,0.2054194658994675,0.4983658492565155,-0.1920818239450455,55.08187866210938,103.6238403320312,14.7261962890625
31415,-0.0706787109375,1.0904541015625,-0.129730224609375,0.2238970100879669,0.4948211908340454,-0.2198846936225891,54.79228210449219,103.6047058105469,14.72752380371094
31416,-0.074493408203125,1.102783203125,-0.165618896484375,0.2481307089328766,0.4448842406272888,-0.2416232824325562,54.63514709472656,103.6083831787109,14.64710998535156
31417,-0.0500030517578125,1.144393920898438,-0.1657257080078125,0.2892784178256989,0.2841691374778748,-0.2495459169149399,54.43281555175781,103.6123962402344,14.48933410644531
31418,0.013458251953125,1.212188720703125,-0.07733154296875,0.3086555600166321,-0.0794024169445037,-0.1573608666658401,54.25717163085938,103.6568450927734,14.37359619140625
31419,0.0763397216796875,1.251022338867188,0.0665435791015625,0.3086555600166321,-0.0794024169445037,-0.1573608666658401,54.02543640136719,103.6214752197266,14.26046752929688
31420,0.122955322265625,1.220260620117188,0.1320343017578125,0.2790193855762482,-0.0409546233713626,-0.1309606730937958,53.86740112304688,103.7324523925781,14.05206298828125
31421,0.1615753173828125,1.175949096679688,0.1070098876953125,0.2443921715021133,-0.0212408397346735,-0.0889881923794746,53.82962036132812,103.7631683349609,13.90615844726562
31422,0.1809844970703125,1.151519775390625,0.0889434814453125,0.2309978008270264,-0.0763379111886024,-0.0564291886985302,53.75837707519531,103.7948303222656,13.86961364746094
31423,0.1806640625,1.124969482421875,0.1070404052734375,0.2343347370624542,-0.1245105043053627,-0.0257951114326715,53.76144409179688,103.7432861328125,13.72715759277344
31424,0.1690673828125,1.103485107421875,0.133544921875,0.2575529813766479,-0.1145489513874054,-0.0126843694597482,53.7333984375,103.9057922363281,13.57110595703125
31425,0.1247406005859375,1.081085205078125,0.170501708984375,0.2970796227455139,-0.1172736287117004,-0.0181917864829301,53.66592407226562,103.9985961914062,13.48016357421875
31426,0.1247406005859375,1.081085205078125,0.170501708984375,0.2970796227455139,-0.1172736287117004,-0.0181917864829301,53.66592407226562,103.9985961914062,13.48016357421875
31427,0.1032867431640625,1.043563842773438,0.186676025390625,0.2952185869216919,-0.1457540094852448,-0.0128140654414892,53.7454833984375,103.9848480224609,13.48948669433594
31428,0.0868682861328125,1.003570556640625,0.2120208740234375,0.2751548588275909,-0.1735518127679825,0.0099144158884882,53.75096130371094,104.0828399658203,13.42633056640625
31429,0.072845458984375,0.958343505859375,0.2342681884765625,0.2408642768859863,-0.2157743722200394,0.0383774824440479,53.84500122070312,104.1446380615234,13.31503295898438
31430,0.0561981201171875,0.9137725830078124,0.2755889892578125,0.1304682642221451,-0.1733115911483765,0.1078793257474899,53.82621765136719,104.1573638916016,13.18460083007812
31431,0.0334320068359375,0.883056640625,0.31591796875,0.1304682642221451,-0.1733115911483765,0.1078793257474899,53.78126525878906,104.2061920166016,13.02047729492188
31432,0.0029754638671875,0.876129150390625,0.323974609375,0.0631262362003326,-0.040893904864788,0.1362212151288986,53.8203125,104.2681427001953,12.97224426269531
31433,-0.06719970703125,0.9164886474609376,0.2561798095703125,-0.0425242893397808,0.2398168593645096,0.1143518760800362,53.83786010742188,104.3679046630859,12.85211181640625
31434,-0.06719970703125,0.9164886474609376,0.2561798095703125,-0.0425242893397808,0.2398168593645096,0.1143518760800362,53.83786010742188,104.3679046630859,12.85211181640625
31435,-0.106781005859375,0.9521331787109376,0.2169647216796875,-0.0727437138557434,0.28676837682724,0.0674059391021728,53.81806945800781,104.347412109375,12.91740417480469
31436,-0.138702392578125,0.9860687255859376,0.1731109619140625,-0.1087738871574402,0.2170090079307556,0.0463834777474403,53.86187744140625,104.4078674316406,12.98013305664062
31437,-0.1511077880859375,1.018585205078125,0.164642333984375,-0.146539643406868,0.0943739041686058,0.024203872308135,53.82099914550781,104.4008941650391,13.02740478515625
31438,-0.1393280029296875,1.025360107421875,0.1854095458984375,-0.1353639513254166,-0.0018554243724793,0.0169004201889038,53.80345153808594,104.3127288818359,13.00613403320312
31439,-0.10589599609375,1.044921875,0.18328857421875,-0.1353639513254166,-0.0018554243724793,0.0169004201889038,53.81428527832031,104.1154632568359,13.24626159667969
31440,-0.0086212158203125,1.034835815429688,0.131103515625,-0.1869397908449173,-0.2008849084377289,0.0819539874792099,53.88958740234375,104.0339508056641,13.43974304199219
31441,-0.0086212158203125,1.034835815429688,0.131103515625,-0.1869397908449173,-0.2008849084377289,0.0819539874792099,53.88958740234375,104.0339508056641,13.43974304199219
31442,-0.0086212158203125,1.034835815429688,0.131103515625,-0.1869397908449173,-0.2008849084377289,0.0819539874792099,53.88958740234375,104.0339508056641,13.43974304199219
31443,0.1059722900390625,1.042617797851562,0.14373779296875,-0.1304618716239929,-0.1420450210571289,0.1005495116114616,54.09234619140625,103.7584075927734,13.75238037109375
31444,0.140960693359375,1.015716552734375,0.1048736572265625,-0.0430968701839447,-0.185015395283699,0.0728036314249038,54.15406799316406,103.6738433837891,14.03134155273438
31445,0.1602325439453125,0.971343994140625,0.120880126953125,-0.0430968701839447,-0.185015395283699,0.0728036314249038,54.19070434570312,103.6404113769531,14.34616088867188
31446,0.1535491943359375,0.9321441650390624,0.1144256591796875,-0.0518378987908363,-0.1648028045892715,0.0358980782330036,54.21360778808594,103.6917114257812,14.20652770996094
31447,0.1215667724609375,0.92803955078125,0.1237030029296875,-0.0892481207847595,-0.1544921100139618,-0.0644847154617309,54.26708984375,103.6756591796875,14.16065979003906
31448,0.055450439453125,0.9166107177734376,0.14886474609375,-0.1209623739123344,-0.1201764717698097,-0.1059586554765701,54.23464965820312,103.6356506347656,14.05726623535156
31449,0.02349853515625,0.919097900390625,0.15203857421875,-0.1705610901117325,-0.1111646071076393,-0.0717855095863342,54.17649841308594,103.4692535400391,13.93348693847656
31450,-0.00189208984375,0.933807373046875,0.1501922607421875,-0.2216636836528778,-0.1366547793149948,-0.0310109127312898,54.13943481445312,103.3082275390625,13.67877197265625
31451,-0.015228271484375,0.93109130859375,0.1435394287109375,-0.2623400092124939,-0.1581305116415024,0.0228485912084579,54.01956176757812,103.1225738525391,13.5628662109375
31452,-0.0382843017578125,0.923797607421875,0.1063995361328125,-0.2980210483074188,-0.2416051626205444,0.0262089669704437,53.98960876464844,102.9287719726562,13.74896240234375
31453,-0.0382843017578125,0.923797607421875,0.1063995361328125,-0.2980210483074188,-0.2416051626205444,0.0262089669704437,53.98960876464844,102.9287719726562,13.74896240234375
31454,-0.03643798828125,0.9080047607421876,0.0973968505859375,-0.2682673931121826,-0.2531678080558777,0.0236209072172641,54.088134765625,102.8530426025391,13.85122680664062
31455,-0.0419769287109375,0.920806884765625,0.079071044921875,-0.2690839171409607,-0.2981565892696381,-0.0211297869682312,54.14918518066406,102.8895111083984,13.89851379394531
31456,-0.0762939453125,0.9424896240234376,0.086578369140625,-0.2690839171409607,-0.2981565892696381,-0.0211297869682312,54.12152099609375,102.7069854736328,14.06315612792969
31457,-0.0937347412109375,0.95904541015625,0.0726165771484375,-0.2695617079734802,-0.3339513540267944,-0.0203177891671657,54.08747863769531,102.5803527832031,14.22727966308594
31458,-0.109130859375,0.964996337890625,0.0626678466796875,-0.2514556646347046,-0.3305403590202332,-0.0185534451156854,54.10772705078125,102.395263671875,14.29808044433594
31459,-0.1085052490234375,0.9737548828125,0.053619384765625,-0.2514556646347046,-0.3305403590202332,-0.0185534451156854,54.17929077148438,102.2560119628906,14.39393615722656
31460,-0.109283447265625,0.9820404052734376,0.0408782958984375,-0.1846737116575241,-0.3095898032188416,-0.0209446959197521,54.16612243652344,102.1125640869141,14.5860595703125
31461,-0.100433349609375,0.9716033935546876,0.0367889404296875,-0.1509125530719757,-0.2788566648960114,-0.0146676255390048,54.31855773925781,101.8147888183594,14.94340515136719
31462,-0.100433349609375,0.9716033935546876,0.0367889404296875,-0.1509125530719757,-0.2788566648960114,-0.0146676255390048,54.31855773925781,101.8147888183594,14.94340515136719
31463,-0.099365234375,0.969635009765625,0.0247650146484375,-0.1235333904623985,-0.2663517892360687,-0.00471779005602,54.39659118652344,101.6842346191406,15.02503967285156
31464,-0.0928192138671875,0.9662933349609376,0.0176544189453125,-0.1112950965762138,-0.2621791660785675,-0.002446379745379,54.41679382324219,101.6730346679688,14.98338317871094
31465,-0.08355712890625,0.9467010498046876,0.012908935546875,-0.0888590291142463,-0.2531446516513824,0.0202027391642332,54.43585205078125,101.6515350341797,14.73861694335938
31466,-0.08355712890625,0.9467010498046876,0.012908935546875,-0.0888590291142463,-0.2531446516513824,0.0202027391642332,54.43585205078125,101.6515350341797,14.73861694335938
31467,-0.072052001953125,0.9314727783203124,0.0201568603515625,-0.0543617755174636,-0.2572206258773804,0.0581274852156639,54.52005004882812,101.4999847412109,14.95768737792969
31468,-0.072052001953125,0.9314727783203124,0.0201568603515625,-0.0543617755174636,-0.2572206258773804,0.0581274852156639,54.52005004882812,101.4999847412109,14.95768737792969
31469,-0.0571746826171875,0.945587158203125,0.032196044921875,-0.046333409845829,-0.2852469086647034,0.0752324387431144,54.78573608398438,101.4547424316406,15.11396789550781
31470,-0.050384521484375,0.9551239013671876,0.033111572265625,-0.0507161729037761,-0.3135589957237244,0.0819984599947929,54.80117797851562,101.4884948730469,15.20564270019531
31471,-0.050384521484375,0.9551239013671876,0.033111572265625,-0.0507161729037761,-0.3135589957237244,0.0819984599947929,54.80117797851562,101.4884948730469,15.20564270019531
31472,-0.0407562255859375,0.9659576416015624,0.02947998046875,-0.0630615204572677,-0.3394358456134796,0.0769807994365692,54.83183288574219,101.3614501953125,15.34942626953125
31473,-0.0333099365234375,0.977691650390625,0.02862548828125,-0.0707708448171615,-0.3628053665161133,0.0787773728370666,54.93656921386719,101.4457550048828,15.3170166015625
31474,-0.02862548828125,0.9906158447265624,0.029571533203125,-0.0745096504688262,-0.3877719640731812,0.0738116428256034,55.00656127929688,101.5582122802734,15.14491271972656
31475,-0.0254669189453125,1.002090454101562,0.03302001953125,-0.0672866255044937,-0.4086194634437561,0.0719490274786949,55.17112731933594,101.6090240478516,15.09396362304688
31476,-0.0316162109375,1.009323120117188,0.0412445068359375,-0.0548043921589851,-0.4262115061283112,0.0731799378991127,55.24232482910156,101.7018127441406,15.22225952148438
31477,-0.0624237060546875,1.017257690429688,0.075408935546875,-0.0244129318743944,-0.4398838877677917,0.02286297082901,55.42605590820312,101.6365356445312,15.06072998046875
31478,-0.075408935546875,1.041580200195312,0.0811309814453125,-0.0244129318743944,-0.4398838877677917,0.02286297082901,55.55638122558594,101.5706787109375,15.02310180664062
31479,-0.075408935546875,1.041580200195312,0.0811309814453125,-0.0244129318743944,-0.4398838877677917,0.02286297082901,55.55638122558594,101.5706787109375,15.02310180664062
31480,-0.0797119140625,0.9857940673828124,0.1206207275390625,-0.0308828148990869,-0.5004526972770691,-0.0165326371788978,55.79656982421875,101.5120391845703,15.16763305664062
31481,-0.0797119140625,0.9857940673828124,0.1206207275390625,-0.0308828148990869,-0.5004526972770691,-0.0165326371788978,55.79656982421875,101.5120391845703,15.16763305664062
31482,-0.083038330078125,0.9791259765625,0.08111572265625,-0.0308828148990869,-0.5004526972770691,-0.0165326371788978,55.94853210449219,101.3746185302734,15.13906860351562
31483,-0.093902587890625,0.9827728271484376,0.0762786865234375,-0.0303858686238527,-0.512328565120697,-0.0323017463088035,56.07415771484375,101.5058288574219,15.08689880371094
31484,-0.0998687744140625,0.97064208984375,0.075347900390625,-0.0035007251426577,-0.5008958578109741,-0.0471185110509395,56.17320251464844,101.3650665283203,15.19606018066406
31485,-0.1048431396484375,0.9696197509765624,0.0584869384765625,-0.0014431669842451,-0.528247594833374,-0.0528488345444202,56.30618286132812,101.3365020751953,15.22908020019531
31486,-0.1027374267578125,0.96844482421875,0.05816650390625,-0.0189180318266153,-0.5517784953117371,-0.0648112222552299,56.33590698242188,101.3372497558594,15.17228698730469
31487,-0.0922393798828125,0.9593048095703124,0.0483245849609375,-0.0356416180729866,-0.5874522924423218,-0.0567287914454937,56.41133117675781,101.2179107666016,15.20610046386719
31488,-0.07891845703125,0.9702911376953124,0.0182037353515625,-0.0356416180729866,-0.5874522924423218,-0.0567287914454937,56.51666259765625,101.2086334228516,15.24349975585938
31489,-0.053924560546875,0.9803466796875,0.01019287109375,-0.0223934557288885,-0.6542430520057678,-0.0504253581166267,56.55148315429688,101.3141174316406,15.28733825683594
31490,-0.034088134765625,1.021881103515625,0.03240966796875,-0.0069601712748408,-0.7181357741355896,-0.0515934191644191,56.65638732910156,101.2762756347656,15.29498291015625
31491,-0.01934814453125,1.066390991210938,0.0692291259765625,0.0008961536805145,-0.7362828254699707,-0.052089300006628,56.74151611328125,101.2333679199219,15.32771301269531
31492,-0.021392822265625,1.100311279296875,0.1083831787109375,0.0010466222884133,-0.6911728382110596,-0.0550707094371318,56.91046142578125,101.1276550292969,15.33695983886719
31493,-0.04400634765625,1.082794189453125,0.0915985107421875,-0.0112923355773091,-0.584660530090332,-0.0602958314120769,57.14070129394531,101.1180877685547,15.27096557617188
31494,-0.04400634765625,1.082794189453125,0.0915985107421875,-0.0112923355773091,-0.584660530090332,-0.0602958314120769,57.14070129394531,101.1180877685547,15.27096557617188
31495,-0.07720947265625,1.0792236328125,0.0924224853515625,-0.009402023628354,-0.5306638479232788,-0.0792143940925598,57.2991943359375,101.2085266113281,15.06101989746094
31496,-0.0979461669921875,1.083404541015625,0.10430908203125,-0.0047390949912369,-0.4647168219089508,-0.1010235548019409,57.2916259765625,101.185302734375,15.14961242675781
31497,-0.108917236328125,1.100341796875,0.1221771240234375,0.0230533871799707,-0.3211023807525635,-0.1068010181188583,57.39276123046875,100.9309539794922,15.18736267089844
31498,-0.1136016845703125,1.098419189453125,0.1243438720703125,0.0315864235162735,-0.2825318276882172,-0.1060638502240181,57.43391418457031,100.9033813476562,15.18447875976562
31499,-0.1117095947265625,1.092987060546875,0.1396942138671875,0.0271746292710304,-0.2531603574752808,-0.1238087639212608,57.46377563476562,100.9880523681641,15.166259765625
31500,-0.1117095947265625,1.092987060546875,0.1396942138671875,0.0271746292710304,-0.2531603574752808,-0.1238087639212608,57.46377563476562,100.9880523681641,15.166259765625
31501,-0.102020263671875,1.089126586914062,0.155120849609375,0.0055636097677052,-0.2428653687238693,-0.144708976149559,57.49861145019531,101.0372314453125,15.07945251464844
31502,-0.084197998046875,1.076950073242188,0.167938232421875,-0.0233636461198329,-0.24175164103508,-0.1624027639627457,57.51142883300781,100.9607391357422,15.10169982910156
31503,-0.058807373046875,1.05426025390625,0.1630859375,-0.0554970800876617,-0.2686205506324768,-0.1730926930904388,57.53317260742188,100.9447021484375,15.07484436035156
31504,-0.0223541259765625,1.026840209960938,0.146026611328125,-0.0661617070436477,-0.2974188923835754,-0.1726876199245453,57.59507751464844,100.7709350585938,15.37141418457031
31505,0.039794921875,0.9768524169921876,0.1013336181640625,0.0061990399844944,-0.3290135860443115,-0.151318147778511,57.50851440429688,100.7107849121094,15.49667358398438
31506,0.039794921875,0.9768524169921876,0.1013336181640625,0.0061990399844944,-0.3290135860443115,-0.151318147778511,57.50851440429688,100.7107849121094,15.49667358398438
31507,0.043670654296875,0.9616546630859376,0.087615966796875,0.0608018301427364,-0.3191867768764496,-0.1313457787036896,57.5299072265625,100.6630401611328,15.31437683105469
31508,0.02197265625,0.964752197265625,0.0802001953125,0.1021444797515869,-0.3258313536643982,-0.1076324507594109,57.5452880859375,100.7675933837891,15.34671020507812
31509,0.013092041015625,0.95123291015625,0.0753021240234375,0.1352723389863968,-0.3498112559318542,-0.1127739548683167,57.52688598632812,100.9305877685547,15.2127685546875
31510,0.0097808837890625,0.9361114501953124,0.089935302734375,0.1518678218126297,-0.3879525363445282,-0.1261659264564514,57.53096008300781,100.9086151123047,15.08128356933594
31511,0.0133514404296875,0.929351806640625,0.1108551025390625,0.1575741767883301,-0.4205964803695679,-0.1406993269920349,57.5440673828125,100.8554534912109,15.08763122558594
31512,0.02044677734375,0.93060302734375,0.1319732666015625,0.1458847671747208,-0.4505895376205444,-0.1650488674640656,57.57597351074219,101.0102386474609,15.04975891113281
31513,0.0333251953125,0.931060791015625,0.149261474609375,0.1161055639386177,-0.4713147878646851,-0.1836601048707962,57.50300598144531,101.0866394042969,14.94862365722656
31514,0.062591552734375,0.9447784423828124,0.157745361328125,0.0765821263194084,-0.4850095808506012,-0.1812957525253296,57.53076171875,101.1694641113281,14.83737182617188
31515,0.0963592529296875,0.9662933349609376,0.1622467041015625,0.0495499745011329,-0.4970776736736298,-0.1680790185928345,57.55020141601562,101.1512756347656,14.7930908203125
31516,0.1270294189453125,0.972564697265625,0.1843719482421875,0.0505678355693817,-0.4715805649757385,-0.1367916762828827,57.52943420410156,101.2391357421875,14.76609802246094
31517,0.165924072265625,0.9957427978515624,0.1644439697265625,0.0712371617555618,-0.3903957009315491,-0.1206598356366158,57.55838012695312,101.2545318603516,14.79290771484375
31518,0.1788177490234375,0.99456787109375,0.13525390625,0.0626604482531547,-0.4226963818073273,-0.1098335534334183,57.59628295898438,101.2308654785156,14.82975769042969
31519,0.163818359375,0.99053955078125,0.1756591796875,0.0588569231331348,-0.4042452275753021,-0.0681510940194129,57.62759399414062,101.2203369140625,14.68023681640625
31520,0.1313934326171875,0.989166259765625,0.1976318359375,0.0689361914992332,-0.3135355412960052,-0.0135669410228729,57.75718688964844,101.1885070800781,14.7960205078125
31521,0.1313934326171875,0.989166259765625,0.1976318359375,0.0689361914992332,-0.3135355412960052,-0.0135669410228729,57.75718688964844,101.1885070800781,14.7960205078125
31522,0.114471435546875,0.9776153564453124,0.1968841552734375,0.0689361914992332,-0.3135355412960052,-0.0135669410228729,57.82305908203125,101.1392211914062,14.78152465820312
31523,0.1085357666015625,0.96966552734375,0.21575927734375,0.0384752191603183,-0.3531628549098969,0.0026437200140208,57.83506774902344,101.2116394042969,14.80717468261719
31524,0.112884521484375,0.9756011962890624,0.187408447265625,-0.0526911728084087,-0.3642594516277313,0.0284979548305273,58.03544616699219,101.3643493652344,14.7667236328125
31525,0.112884521484375,0.9756011962890624,0.187408447265625,-0.0526911728084087,-0.3642594516277313,0.0284979548305273,58.03544616699219,101.3643493652344,14.7667236328125
31526,0.117706298828125,0.9775390625,0.1766204833984375,-0.0526911728084087,-0.3642594516277313,0.0284979548305273,58.12179565429688,101.2774353027344,14.71261596679688
31527,0.120758056640625,0.9869232177734376,0.18682861328125,-0.0670850276947021,-0.3219085335731506,0.0458207502961158,58.28280639648438,101.2965240478516,14.84567260742188
31528,0.1139373779296875,0.9987030029296876,0.1688995361328125,-0.0504439994692802,-0.2277143895626068,0.0577421262860298,58.31076049804688,101.2449493408203,14.89903259277344
31529,0.0665283203125,1.01898193359375,0.1207427978515625,0.0011004181578755,-0.088291510939598,0.0817393362522125,58.4027099609375,101.4318542480469,14.79222106933594
31530,0.0665283203125,1.01898193359375,0.1207427978515625,0.0011004181578755,-0.088291510939598,0.0817393362522125,58.4027099609375,101.4318542480469,14.79222106933594
31531,0.0294952392578125,1.032546997070312,0.1203765869140625,0.018388595432043,-0.0326628722250461,0.0909818410873413,58.416259765625,101.2866058349609,14.89939880371094
31532,0.0005645751953125,1.041824340820312,0.123382568359375,0.0314197093248367,0.0305445939302444,0.1051860749721527,58.4603271484375,101.3721313476562,14.99624633789062
31533,-0.02490234375,1.045974731445312,0.15240478515625,0.0314197093248367,0.0305445939302444,0.1051860749721527,58.54283142089844,101.4856872558594,14.98919677734375
31534,-0.01739501953125,1.05975341796875,0.1138916015625,-0.0067708208225667,-0.0369417741894722,0.0802186727523803,58.52984619140625,101.4737701416016,14.98225402832031
31535,-0.0038909912109375,1.035491943359375,0.140045166015625,-0.0235380828380584,-0.0882499665021896,0.0837857127189636,58.70599365234375,101.4325256347656,15.08297729492188
31536,0.017791748046875,1.01934814453125,0.144012451171875,-0.0112971290946006,-0.0614396594464778,0.0989761129021644,58.75721740722656,101.3360900878906,15.04476928710938
31537,0.04248046875,1.00677490234375,0.1255950927734375,0.0339907221496105,-0.0311422068625688,0.1057056561112404,58.77027893066406,101.4484710693359,14.88211059570312
31538,0.0697174072265625,0.987335205078125,0.1049652099609375,0.0819281563162803,-0.0311571210622787,0.1088106334209442,58.93524169921875,101.5756072998047,14.80789184570312
31539,0.0886993408203125,0.968231201171875,0.10174560546875,0.1085515096783638,-0.0393484719097614,0.102322906255722,58.87156677246094,101.5205383300781,14.86653137207031
31540,0.1083221435546875,0.9519195556640624,0.103240966796875,0.1163399219512939,-0.0488269291818141,0.10568967461586,58.95533752441406,101.5097808837891,14.93177795410156
31541,0.119781494140625,0.937042236328125,0.100372314453125,0.1097656488418579,-0.0483177304267883,0.0991236567497253,59.04415893554688,101.58349609375,14.86416625976562
31542,0.1256866455078125,0.9251251220703124,0.0994110107421875,0.0953387692570686,-0.0490647479891777,0.0956887081265449,59.11605834960938,101.5273590087891,14.98716735839844
31543,0.125885009765625,0.9281158447265624,0.1062774658203125,0.0953387692570686,-0.0490647479891777,0.0956887081265449,59.13591003417969,101.4762115478516,15.11178588867188
31544,0.116912841796875,0.94964599609375,0.10498046875,0.0794423595070838,-0.027166374027729,0.0846986398100853,59.27162170410156,101.5071105957031,15.31059265136719
31545,0.116912841796875,0.94964599609375,0.10498046875,0.0794423595070838,-0.027166374027729,0.0846986398100853,59.27162170410156,101.5071105957031,15.31059265136719
31546,0.1046905517578125,0.95989990234375,0.1078338623046875,0.0794423595070838,-0.027166374027729,0.0846986398100853,59.28172302246094,101.4922332763672,15.09547424316406
31547,0.0910491943359375,0.9679718017578124,0.119903564453125,0.0631768405437469,-0.0282380301505327,0.0797789841890335,59.31654357910156,101.5379333496094,14.80194091796875
31548,0.0814208984375,0.972198486328125,0.12615966796875,0.0460465885698795,-0.0205204542726278,0.0760116800665855,59.41535949707031,101.5368041992188,14.73359680175781
31549,0.070098876953125,0.9930267333984376,0.13482666015625,-0.0030882016289979,-0.0034557178150862,0.0695199519395828,59.44009399414062,101.7274627685547,14.53236389160156
31550,0.070098876953125,0.9930267333984376,0.13482666015625,-0.0030882016289979,-0.0034557178150862,0.0695199519395828,59.44009399414062,101.7274627685547,14.53236389160156
31551,0.069549560546875,0.9955291748046876,0.1462860107421875,-0.0030882016289979,-0.0034557178150862,0.0695199519395828,59.50479125976562,101.7475128173828,14.61033630371094
31552,0.06915283203125,0.9964447021484376,0.15118408203125,-0.0062078284099698,0.0645947083830833,0.0775219574570655,59.53382873535156,101.6466827392578,14.86689758300781
31553,0.057464599609375,0.991455078125,0.157470703125,-0.0052871736697852,0.1290908753871918,0.0916662737727165,59.65623474121094,101.7151794433594,14.55778503417969
31554,0.057464599609375,0.991455078125,0.157470703125,-0.0052871736697852,0.1290908753871918,0.0916662737727165,59.65623474121094,101.7151794433594,14.55778503417969
31555,0.0584869384765625,1.015487670898438,0.13446044921875,0.0016908409306779,0.1536508053541183,0.0892119035124778,59.6212158203125,101.8463287353516,14.53196716308594
31556,0.0474853515625,0.9915924072265624,0.12603759765625,-0.0192477311939001,0.1115502268075943,0.0638649985194206,59.66122436523438,101.8541717529297,14.54290771484375
31557,0.0474853515625,0.9915924072265624,0.12603759765625,-0.0192477311939001,0.1115502268075943,0.0638649985194206,59.66122436523438,101.8541717529297,14.54290771484375
31558,0.0478363037109375,0.9864654541015624,0.1271514892578125,-0.0346208289265632,0.1123973801732063,0.0655180215835571,59.68141174316406,101.7156524658203,14.6566162109375
31559,0.0471954345703125,0.976287841796875,0.1205596923828125,-0.0346208289265632,0.1123973801732063,0.0655180215835571,59.67251586914062,101.7197723388672,14.75404357910156
31560,0.051361083984375,0.968780517578125,0.1235198974609375,-0.0318026691675186,0.104508563876152,0.0669188424944877,59.67176818847656,101.7354278564453,14.83563232421875
31561,0.0693817138671875,0.9703521728515624,0.1196136474609375,-0.0263818055391311,0.1099685803055763,0.0767768025398254,59.77210998535156,101.8220520019531,14.57797241210938
31562,0.0693817138671875,0.9703521728515624,0.1196136474609375,-0.0263818055391311,0.1099685803055763,0.0767768025398254,59.77210998535156,101.8220520019531,14.57797241210938
31563,0.0764923095703125,0.9763641357421876,0.1133575439453125,-0.0229993257671594,0.1059882193803787,0.0879375785589218,59.81405639648438,101.8036499023438,14.73556518554688
31564,0.08544921875,0.9810028076171876,0.1069488525390625,-0.0213518943637609,0.1156376525759697,0.0869370251893997,59.71408081054688,101.8283538818359,14.88493347167969
31565,0.0878448486328125,0.9860076904296876,0.0935821533203125,-0.0217500366270542,0.1253730952739716,0.0797784551978111,59.81806945800781,101.8578491210938,14.79544067382812
31566,0.0894622802734375,0.9848175048828124,0.0832672119140625,-0.0217500366270542,0.1253730952739716,0.0797784551978111,59.74815368652344,101.8950653076172,14.87879943847656
31567,0.0919036865234375,0.9859161376953124,0.0769195556640625,-0.021999042481184,0.1309007555246353,0.0736640989780426,59.76277160644531,101.8228454589844,14.95796203613281
31568,0.0861053466796875,0.9952545166015624,0.072418212890625,-0.0150047820061445,0.1289481222629547,0.0763376504182815,59.72978210449219,101.7337646484375,15.07701110839844
31569,0.069671630859375,1.008834838867188,0.078887939453125,-0.0139171471819281,0.1180185154080391,0.0719458311796188,59.82215881347656,101.7491302490234,15.00917053222656
31570,0.069671630859375,1.008834838867188,0.078887939453125,-0.0139171471819281,0.1180185154080391,0.0719458311796188,59.82215881347656,101.7491302490234,15.00917053222656
31571,0.0567779541015625,1.009048461914062,0.0832672119140625,-0.0109573099762201,0.1165937259793282,0.063198409974575,59.79917907714844,101.7841644287109,15.08868408203125
31572,0.04144287109375,1.008590698242188,0.08709716796875,-0.0085207838565111,0.1117233335971832,0.056291501969099,59.7701416015625,101.8367614746094,15.13288879394531
31573,0.020538330078125,1.003921508789062,0.0972442626953125,-0.0049388320185244,0.1147580072283745,0.0358346961438655,59.79751586914062,101.7767333984375,15.10365295410156
31574,0.020538330078125,1.003921508789062,0.0972442626953125,-0.0049388320185244,0.1147580072283745,0.0358346961438655,59.79751586914062,101.7767333984375,15.10365295410156
31575,0.0196990966796875,1.001327514648438,0.100860595703125,-0.0042261704802513,0.1159665510058403,0.0296460427343845,59.90016174316406,101.8449096679688,15.18498229980469
31576,0.0264129638671875,0.997344970703125,0.1056976318359375,-0.0108153633773326,0.1294706463813782,0.029037244617939,59.86601257324219,101.82958984375,15.1895751953125
31577,0.0426177978515625,0.998321533203125,0.1022186279296875,-0.0121533358469605,0.1370342820882797,0.0294620189815759,59.94512939453125,101.7218170166016,15.44459533691406
31578,0.0426177978515625,0.998321533203125,0.1022186279296875,-0.0121533358469605,0.1370342820882797,0.0294620189815759,59.94512939453125,101.7218170166016,15.44459533691406
31579,0.0527191162109375,0.999114990234375,0.1014404296875,-0.0126193882897496,0.1243355348706245,0.0314250327646732,59.86634826660156,101.7144470214844,15.50694274902344
31580,0.0684356689453125,0.9942626953125,0.1116485595703125,-0.0123799704015255,0.106049470603466,0.0360554717481136,59.87591552734375,101.6712341308594,15.42668151855469
31581,0.0684356689453125,0.9942626953125,0.1116485595703125,-0.0123799704015255,0.106049470603466,0.0360554717481136,59.87591552734375,101.6712341308594,15.42668151855469
31582,0.074249267578125,0.987457275390625,0.1148529052734375,-0.0156969372183084,0.0931832045316696,0.0425530523061752,59.86611938476562,101.6305999755859,15.53326416015625
31583,0.0791778564453125,0.98187255859375,0.1215667724609375,-0.0214347187429666,0.080333188176155,0.0422750189900398,59.8648681640625,101.7616271972656,15.61257934570312
31584,0.082275390625,0.9783782958984376,0.121734619140625,-0.0300836004316806,0.0735613033175468,0.0430585220456123,59.87104797363281,101.7388458251953,15.59225463867188
31585,0.0809173583984375,0.976531982421875,0.1186065673828125,-0.0375327281653881,0.0607051588594913,0.0443221889436245,59.85986328125,101.8762054443359,15.64553833007812
31586,0.0770416259765625,0.9766387939453124,0.11676025390625,-0.0539061091840267,0.0349036566913127,0.0371239334344863,59.7894287109375,101.7466125488281,15.75019836425781
31587,0.069976806640625,0.9784088134765624,0.1127777099609375,-0.0547569878399372,0.0203252453356981,0.0331749990582466,59.78080749511719,101.7134552001953,15.80023193359375
31588,0.0621337890625,0.980133056640625,0.1117706298828125,-0.055570051074028,0.018117219209671,0.0263245478272438,59.85076904296875,101.6184692382812,15.82501220703125
31589,0.047821044921875,0.9837188720703124,0.1083221435546875,-0.0474727116525173,0.0015488944482058,0.0164737813174724,59.897705078125,101.5975036621094,15.91539001464844
31590,0.047821044921875,0.9837188720703124,0.1083221435546875,-0.0474727116525173,0.0015488944482058,0.0164737813174724,59.897705078125,101.5975036621094,15.91539001464844
31591,0.0422515869140625,0.9860076904296876,0.1068878173828125,-0.0474727116525173,0.0015488944482058,0.0164737813174724,59.83799743652344,101.5971374511719,15.93930053710938
31592,0.034759521484375,0.990570068359375,0.1107940673828125,-0.0426702313125133,-0.0054656052961945,0.0095277251675724,59.89395141601562,101.6429901123047,15.8095703125
31593,0.0265960693359375,0.9890289306640624,0.11468505859375,-0.0392688438296318,-0.0086139943450689,-0.0003763046697713,59.90034484863281,101.5320587158203,15.83183288574219
31594,0.0265960693359375,0.9890289306640624,0.11468505859375,-0.0392688438296318,-0.0086139943450689,-0.0003763046697713,59.90034484863281,101.5320587158203,15.83183288574219
31595,0.02392578125,0.9864349365234376,0.1154022216796875,-0.0371452383697032,-0.0080254357308149,-0.0058126151561737,59.88406372070312,101.4995880126953,15.92854309082031
31596,0.0234222412109375,0.985992431640625,0.1142578125,-0.0323792435228824,-0.0039590550586581,-0.0038831550627946,59.85627746582031,101.5331115722656,15.95138549804688
31597,0.023956298828125,0.9871063232421876,0.1061553955078125,-0.016889501363039,0.0122803682461381,-0.0045936866663396,59.97315979003906,101.5572967529297,16.0064697265625
31598,0.023956298828125,0.9871063232421876,0.1061553955078125,-0.016889501363039,0.0122803682461381,-0.0045936866663396,59.97315979003906,101.5572967529297,16.0064697265625
31599,0.0247955322265625,0.9906768798828124,0.1007232666015625,-0.0086978841572999,0.0184088349342346,-0.0078517980873584,59.96768188476562,101.5381469726562,16.0584716796875
31600,0.0233306884765625,0.996612548828125,0.097869873046875,0.0007518103811889,0.0183888617902994,-0.0078781628981232,59.90617370605469,101.4119110107422,16.20439147949219
31601,0.0276031494140625,1.002670288085938,0.099578857421875,0.0105549059808254,0.0194472018629312,-0.0181864611804485,59.90289306640625,101.578369140625,15.99873352050781
31602,0.0276031494140625,1.002670288085938,0.099578857421875,0.0105549059808254,0.0194472018629312,-0.0181864611804485,59.90289306640625,101.578369140625,15.99873352050781
31603,0.0286712646484375,1.003448486328125,0.10546875,0.0105549059808254,0.0194472018629312,-0.0181864611804485,59.86036682128906,101.5327911376953,15.91371154785156
31604,0.03009033203125,1.001190185546875,0.1050262451171875,0.0089349057525396,0.0163906905800104,-0.0176232028752565,59.915283203125,101.5084228515625,15.93305969238281
31605,0.030364990234375,0.9979705810546876,0.10394287109375,0.0013896374730393,0.004105529282242,-0.0240358281880617,59.85258483886719,101.5880584716797,15.9622802734375
31606,0.030364990234375,0.9979705810546876,0.10394287109375,0.0013896374730393,0.004105529282242,-0.0240358281880617,59.85258483886719,101.5880584716797,15.9622802734375
31607,0.03228759765625,0.9986724853515624,0.1042022705078125,-0.0005896238726563,0.0034850125666707,-0.0299901235848665,59.8258056640625,101.5514068603516,16.10818481445312
31608,0.03131103515625,1.001434326171875,0.099395751953125,0.00271429377608,0.002796585438773,-0.0276856906712055,59.84182739257812,101.6058197021484,16.03761291503906
31609,0.029571533203125,1.00372314453125,0.096923828125,0.0084185181185603,-0.0063827983103692,-0.0298969130963087,59.79177856445312,101.6439514160156,16.06838989257812
31610,0.028900146484375,1.004409790039062,0.100799560546875,0.0128417629748582,-0.0108619686216116,-0.0301176887005567,59.82850646972656,101.5758361816406,16.0911865234375
31611,0.02783203125,1.0015869140625,0.106292724609375,0.0173017587512731,-0.013252954930067,-0.0321534089744091,59.79556274414062,101.5057220458984,16.05294799804688
31612,0.0272064208984375,0.9962310791015624,0.1057586669921875,0.0234395451843738,-0.0140931820496916,-0.0317707136273384,59.8167724609375,101.5230560302734,16.15817260742188
31613,0.029388427734375,0.9906768798828124,0.1077880859375,0.0275706406682729,-0.0190250892192125,-0.032760877162218,59.81398010253906,101.5547027587891,16.19105529785156
31614,0.032440185546875,0.9878387451171876,0.1087799072265625,0.0238581951707601,-0.0159350242465734,-0.0326221249997615,59.88674926757812,101.5625152587891,16.15176391601562
31615,0.0355224609375,0.984710693359375,0.106109619140625,0.023529827594757,-0.0168487541377544,-0.0333236008882522,59.94854736328125,101.5548553466797,16.07734680175781
31616,0.0370941162109375,0.983642578125,0.10601806640625,0.0210253894329071,-0.0208794493228197,-0.0338897891342639,59.91009521484375,101.5394744873047,16.11117553710938
31617,0.037384033203125,0.981719970703125,0.1061248779296875,0.0186493173241615,-0.0157182421535253,-0.0332351848483085,59.91046142578125,101.509765625,16.00749206542969
31618,0.03265380859375,0.9835052490234376,0.1045989990234375,0.0186493173241615,-0.0157182421535253,-0.0332351848483085,59.84123229980469,101.6005706787109,15.96253967285156
31619,0.0271148681640625,0.984588623046875,0.106658935546875,0.0212789233773946,-0.0153251606971025,-0.030948594212532,59.79490661621094,101.6626586914062,15.99494934082031
31620,0.021820068359375,0.9863739013671876,0.1050567626953125,0.0230635069310665,-0.0062091602012515,-0.026133332401514,59.67256164550781,101.7560882568359,16.11215209960938
31621,0.021820068359375,0.9863739013671876,0.1050567626953125,0.0230635069310665,-0.0062091602012515,-0.026133332401514,59.67256164550781,101.7560882568359,16.11215209960938
31622,0.020263671875,0.9874267578125,0.106292724609375,0.0133064845576882,0.000471645820653,-0.020075973123312,59.64697265625,101.7702484130859,16.09707641601562
31623,0.017181396484375,0.98809814453125,0.1063995361328125,0.0133064845576882,0.000471645820653,-0.020075973123312,59.72476196289062,101.8184814453125,16.01176452636719
31624,0.013885498046875,0.9813995361328124,0.1086273193359375,0.0064935856498777,0.0167747195810079,-0.0164514109492301,59.68621826171875,101.7671813964844,15.9786376953125
31625,0.0108642578125,0.9819793701171876,0.1056671142578125,0.0008271778351627,0.0215068906545639,-0.0139903835952282,59.66996765136719,101.8658905029297,15.85060119628906
31626,0.0108642578125,0.9819793701171876,0.1056671142578125,0.0008271778351627,0.0215068906545639,-0.0139903835952282,59.66996765136719,101.8658905029297,15.85060119628906
31627,0.0091400146484375,0.98260498046875,0.10614013671875,-0.0025555694010108,0.0165139958262443,-0.0131043503060936,59.65277099609375,101.7696838378906,15.89947509765625
31628,0.007904052734375,0.9870452880859376,0.1058349609375,-0.0016769925132393,0.0224800091236829,-0.0145965190604329,59.60595703125,101.6944427490234,15.96070861816406
31629,0.00830078125,0.9929962158203124,0.100921630859375,-0.0047228499315679,0.0181105602532625,-0.0146732181310653,59.55006408691406,101.6444702148438,15.97531127929688
31630,0.01019287109375,0.9965667724609376,0.0962677001953125,0.0062246061861515,0.015442606061697,-0.0131805166602134,59.57369995117188,101.6490783691406,16.231689453125
31631,0.0113067626953125,0.996368408203125,0.091033935546875,0.0055771917104721,0.0160402189940214,-0.0146039761602878,59.5555419921875,101.5838012695312,16.45823669433594
31632,0.0113067626953125,0.996368408203125,0.091033935546875,0.0055771917104721,0.0160402189940214,-0.0146039761602878,59.5555419921875,101.5838012695312,16.45823669433594
31633,0.010986328125,0.996429443359375,0.0920867919921875,-0.0005784385721199,0.0190439987927675,-0.0111282849684357,59.59080505371094,101.4827575683594,16.35659790039062
31634,0.013916015625,0.990325927734375,0.0937652587890625,-0.0005784385721199,0.0190439987927675,-0.0111282849684357,59.60263061523438,101.5897521972656,16.28652954101562
31635,0.0158843994140625,0.9853515625,0.095245361328125,0.0059803943149745,0.0230342131108045,-0.0104933874681592,59.56039428710938,101.6176147460938,16.257080078125
31636,0.01617431640625,0.9858551025390624,0.0971221923828125,0.0088262483477592,0.0278675835579633,-0.0150053147226572,59.47795104980469,101.5805053710938,16.29002380371094
31637,0.01605224609375,0.9904022216796876,0.101409912109375,0.0025015072897076,0.0316266342997551,-0.0069521819241344,59.51475524902344,101.5764923095703,16.22817993164062
31638,0.01605224609375,0.9904022216796876,0.101409912109375,0.0025015072897076,0.0316266342997551,-0.0069521819241344,59.51475524902344,101.5764923095703,16.22817993164062
31639,0.017486572265625,0.9882965087890624,0.1019439697265625,0.0079860212281346,0.0402843058109283,-0.0034860777668654,59.50767517089844,101.7435150146484,16.24348449707031
31640,0.0157470703125,0.9914093017578124,0.0992584228515625,0.0292665418237447,0.075103536248207,0.0139341913163662,59.5523681640625,101.7811889648438,16.43380737304688
31641,0.0157470703125,0.9914093017578124,0.0992584228515625,0.0292665418237447,0.075103536248207,0.0139341913163662,59.5523681640625,101.7811889648438,16.43380737304688
31642,0.0157470703125,0.9914093017578124,0.0992584228515625,0.0292665418237447,0.075103536248207,0.0139341913163662,59.5523681640625,101.7811889648438,16.43380737304688
31643,0.0107879638671875,0.9865264892578124,0.0969696044921875,0.0189606416970491,0.0925957113504409,0.0231157056987285,59.55813598632812,101.6527709960938,16.42353820800781
31644,0.007080078125,0.989959716796875,0.09722900390625,0.0149749545380473,0.1022185161709785,0.0336626209318637,59.64167785644531,101.7303619384766,16.66963195800781
31645,0.007080078125,0.989959716796875,0.09722900390625,0.0149749545380473,0.1022185161709785,0.0336626209318637,59.64167785644531,101.7303619384766,16.66963195800781
31646,0.00244140625,0.996551513671875,0.0937042236328125,0.016489228233695,0.1059424132108688,0.0331619493663311,59.54110717773438,101.5957183837891,16.89788818359375
31647,0.000518798828125,1.005096435546875,0.08721923828125,0.016489228233695,0.1059424132108688,0.0331619493663311,59.58518981933594,101.6562652587891,16.76539611816406
31648,0.001861572265625,1.005294799804688,0.0810394287109375,0.0181925855576992,0.1014983952045441,0.0294377841055393,59.54533386230469,101.6385650634766,16.69284057617188
31649,0.0056304931640625,1.00250244140625,0.076812744140625,0.0139488391578197,0.0675305724143981,0.0237348899245262,59.51139831542969,101.8310852050781,16.36820983886719
31650,0.0056304931640625,1.00250244140625,0.076812744140625,0.0139488391578197,0.0675305724143981,0.0237348899245262,59.51139831542969,101.8310852050781,16.36820983886719
31651,0.008026123046875,0.9958953857421876,0.0788421630859375,0.012101138010621,0.0577650293707847,0.0176469050347805,59.51727294921875,101.62890625,16.36650085449219
31652,0.009552001953125,0.9875640869140624,0.083892822265625,0.0090419640764594,0.053716491907835,0.0105541069060564,59.52766418457031,101.6527862548828,16.44476318359375
31653,0.009552001953125,0.9875640869140624,0.083892822265625,0.0090419640764594,0.053716491907835,0.0105541069060564,59.52766418457031,101.6527862548828,16.44476318359375
31654,0.0080413818359375,0.9839630126953124,0.0882110595703125,0.0090419640764594,0.053716491907835,0.0105541069060564,59.46037292480469,101.6036071777344,16.43145751953125
31655,0.0050201416015625,0.9836883544921876,0.0928802490234375,0.0081186462193727,0.0528887808322906,0.0114854145795106,59.51310729980469,101.5916290283203,16.44061279296875
31656,0.005157470703125,0.984649658203125,0.0953216552734375,0.003531884169206,0.0556155927479267,0.0072137042880058,59.46696472167969,101.6829223632812,16.32713317871094
31657,0.006256103515625,0.98699951171875,0.0961456298828125,-0.0050088735297322,0.0624077171087265,0.0078515317291021,59.49430847167969,101.6297454833984,16.31547546386719
31658,0.0091552734375,0.9915924072265624,0.090576171875,-0.0040493365377187,0.059048406779766,0.0052030179649591,59.46791076660156,101.5709075927734,16.39353942871094
31659,0.0123748779296875,0.994293212890625,0.0850067138671875,-0.0040493365377187,0.059048406779766,0.0052030179649591,59.51910400390625,101.5605773925781,16.31329345703125
31660,0.0136566162109375,0.996795654296875,0.081756591796875,-0.0002181128947995,0.0545713678002357,0.0055361790582537,59.50167846679688,101.6015167236328,16.34034729003906
31661,0.012786865234375,0.9967803955078124,0.0742340087890625,-0.0029113676864653,0.0451096892356872,0.0038021949585527,59.4984130859375,101.5103454589844,16.3994140625
31662,0.0112762451171875,0.994049072265625,0.07232666015625,-0.0046397591941058,0.0246526151895523,-0.0013193299528211,59.465087890625,101.5163116455078,16.3179931640625
31663,0.0124664306640625,0.9918060302734376,0.0724334716796875,-0.0096036251634359,0.0086763128638267,-0.0038650457281619,59.45797729492188,101.5502166748047,16.21586608886719
31664,0.01129150390625,0.991180419921875,0.0722808837890625,-0.0082291681319475,-0.0045593315735459,-0.0043465453200042,59.47441101074219,101.4060974121094,16.38279724121094
31665,0.012481689453125,0.996337890625,0.07720947265625,-0.0075617795810103,-0.0167821757495403,-0.009989783167839,59.44488525390625,101.3460235595703,16.34095764160156
31666,0.012481689453125,0.996337890625,0.07720947265625,-0.0075617795810103,-0.0167821757495403,-0.009989783167839,59.44488525390625,101.3460235595703,16.34095764160156
31667,0.0095367431640625,0.996429443359375,0.081695556640625,-0.0046818372793495,-0.0139581598341465,-0.0085119949653744,59.47488403320312,101.4003143310547,16.35569763183594
31668,0.0073394775390625,0.99700927734375,0.0856170654296875,-0.0053063482046127,-0.0061596250161528,-0.0086640622466802,59.45193481445312,101.4089050292969,16.25941467285156
31669,0.0052642822265625,0.9966888427734376,0.086669921875,-0.008585232309997,-0.0067934575490653,-0.0098744686692953,59.4727783203125,101.4967346191406,16.38836669921875
31670,0.0047149658203125,0.9958953857421876,0.09124755859375,-0.0085796397179365,0.0029499835800379,-0.0091149350628256,59.36148071289062,101.453857421875,16.364013671875
31671,0.005584716796875,0.99658203125,0.0923919677734375,-0.0085796397179365,0.0029499835800379,-0.0091149350628256,59.4266357421875,101.4751434326172,16.39767456054688
31672,0.0076751708984375,0.9993743896484376,0.088043212890625,-0.0050027482211589,0.003859186777845,-0.008488293737173,59.49490356445312,101.4336090087891,16.41606140136719
31673,0.0107421875,1.002410888671875,0.0830841064453125,-0.0011664645280689,0.0086621977388858,-0.0077005303464829,59.44725036621094,101.4863128662109,16.20455932617188
31674,0.0129547119140625,1.002120971679688,0.08123779296875,0.005576126743108,0.0074190339073538,-0.0055907741189002,59.3609619140625,101.580810546875,16.25520324707031
31675,0.01654052734375,0.9982757568359376,0.079437255859375,0.0185912605375051,0.0052650696597993,-0.0030676953028887,59.35360717773438,101.5466613769531,16.14268493652344
31676,0.01654052734375,0.9982757568359376,0.079437255859375,0.0185912605375051,0.0052650696597993,-0.0030676953028887,59.35360717773438,101.5466613769531,16.14268493652344
31677,0.016815185546875,0.995635986328125,0.08026123046875,0.0204964857548475,0.0082587292417883,-0.0019760655704885,59.44279479980469,101.6568145751953,16.10842895507812
31678,0.0168304443359375,0.9935302734375,0.0804901123046875,0.02055374532938,0.007506385911256,-5.326322207110934e-05,59.45057678222656,101.6246643066406,16.17219543457031
31679,0.01812744140625,0.9931182861328124,0.0797576904296875,0.0221681520342826,0.0092512890696525,-0.001252218382433,59.36712646484375,101.5804138183594,16.33689880371094
31680,0.0201568603515625,0.9938201904296876,0.0800628662109375,0.0200187154114246,0.0050509511493146,0.0013377057621255,59.30149841308594,101.6170806884766,16.30035400390625
31681,0.023101806640625,0.992950439453125,0.079925537109375,0.025242505595088,0.0059726713225245,0.0011914982460439,59.36180114746094,101.7046661376953,16.21401977539062
31682,0.023101806640625,0.992950439453125,0.079925537109375,0.025242505595088,0.0059726713225245,0.0011914982460439,59.36180114746094,101.7046661376953,16.21401977539062
31683,0.0223236083984375,0.9918670654296876,0.081634521484375,0.0306681636720895,0.0025971147697418,0.0050299121066927,59.4224853515625,101.6959075927734,16.10432434082031
31684,0.0200958251953125,0.9876556396484376,0.0882110595703125,0.0206613354384899,-0.0130404345691204,0.0050592068582773,59.36764526367188,101.6846771240234,16.11006164550781
31685,0.0200958251953125,0.9876556396484376,0.0882110595703125,0.0206613354384899,-0.0130404345691204,0.0050592068582773,59.36764526367188,101.6846771240234,16.11006164550781
31686,0.0193328857421875,0.9868316650390624,0.0884552001953125,0.0206613354384899,-0.0130404345691204,0.0050592068582773,59.39349365234375,101.6680908203125,16.12997436523438
31687,0.0189971923828125,0.9852142333984376,0.0886993408203125,0.0165848359465599,-0.0219100918620824,0.0032988577149808,59.35836791992188,101.5666656494141,16.08781433105469
31688,0.0184173583984375,0.9851226806640624,0.0867156982421875,0.0109770176932215,-0.0269466619938612,0.0009723200928419,59.35543823242188,101.6056976318359,16.10092163085938
31689,0.017242431640625,0.986358642578125,0.08270263671875,0.0076856166124343,-0.0302939899265766,0.0005675196298398,59.3458251953125,101.6625518798828,16.21145629882812
31690,0.0171661376953125,0.9889678955078124,0.0823211669921875,0.0061369882896542,-0.0347265563905239,0.0007315703551284,59.38032531738281,101.7172393798828,16.14739990234375
31691,0.01678466796875,0.9902191162109376,0.08062744140625,0.0047084689140319,-0.0428755618631839,0.0022261363919824,59.33598327636719,101.7591400146484,16.22850036621094
31692,0.020111083984375,0.99664306640625,0.0822296142578125,0.0018967032665386,-0.0609560273587703,-0.0017259946325793,59.43246459960938,101.6416778564453,16.19990539550781
31693,0.020111083984375,0.99664306640625,0.0822296142578125,0.0018967032665386,-0.0609560273587703,-0.0017259946325793,59.43246459960938,101.6416778564453,16.19990539550781
31694,0.020111083984375,0.99664306640625,0.0822296142578125,0.0018967032665386,-0.0609560273587703,-0.0017259946325793,59.43246459960938,101.6416778564453,16.19990539550781
31695,0.023712158203125,0.998321533203125,0.0831451416015625,-0.0038719698786735,-0.0674291104078292,-0.0033603766933083,59.42576599121094,101.627197265625,16.3489990234375
31696,0.0280303955078125,0.9976654052734376,0.0845489501953125,-0.0037159086205065,-0.067689299583435,-0.0051809134893119,59.45751953125,101.6412506103516,16.32394409179688
31697,0.0289764404296875,0.9983978271484376,0.086334228515625,0.000532632227987,-0.0641081482172012,-0.00408022897318,59.43791198730469,101.7553405761719,16.21852111816406
31698,0.0257110595703125,0.9955291748046876,0.0879058837890625,0.0057676080614328,-0.0526980981230735,-0.0019829897210001,59.40629577636719,101.7908630371094,15.92230224609375
31699,0.0257110595703125,0.9955291748046876,0.0879058837890625,0.0057676080614328,-0.0526980981230735,-0.0019829897210001,59.40629577636719,101.7908630371094,15.92230224609375
31700,0.021270751953125,0.9959259033203124,0.0890960693359375,0.0114689031615853,-0.0473086610436439,-0.0057516288943588,59.484619140625,101.6894989013672,15.95719909667969
31701,0.0200042724609375,0.9979400634765624,0.089752197265625,0.0131525536999106,-0.0441461540758609,-0.0071657677181065,59.45344543457031,101.7438812255859,15.96380615234375
31702,0.0200042724609375,0.9979400634765624,0.089752197265625,0.0131525536999106,-0.0441461540758609,-0.0071657677181065,59.45344543457031,101.7438812255859,15.96380615234375
31703,0.019989013671875,0.9966888427734376,0.0878448486328125,0.0150098418816924,-0.0426731631159782,-0.0073194317519664,59.49769592285156,101.6851501464844,15.84370422363281
31704,0.021453857421875,0.9975128173828124,0.0868682861328125,0.0111583787947893,-0.0407689996063709,-0.0056283245794475,59.52326965332031,101.6761169433594,15.96226501464844
31705,0.02130126953125,0.994171142578125,0.08251953125,0.0127991521731019,-0.0377947837114334,-0.0033361418172717,59.54647827148438,101.5626525878906,15.90693664550781
31706,0.0211029052734375,0.9935302734375,0.080108642578125,0.014578410424292,-0.0350301563739776,-0.0018250643042847,59.54779052734375,101.5500640869141,15.87660217285156
31707,0.0211029052734375,0.9935302734375,0.080108642578125,0.014578410424292,-0.0350301563739776,-0.0018250643042847,59.54779052734375,101.5500640869141,15.87660217285156
31708,0.021942138671875,0.992431640625,0.0795440673828125,0.015770174562931,-0.0354408137500286,-0.0021603561472147,59.54582214355469,101.5076293945312,15.8502197265625
31709,0.0219879150390625,0.9919891357421876,0.082183837890625,0.012786635197699,-0.0326855070888996,-0.0013784521725028,59.52728271484375,101.608642578125,15.92976379394531
31710,0.022857666015625,0.9913787841796876,0.084991455078125,0.0127746509388089,-0.0313219688832759,-0.0006918892613612,59.54116821289062,101.5895843505859,15.98576354980469
31711,0.025115966796875,0.99114990234375,0.0856781005859375,0.0125887626782059,-0.0273149777203798,0.0021395836956799,59.55348205566406,101.7030334472656,16.06103515625
31712,0.0265655517578125,0.9892425537109376,0.0868988037109375,0.0099162803962826,-0.0273519959300756,0.0042283008806407,59.52793884277344,101.8627319335938,16.02040100097656
31713,0.027801513671875,0.9877777099609376,0.0878143310546875,0.0067266123369336,-0.0268646366894245,0.0045151230879127,59.53782653808594,101.7689056396484,16.11265563964844
31714,0.02899169921875,0.9889068603515624,0.0875091552734375,0.0017371799331158,-0.03363598883152,0.0049862363375723,59.52549743652344,101.6666717529297,16.12953186035156
31715,0.0309600830078125,0.9903717041015624,0.0865631103515625,0.0017371799331158,-0.03363598883152,0.0049862363375723,59.618408203125,101.7188873291016,16.00935363769531
31716,0.03045654296875,0.993988037109375,0.084625244140625,-0.0020370518323034,-0.0341308042407035,0.0063407202251255,59.58763122558594,101.6795043945312,16.06071472167969
31717,0.0292816162109375,1.000396728515625,0.081085205078125,0.0007763114408589,-0.0333539620041847,0.0056379120796918,59.60780334472656,101.6529083251953,16.05953979492188
31718,0.0292816162109375,1.000396728515625,0.081085205078125,0.0007763114408589,-0.0333539620041847,0.0056379120796918,59.60780334472656,101.6529083251953,16.05953979492188
31719,0.0284271240234375,0.999542236328125,0.0817718505859375,-0.0002316950121894,-0.0278793014585971,0.0047912932932376,59.70001220703125,101.6301879882812,16.03919982910156
31720,0.026824951171875,0.9988555908203124,0.084075927734375,0.0075703016482293,-0.0315203741192817,0.0042325616814196,59.67666625976562,101.6870574951172,16.04757690429688
31721,0.025909423828125,0.996490478515625,0.08660888671875,0.0041422806680202,-0.0255333222448825,0.0022146848496049,59.64663696289062,101.6953735351562,15.9920654296875
31722,0.025909423828125,0.996490478515625,0.08660888671875,0.0041422806680202,-0.0255333222448825,0.0022146848496049,59.64663696289062,101.6953735351562,15.9920654296875
31723,0.025146484375,0.992523193359375,0.0857696533203125,0.0041422806680202,-0.0255333222448825,0.0022146848496049,59.65719604492188,101.7012481689453,16.01655578613281
31724,0.0281524658203125,0.9888916015625,0.0876617431640625,-0.0007190534961409,-0.0325914993882179,-0.0015688681742176,59.68707275390625,101.5499572753906,16.30223083496094
31725,0.0281524658203125,0.9888916015625,0.0876617431640625,-0.0007190534961409,-0.0325914993882179,-0.0015688681742176,59.68707275390625,101.5499572753906,16.30223083496094
31726,0.0303497314453125,0.98846435546875,0.0880584716796875,-0.0012644688831642,-0.0282774437218904,-0.0027616980951279,59.67131042480469,101.6795196533203,16.17645263671875
31727,0.031097412109375,0.9880523681640624,0.0870513916015625,-0.0063670855015516,-0.0239663198590278,-0.0011691277613863,59.7259521484375,101.5811462402344,16.32594299316406
31728,0.0316009521484375,0.9851837158203124,0.08648681640625,-0.0063670855015516,-0.0239663198590278,-0.0011691277613863,59.779296875,101.4237060546875,16.47085571289062
31729,0.032623291015625,0.98284912109375,0.0862274169921875,-0.0105676893144846,-0.0247737895697355,-0.0033957967534661,59.82975769042969,101.580078125,16.26736450195312
31730,0.0330047607421875,0.9819183349609376,0.085174560546875,-0.0137277962639927,-0.0299853291362524,0.0002327602705918,59.90530395507812,101.5485076904297,16.26101684570312
31731,0.033416748046875,0.9817962646484376,0.0841217041015625,-0.0183984488248825,-0.0361641310155391,-0.0002340918581467,59.8917236328125,101.6045837402344,16.18168640136719
31732,0.033721923828125,0.9840545654296876,0.0841064453125,-0.028539765626192,-0.0543705634772777,-0.0008777778712101,59.85423278808594,101.6586456298828,16.25950622558594
31733,0.033721923828125,0.9840545654296876,0.0841064453125,-0.028539765626192,-0.0543705634772777,-0.0008777778712101,59.85423278808594,101.6586456298828,16.25950622558594
31734,0.0342864990234375,0.988861083984375,0.0854949951171875,-0.028539765626192,-0.0543705634772777,-0.0008777778712101,59.84197998046875,101.52685546875,16.18644714355469
31735,0.0344696044921875,0.989410400390625,0.086517333984375,-0.0309179686009883,-0.0545428693294525,0.000449807906989,59.96517944335938,101.53076171875,16.16004943847656
31736,0.034088134765625,0.9915924072265624,0.085479736328125,-0.0278670508414506,-0.0478878952562809,0.0035324168857187,59.89825439453125,101.5188446044922,16.32156372070312
31737,0.032745361328125,0.9951324462890624,0.0837249755859375,-0.0111487908288836,-0.0309866778552532,0.0072813485749065,59.97210693359375,101.5053100585938,16.34120178222656
31738,0.0306854248046875,0.99749755859375,0.0847930908203125,-0.0061015682294964,-0.0224696230143308,0.0077207703143358,59.92889404296875,101.5661163330078,16.35067749023438
31739,0.0244140625,0.999786376953125,0.0885467529296875,-0.0042898198589682,-0.0171323809772729,0.0106603670865297,59.91574096679688,101.4768218994141,16.47531127929688
31740,0.0244140625,0.999786376953125,0.0885467529296875,-0.0042898198589682,-0.0171323809772729,0.0106603670865297,59.91574096679688,101.4768218994141,16.47531127929688
31741,0.02276611328125,0.998504638671875,0.088836669921875,-0.0007099987124092,-0.0092339785769581,0.0095040230080485,59.96003723144531,101.4694213867188,16.56132507324219
31742,0.02276611328125,0.998504638671875,0.088836669921875,-0.0007099987124092,-0.0092339785769581,0.0095040230080485,59.96003723144531,101.4694213867188,16.56132507324219
31743,0.0211639404296875,0.993011474609375,0.0912628173828125,-0.0013243899447843,-0.0057324543595314,0.0081551317125558,59.9970703125,101.3061065673828,16.83500671386719
31744,0.022247314453125,0.989959716796875,0.0907135009765625,-0.0028767467010766,0.0029843382071703,0.0043079294264316,60.02301025390625,101.1004791259766,17.04669189453125
31745,0.022247314453125,0.989959716796875,0.0907135009765625,-0.0028767467010766,0.0029843382071703,0.0043079294264316,60.02301025390625,101.1004791259766,17.04669189453125
31746,0.024993896484375,0.9875335693359376,0.0908050537109375,-0.0028767467010766,0.0029843382071703,0.0043079294264316,60.02284240722656,101.2336730957031,16.79510498046875
31747,0.029327392578125,0.987335205078125,0.0919342041015625,-0.0049367016181349,0.0001885517995106,0.0042075281962752,60.06010437011719,101.2557067871094,16.6484375
31748,0.031463623046875,0.987213134765625,0.091400146484375,-0.0063372580334544,0.0058791944757103,0.0048370994627475,59.9498291015625,101.2298278808594,16.66061401367188
31749,0.0316925048828125,0.9875335693359376,0.0895233154296875,-0.0105224158614873,0.0077159767970442,0.0064419205300509,60.00228881835938,101.2485961914062,16.55079650878906
31750,0.030914306640625,0.9910125732421876,0.0872802734375,-0.0151177002117037,0.0094923051074147,0.0061630872078239,59.96165466308594,101.3140258789062,16.41558837890625
31751,0.0307159423828125,0.991546630859375,0.08489990234375,-0.0151291517540812,0.0053047505207359,0.0050898334011435,59.99653625488281,101.3589935302734,16.45417785644531
31752,0.02874755859375,0.9917449951171876,0.083831787109375,-0.0172295868396759,0.0064256750047206,0.0058496333658695,59.92378234863281,101.3785552978516,16.45005798339844
31753,0.0272674560546875,0.992431640625,0.085479736328125,-0.014593856409192,0.0018599516479298,0.0047292415983974,60.03814697265625,101.2900238037109,16.35948181152344
31754,0.0275726318359375,0.994293212890625,0.0880279541015625,-0.014593856409192,0.0018599516479298,0.0047292415983974,60.05563354492188,101.3833923339844,16.180419921875
31755,0.027679443359375,0.9958648681640624,0.0912628173828125,-0.0141493743285536,0.0008285093936137,0.0016162724932655,59.941650390625,101.4413452148438,16.21200561523438
31756,0.02801513671875,0.996185302734375,0.093597412109375,-0.0100350575521588,0.0038445394020527,0.0037816886324435,59.97781372070312,101.4180145263672,16.15580749511719
31757,0.0283050537109375,0.9979400634765624,0.094970703125,-0.0113685019314289,0.004538026638329,0.0035667715128511,59.99957275390625,101.2859039306641,16.34341430664062
31758,0.028656005859375,0.99676513671875,0.096405029296875,-0.0092717949301004,0.0110220247879624,0.0057210028171539,59.94384765625,101.3561401367188,16.26390075683594
31759,0.0299072265625,0.995513916015625,0.09490966796875,-0.0064469804055988,0.0124494787305593,0.0060669472441077,60.02397155761719,101.3476257324219,16.36140441894531
31760,0.0298309326171875,0.994232177734375,0.0936279296875,-0.007807589136064,0.0146865341812372,0.0042669167742133,60.07952880859375,101.2210388183594,16.55143737792969
31761,0.0307159423828125,0.9932403564453124,0.0939788818359375,-0.0081415493041276,0.0145717523992061,0.0063124909065663,60.02656555175781,101.2234497070312,16.43260192871094
31762,0.029510498046875,0.99261474609375,0.094512939453125,-0.0025065671652555,0.0184352006763219,0.0090691288933157,59.97555541992188,101.1339111328125,16.32415771484375
31763,0.028228759765625,0.9933319091796876,0.0955352783203125,-0.0025065671652555,0.0184352006763219,0.0090691288933157,59.94606018066406,101.231689453125,16.40266418457031
31764,0.0262603759765625,0.9921112060546876,0.09698486328125,-0.0003840278368443,0.0178082920610904,0.0039068572223186,59.95570373535156,101.3470916748047,16.44526672363281
31765,0.0262603759765625,0.9921112060546876,0.09698486328125,-0.0003840278368443,0.0178082920610904,0.0039068572223186,59.95570373535156,101.3470916748047,16.44526672363281
31766,0.0282440185546875,0.9925384521484376,0.097137451171875,0.0005704491049982,0.0165185220539569,0.0043718451634049,59.92375183105469,101.3782806396484,16.32998657226562
31767,0.0300750732421875,0.991943359375,0.098876953125,0.0003715109778568,0.0191143061965704,0.002110022585839,59.91499328613281,101.3026580810547,16.4041748046875
31768,0.031890869140625,0.9925384521484376,0.0975341796875,0.0034152376465499,0.018795259296894,0.0008862999966368,59.94441223144531,101.2682647705078,16.57942199707031
31769,0.03338623046875,0.9919586181640624,0.09619140625,-0.0004274373641237,0.0244709886610508,0.0021038972772657,59.92889404296875,101.3159790039062,16.49066162109375
31770,0.0329437255859375,0.991546630859375,0.09637451171875,0.0028112328145653,0.0275868866592645,0.0009624664089642,59.88273620605469,101.4448394775391,16.4176025390625
31771,0.03253173828125,0.990478515625,0.09423828125,0.0028112328145653,0.0275868866592645,0.0009624664089642,59.92367553710938,101.3722534179688,16.50196838378906
31772,0.0319366455078125,0.9888763427734376,0.0909271240234375,-0.0014514228096231,0.029372002929449,0.0016990967560559,59.88986206054688,101.4708404541016,16.39610290527344
31773,0.0307464599609375,0.98822021484375,0.0892486572265625,-0.0033574472181499,0.0231117103248834,0.0005147890187799,59.9661865234375,101.5116271972656,16.46324157714844
31774,0.029876708984375,0.98724365234375,0.0886993408203125,-0.0047196540981531,0.0143179530277848,-0.0026961842086166,59.90591430664062,101.5306549072266,16.40658569335938
31775,0.029144287109375,0.9870452880859376,0.0901336669921875,-0.0047196540981531,0.0143179530277848,-0.0026961842086166,59.90321350097656,101.5263366699219,16.41128540039062
31776,0.03009033203125,0.9902801513671876,0.0940704345703125,-0.0117924772202968,0.0085791070014238,-0.0064373929053545,59.97238159179688,101.5311584472656,16.51776123046875
31777,0.0311431884765625,0.996307373046875,0.0946807861328125,-0.0082483422011137,0.0005853627808392,-0.0075926720164716,59.90229797363281,101.3967437744141,16.56524658203125
31778,0.0324554443359375,1.002593994140625,0.0951385498046875,0.0004114583716727,0.0106627643108367,-0.0087404949590563,59.86775207519531,101.3340606689453,16.53103637695312
31779,0.0326385498046875,1.006149291992188,0.0950469970703125,0.0004114583716727,0.0106627643108367,-0.0087404949590563,59.83708190917969,101.3302764892578,16.49313354492188
31780,0.03118896484375,1.00836181640625,0.0949249267578125,0.0082555329427123,0.0137610854580998,-0.0087633980438113,59.86434936523438,101.2945251464844,16.47731018066406
31781,0.0289764404296875,1.004974365234375,0.097137451171875,0.01761494576931,0.0242600664496421,-0.0096435723826289,59.84048461914062,101.2944183349609,16.55616760253906
31782,0.0290069580078125,0.9991455078125,0.1005096435546875,0.0164189208298921,0.0212581511586904,-0.0089069418609142,59.82891845703125,101.3035278320312,16.48527526855469
31783,0.0289764404296875,0.9928131103515624,0.1020965576171875,0.0164189208298921,0.0212581511586904,-0.0089069418609142,59.81863403320312,101.3017272949219,16.54057312011719
31784,0.030731201171875,0.9894256591796876,0.1011199951171875,0.0125466845929622,0.0147003829479217,-0.0103455819189548,59.81819152832031,101.2969818115234,16.48007202148438
31785,0.0323333740234375,0.986236572265625,0.0996551513671875,0.0049335057847201,-0.0007832356495782,-0.0165147949010133,59.76174926757812,101.3475189208984,16.62748718261719
31786,0.0346832275390625,0.98370361328125,0.0986785888671875,0.0049335057847201,-0.0007832356495782,-0.0165147949010133,59.85462951660156,101.3668518066406,16.62640380859375
31787,0.037353515625,0.9845123291015624,0.0985870361328125,0.0020386497490108,-0.0077386135235428,-0.017110276967287,59.83047485351562,101.4103240966797,16.67613220214844
31788,0.0389404296875,0.9872894287109376,0.0979156494140625,0.0010074737947434,-0.008046475239098,-0.0164372958242893,59.89112854003906,101.3265228271484,16.70718383789062
31789,0.0376739501953125,0.9896087646484376,0.0973968505859375,0.0005962817813269,-0.000431165768532,-0.0169723257422447,59.93815612792969,101.2858428955078,16.64640808105469
31790,0.037384033203125,0.992340087890625,0.09429931640625,0.0005962817813269,-0.000431165768532,-0.0169723257422447,59.90861511230469,101.3990325927734,16.63162231445312
31791,0.033935546875,0.991790771484375,0.09356689453125,-0.0033981935121119,-0.0011986887548118,-0.0159171819686889,59.91958618164062,101.1667633056641,16.85964965820312
31792,0.0286407470703125,0.9927978515625,0.0953521728515625,-0.0016050871927291,0.0043827639892697,-0.0136183407157659,59.84336853027344,101.1839294433594,16.66148376464844
31793,0.0286407470703125,0.9927978515625,0.0953521728515625,-0.0016050871927291,0.0043827639892697,-0.0136183407157659,59.84336853027344,101.1839294433594,16.66148376464844
31794,0.0288543701171875,0.9918365478515624,0.094482421875,-0.0040168459527194,-0.0021102889440953,-0.0175763312727212,59.84263610839844,101.3291778564453,16.43601989746094
31795,0.029754638671875,0.990203857421875,0.096527099609375,-0.0046341666020452,-0.002078330842778,-0.0128912972286343,59.75883483886719,101.2965240478516,16.46176147460938
31796,0.030548095703125,0.990020751953125,0.096435546875,-0.0035553199704736,-0.009613212198019,-0.0155957378447055,59.85493469238281,101.3269195556641,16.54106140136719
31797,0.0302276611328125,0.9898529052734376,0.0970458984375,-0.0028778119012713,-0.0147746847942471,-0.0157091878354549,59.831787109375,101.3152923583984,16.55938720703125
31798,0.0308074951171875,0.9901885986328124,0.098419189453125,0.0001225054147653,-0.0194919425994157,-0.0159182455390691,59.82797241210938,101.37353515625,16.45277404785156
31799,0.030731201171875,0.99053955078125,0.10052490234375,0.0049103363417088,-0.0195729024708271,-0.0157472714781761,59.84841918945312,101.2929382324219,16.42379760742188
31800,0.0297393798828125,0.989593505859375,0.1033935546875,0.0026280074380338,-0.0087644634768366,-0.0175638142973184,59.84880065917969,101.4248809814453,16.66764831542969
31801,0.0297393798828125,0.989593505859375,0.1033935546875,0.0026280074380338,-0.0087644634768366,-0.0175638142973184,59.84880065917969,101.4248809814453,16.66764831542969
31802,0.0309600830078125,0.98736572265625,0.09991455078125,0.0025012409314513,-0.0059734703972935,-0.0174253284931182,59.87899780273438,101.5140380859375,16.68502807617188
31803,0.0313720703125,0.9857177734375,0.098480224609375,0.0005201153689995,-0.0088744517415761,-0.0155880143865943,59.84561157226562,101.433349609375,16.60908508300781
31804,0.029937744140625,0.981353759765625,0.1025543212890625,-0.0162471458315849,-0.0194682404398918,-0.0175654105842113,59.77986145019531,101.4623565673828,16.58982849121094
31805,0.029937744140625,0.981353759765625,0.1025543212890625,-0.0162471458315849,-0.0194682404398918,-0.0175654105842113,59.77986145019531,101.4623565673828,16.58982849121094
31806,0.028564453125,0.9864501953125,0.1041717529296875,-0.0162471458315849,-0.0194682404398918,-0.0175654105842113,59.82205200195312,101.4502105712891,16.43296813964844
31807,0.027557373046875,0.9883270263671876,0.1037139892578125,-0.0201550684869289,-0.0205835718661546,-0.0156668443232774,59.82571411132812,101.396240234375,16.55926513671875
31808,0.02557373046875,0.9905548095703124,0.1008758544921875,-0.0085623292252421,-0.0056690708734095,-0.0118025969713926,59.81236267089844,101.3613128662109,16.70352172851562
31809,0.025970458984375,0.991363525390625,0.0968017578125,0.0010159959783777,-0.0007779093575663,-0.0095564872026443,59.84068298339844,101.4156799316406,16.71961975097656
31810,0.023834228515625,0.994110107421875,0.095947265625,0.0010159959783777,-0.0007779093575663,-0.0095564872026443,59.83506774902344,101.3198852539062,16.79237365722656
31811,0.0222015380859375,0.9947509765625,0.0970611572265625,0.0055178035981953,0.0093074813485145,-0.0058096856810152,59.82968139648438,101.3361358642578,16.85578918457031
31812,0.0221099853515625,0.994781494140625,0.0999908447265625,0.0092803174629807,0.0191033873707056,-0.0002577939885668,59.85633850097656,101.335693359375,16.85838317871094
31813,0.015533447265625,1.006103515625,0.1020050048828125,0.0108483862131834,0.0333824567496776,0.0059234029613435,59.8890380859375,101.0989227294922,16.8182373046875
31814,0.015533447265625,1.006103515625,0.1020050048828125,0.0108483862131834,0.0333824567496776,0.0059234029613435,59.8890380859375,101.0989227294922,16.8182373046875
31815,0.014068603515625,1.009658813476562,0.1016998291015625,0.0172093473374843,0.0424297489225864,0.0061167483218014,59.97007751464844,101.1173553466797,16.83699035644531
31816,0.0160980224609375,1.004592895507812,0.0994110107421875,0.0172093473374843,0.0424297489225864,0.0061167483218014,59.912109375,101.1457977294922,16.83674621582031
31817,0.0201873779296875,0.991302490234375,0.101806640625,0.0177310593426227,0.0469264946877956,0.0114036556333303,59.79322814941406,101.0795288085938,16.70542907714844
31818,0.0201873779296875,0.991302490234375,0.101806640625,0.0177310593426227,0.0469264946877956,0.0114036556333303,59.79322814941406,101.0795288085938,16.70542907714844
31819,0.0218658447265625,0.9863739013671876,0.1011962890625,0.0126529447734355,0.0442212559282779,0.0110670318827033,59.85018920898438,101.0537109375,16.72250366210938
31820,0.02508544921875,0.984405517578125,0.10040283203125,0.0088313082233071,0.0426878072321414,0.008747418411076,59.7999267578125,101.0434722900391,16.92839050292969
31821,0.0288848876953125,0.9859161376953124,0.1008453369140625,0.0046509443782269,0.0396845638751983,0.0082206455990672,59.92132568359375,101.1088256835938,16.92947387695312
31822,0.0306396484375,0.9863433837890624,0.0999908447265625,0.008715727366507,0.0306093078106641,0.0034426683560013,59.808349609375,101.1925201416016,16.92636108398438
31823,0.0317230224609375,0.9864349365234376,0.0997161865234375,0.008715727366507,0.0306093078106641,0.0034426683560013,59.8111572265625,101.234130859375,16.85893249511719
31824,0.0321197509765625,0.988922119140625,0.1010589599609375,-0.0005502090789377,0.0236653815954923,0.0003946804790757,59.81504821777344,101.178466796875,16.82127380371094
31825,0.0321197509765625,0.988922119140625,0.1010589599609375,-0.0005502090789377,0.0236653815954923,0.0003946804790757,59.81504821777344,101.178466796875,16.82127380371094
31826,0.0293426513671875,0.9926910400390624,0.1015472412109375,-0.0005502090789377,0.0236653815954923,0.0003946804790757,59.73905944824219,101.2103118896484,16.73381042480469
31827,0.0272979736328125,0.996490478515625,0.1000823974609375,-0.0003896204580087,0.0219620242714881,0.004177700728178,59.76461791992188,101.1888732910156,16.76591491699219
31828,0.025848388671875,0.9950408935546876,0.098388671875,0.0027089675422757,0.0193782243877649,0.0017124125733971,59.76840209960938,101.1978607177734,16.72311401367188
31829,0.0238800048828125,0.9928436279296876,0.100189208984375,0.0021116205025464,0.0164849665015935,-0.0030858046375215,59.70570373535156,101.2610626220703,16.79435729980469
31830,0.024322509765625,0.991302490234375,0.102203369140625,0.0012729909503832,0.0128878355026245,-0.0055582835339009,59.75248718261719,101.2501983642578,16.85037231445312
31831,0.02520751953125,0.9904022216796876,0.1042327880859375,0.0012729909503832,0.0128878355026245,-0.0055582835339009,59.76516723632812,101.1536407470703,16.75485229492188
31832,0.0265655517578125,0.984954833984375,0.0976104736328125,0.0003888215287588,0.0052656019106507,-0.0068714884109795,59.69514465332031,101.3237609863281,16.65379333496094
31833,0.0265655517578125,0.984954833984375,0.0976104736328125,0.0003888215287588,0.0052656019106507,-0.0068714884109795,59.69514465332031,101.3237609863281,16.65379333496094
31834,0.02752685546875,0.9846954345703124,0.09832763671875,0.0023531690239906,-0.0028434570413082,-0.0058293933980166,59.74383544921875,101.2313842773438,16.707763671875
31835,0.0256195068359375,0.9887847900390624,0.1021728515625,-0.0004463458026293,-0.0145991826429963,-0.0096848513931036,59.7435302734375,101.2719116210938,16.71910095214844
31836,0.0256195068359375,0.9887847900390624,0.1021728515625,-0.0004463458026293,-0.0145991826429963,-0.0096848513931036,59.7435302734375,101.2719116210938,16.71910095214844
31837,0.0259552001953125,0.9931182861328124,0.1057586669921875,-0.003916444722563,-0.0138273984193801,-0.0112305497750639,59.73042297363281,101.1808929443359,16.7421875
31838,0.0286712646484375,0.9929351806640624,0.108642578125,-0.0056570866145193,-0.0112792858853936,-0.0078885490074753,59.84269714355469,101.1584930419922,16.70018005371094
31839,0.0286712646484375,0.9929351806640624,0.108642578125,-0.0056570866145193,-0.0112792858853936,-0.0078885490074753,59.84269714355469,101.1584930419922,16.70018005371094
31840,0.028900146484375,0.992156982421875,0.10540771484375,-0.0068288776092231,-0.0104196174070239,-0.0088057424873113,59.84463500976562,101.1430053710938,16.73011779785156
31841,0.0287017822265625,0.9923095703125,0.1021728515625,-0.0088675273582339,-0.0019715381786227,-0.0039633163250982,59.78526306152344,101.1466369628906,16.86807250976562
31842,0.0279541015625,0.9912567138671876,0.0997161865234375,-0.0068573732860386,-0.0060054282657802,-0.0050251185894012,59.83851623535156,101.0732574462891,16.98208618164062
31843,0.0280609130859375,0.99114990234375,0.0968017578125,-0.0085351653397083,-0.0062688146717846,-0.0022833943367004,59.79837036132812,101.0783081054688,16.95111083984375
31844,0.0230712890625,0.99688720703125,0.1021881103515625,0.0155616486445069,0.0190522540360689,0.0094789890572428,59.83551025390625,101.0194854736328,17.17530822753906
31845,0.0230712890625,0.99688720703125,0.1021881103515625,0.0155616486445069,0.0190522540360689,0.0094789890572428,59.83551025390625,101.0194854736328,17.17530822753906
31846,0.020477294921875,0.9990386962890624,0.105010986328125,0.0155616486445069,0.0190522540360689,0.0094789890572428,59.87518310546875,100.949951171875,17.03475952148438
31847,0.0174713134765625,0.99822998046875,0.1075439453125,0.0212198011577129,0.0344921983778476,0.0119589250534772,59.83680725097656,101.0178375244141,16.86094665527344
31848,0.0163116455078125,0.9971160888671876,0.109283447265625,0.0235026627779007,0.0435671843588352,0.0134146083146333,59.84410095214844,101.0317840576172,16.92352294921875
31849,0.0154571533203125,0.992828369140625,0.1082916259765625,0.0213937051594257,0.0405615419149398,0.0137307262048125,59.77171325683594,101.1151885986328,16.76411437988281
31850,0.01580810546875,0.9909820556640624,0.108367919921875,0.0173931047320365,0.0433594584465026,0.0158287640661001,59.77554321289062,101.1790008544922,16.68182373046875
31851,0.017059326171875,0.98883056640625,0.1073150634765625,0.0120952790603041,0.0417407900094986,0.0145491156727075,59.66957092285156,101.17431640625,16.66128540039062
31852,0.027435302734375,0.98614501953125,0.1035919189453125,-0.0010093380697071,0.0288905035704374,0.0140210101380944,59.8148193359375,101.0719146728516,16.72459411621094
31853,0.027435302734375,0.98614501953125,0.1035919189453125,-0.0010093380697071,0.0288905035704374,0.0140210101380944,59.8148193359375,101.0719146728516,16.72459411621094
31854,0.027435302734375,0.98614501953125,0.1035919189453125,-0.0010093380697071,0.0288905035704374,0.0140210101380944,59.8148193359375,101.0719146728516,16.72459411621094
31855,0.0321197509765625,0.9844970703125,0.1019744873046875,-0.0024335966445505,0.0233007948845624,0.0135070206597447,59.83102416992188,101.0516204833984,16.87788391113281
31856,0.0345458984375,0.983917236328125,0.1009521484375,-0.0049785133451223,0.018011225387454,0.0126912938430905,59.83737182617188,100.9927978515625,16.94711303710938
31857,0.0370635986328125,0.985748291015625,0.100555419921875,-0.0087375650182366,0.0147738857194781,0.0085181202739477,59.83938598632812,101.0485229492188,16.8963623046875
31858,0.0378875732421875,0.985687255859375,0.100616455078125,-0.0187302771955728,0.0031406658235937,0.0072549832984805,59.78523254394531,101.1593017578125,16.7364501953125
31859,0.0377655029296875,0.9880828857421876,0.100067138671875,-0.0187302771955728,0.0031406658235937,0.0072549832984805,59.81063842773438,101.1458892822266,16.77354431152344
31860,0.037689208984375,0.99078369140625,0.099365234375,-0.0185039099305868,-0.001291633117944,0.0092046838253736,59.77960205078125,101.1295471191406,16.9029541015625
31861,0.0365447998046875,0.9927978515625,0.09857177734375,-0.0157022643834352,-0.0057686730287969,0.0060592242516577,59.71347045898438,101.1349334716797,17.06890869140625
31862,0.0342559814453125,0.9949188232421876,0.1002960205078125,-0.0124747790396213,-0.0021291973534971,0.0120390858501195,59.75900268554688,101.1511840820312,17.0775146484375
31863,0.03143310546875,0.9963531494140624,0.101715087890625,-0.0073441993445158,-0.0034993935842067,0.0122476117685437,59.80982971191406,101.1670379638672,17.16804504394531
31864,0.029052734375,0.99700927734375,0.1036834716796875,-0.0079913474619388,0.0002410160814179,0.0137312589213252,59.86820983886719,100.9714508056641,17.43106079101562
31865,0.025970458984375,0.9965362548828124,0.1033477783203125,-0.0047100665979087,0.0026650251820683,0.0173691362142562,59.9434814453125,100.8157806396484,17.62843322753906
31866,0.024322509765625,0.994659423828125,0.102508544921875,-0.0022783342283219,9.693906031316146e-05,0.0200341623276472,60.00178527832031,100.7344665527344,17.57218933105469
31867,0.024749755859375,0.9932861328125,0.1025543212890625,0.0008817726047709,-0.0022684806026518,0.0199034009128809,60.02113342285156,100.7415466308594,17.56863403320312
31868,0.0246124267578125,0.992462158203125,0.1029205322265625,0.0003526025393512,-0.0051233894191682,0.0197998043149709,60.02304077148438,100.7789306640625,17.68830871582031
31869,0.025390625,0.992828369140625,0.10125732421875,0.0052059474401175,-0.0113392071798443,0.0184834022074937,59.98776245117188,100.8178558349609,17.63925170898438
31870,0.02532958984375,0.9911956787109376,0.101104736328125,0.0102473115548491,-0.0133925043046474,0.0182394571602344,60.03337097167969,100.6955108642578,17.75196838378906
31871,0.0256500244140625,0.99139404296875,0.10137939453125,0.0102473115548491,-0.0133925043046474,0.0182394571602344,60.06156921386719,100.6869812011719,17.78448486328125
31872,0.026123046875,0.9906158447265624,0.1020355224609375,0.0106715522706508,-0.0172772575169801,0.0183465164154768,60.06695556640625,100.7257537841797,17.76139831542969
31873,0.0251312255859375,0.991912841796875,0.1029510498046875,0.0079253008589148,-0.0175233334302902,0.0223383288830518,60.0665283203125,100.8043060302734,17.42765808105469
31874,0.027069091796875,0.9923248291015624,0.0987701416015625,0.0079253008589148,-0.0175233334302902,0.0223383288830518,59.97386169433594,100.8305511474609,17.28317260742188
31875,0.0273895263671875,0.9934539794921876,0.095947265625,0.004585696849972,-0.0210331138223409,0.0190021861344575,60.02081298828125,100.7513885498047,17.27925109863281
31876,0.0282440185546875,0.9946441650390624,0.09552001953125,0.0039231027476489,-0.0241399575024843,0.0161033365875482,59.97903442382812,100.8257293701172,17.2603759765625
31877,0.0286102294921875,0.99639892578125,0.0975341796875,0.0094970986247062,-0.0294875837862491,0.0083982786163687,60.0426025390625,100.7289428710938,17.14395141601562
31878,0.0286102294921875,0.99639892578125,0.0975341796875,0.0094970986247062,-0.0294875837862491,0.0083982786163687,60.0426025390625,100.7289428710938,17.14395141601562
31879,0.0293731689453125,0.9987640380859376,0.0992279052734375,0.0094970986247062,-0.0294875837862491,0.0083982786163687,60.03689575195312,100.6711730957031,17.29536437988281
31880,0.0323944091796875,0.9989166259765624,0.1016082763671875,0.0100430464372038,-0.0306694954633712,0.0046975496225059,60.10148620605469,100.6448822021484,17.30076599121094
31881,0.0359039306640625,0.99493408203125,0.0986785888671875,0.0101583618670702,-0.036007534712553,0.0022770026698708,60.0391845703125,100.7989959716797,17.10784912109375
31882,0.0359039306640625,0.99493408203125,0.0986785888671875,0.0101583618670702,-0.036007534712553,0.0022770026698708,60.0391845703125,100.7989959716797,17.10784912109375
31883,0.03729248046875,0.9905853271484376,0.095367431640625,0.0124295055866241,-0.0360434874892234,0.0029478529468178,60.03704833984375,100.8987274169922,17.169677734375
31884,0.0363311767578125,0.98614501953125,0.093719482421875,0.0099817942827939,-0.0433125868439674,0.0036602485924959,60.0648193359375,100.8816833496094,17.25758361816406
31885,0.03131103515625,0.985748291015625,0.0973663330078125,0.0105399927124381,-0.0532078258693218,0.0040448089130222,59.97634887695312,100.7494506835938,17.50039672851562
31886,0.03131103515625,0.985748291015625,0.0973663330078125,0.0105399927124381,-0.0532078258693218,0.0040448089130222,59.97634887695312,100.7494506835938,17.50039672851562
31887,0.030670166015625,0.98736572265625,0.099761962890625,0.004848551005125,-0.0556398257613182,0.0043087285012006,60.07040405273438,100.8166809082031,17.33099365234375
31888,0.0268402099609375,0.9970550537109376,0.103973388671875,0.0024189492687582,-0.0483883060514926,0.0015888419002294,60.17440795898438,100.6131286621094,17.30796813964844
31889,0.02557373046875,1.000869750976562,0.1014404296875,0.0024469124618917,-0.0367185994982719,0.0040618530474603,60.17173767089844,100.6862945556641,17.29316711425781
31890,0.02557373046875,1.000869750976562,0.1014404296875,0.0024469124618917,-0.0367185994982719,0.0040618530474603,60.17173767089844,100.6862945556641,17.29316711425781
31891,0.0262451171875,0.9991912841796876,0.097564697265625,0.0044621261768043,-0.0335920490324497,0.0021374530624598,60.06144714355469,100.7311553955078,17.28617858886719
31892,0.0272064208984375,0.987640380859375,0.0994110107421875,0.0081844264641404,-0.0220102276653051,9.693906031316146e-05,60.108642578125,100.7660217285156,17.17698669433594
31893,0.0272064208984375,0.987640380859375,0.0994110107421875,0.0081844264641404,-0.0220102276653051,9.693906031316146e-05,60.108642578125,100.7660217285156,17.17698669433594
31894,0.0287933349609375,0.9840087890625,0.0977783203125,0.0081844264641404,-0.0220102276653051,9.693906031316146e-05,60.14334106445312,100.8103485107422,17.05171203613281
31895,0.0299835205078125,0.9824981689453124,0.0995330810546875,0.0065202172845602,-0.0244387630373239,-0.0007118629291653,60.14739990234375,100.7725830078125,17.08793640136719
31896,0.030517578125,0.9846954345703124,0.098785400390625,0.0069974558427929,-0.0245263818651437,-0.003352919826284,60.175048828125,100.8593292236328,17.15065002441406
31897,0.0324554443359375,0.9895782470703124,0.096343994140625,0.0084089310839772,-0.0287823788821697,-0.000630370224826,60.17765808105469,100.9057922363281,17.14540100097656
31898,0.03369140625,0.98809814453125,0.097412109375,0.0082352934405207,-0.031361386179924,-0.0037310887128114,60.07748413085938,100.8364715576172,17.0792236328125
31899,0.0329437255859375,0.9867706298828124,0.097320556640625,0.0089135998860001,-0.0324692614376545,-0.0022455775178968,60.15693664550781,100.8534240722656,16.95074462890625
31900,0.0323028564453125,0.9825439453125,0.099334716796875,-0.0003747067530639,-0.026978887617588,0.0008897621301002,60.18617248535156,100.9756622314453,17.05513000488281
31901,0.0323028564453125,0.9825439453125,0.099334716796875,-0.0003747067530639,-0.026978887617588,0.0008897621301002,60.18617248535156,100.9756622314453,17.05513000488281
31902,0.03033447265625,0.98284912109375,0.0998077392578125,-0.0003747067530639,-0.026978887617588,0.0008897621301002,60.14888000488281,100.8721923828125,16.93380737304688
31903,0.02923583984375,0.9859619140625,0.0994110107421875,-0.0026477146893739,-0.0217218063771724,-0.0007435545558109,60.19337463378906,100.8729095458984,17.01945495605469
31904,0.02801513671875,0.9906463623046876,0.10198974609375,-0.0032205607276409,-0.0095865810289978,-0.0007145261042751,60.25494384765625,100.8759307861328,17.09339904785156
31905,0.0238494873046875,0.99713134765625,0.103973388671875,-0.0081173153594136,-0.013291303999722,-0.0065622953698039,60.19674682617188,100.9030456542969,16.88543701171875
31906,0.0238494873046875,0.99713134765625,0.103973388671875,-0.0081173153594136,-0.013291303999722,-0.0065622953698039,60.19674682617188,100.9030456542969,16.88543701171875
31907,0.02197265625,0.9954376220703124,0.1058349609375,-0.0142471129074692,-0.0111003220081329,-0.0147296776995062,60.24276733398438,100.9052734375,16.77876281738281
31908,0.0234375,0.9873504638671876,0.104278564453125,-0.0142471129074692,-0.0111003220081329,-0.0147296776995062,60.18890380859375,100.888916015625,16.83392333984375
31909,0.025054931640625,0.9803466796875,0.1043701171875,-0.0183901917189359,-0.0206363033503294,-0.0148769505321979,60.23109436035156,100.8925170898438,16.79908752441406
31910,0.0248565673828125,0.966796875,0.1064300537109375,-0.0307949297130107,-0.0279450826346874,-0.020643226802349,60.24777221679688,100.7761688232422,16.79621887207031
31911,0.0284881591796875,0.9618377685546876,0.1080169677734375,-0.0307949297130107,-0.0279450826346874,-0.020643226802349,60.22946166992188,100.8017883300781,16.89718627929688
31912,0.029449462890625,0.96343994140625,0.11944580078125,-0.0472391508519649,-0.0232509933412075,-0.0200653206557035,60.33430480957031,100.7049713134766,17.22210693359375
31913,0.029449462890625,0.96343994140625,0.11944580078125,-0.0472391508519649,-0.0232509933412075,-0.0200653206557035,60.33430480957031,100.7049713134766,17.22210693359375
31914,0.0309906005859375,0.9742279052734376,0.1240692138671875,-0.0472391508519649,-0.0232509933412075,-0.0200653206557035,60.30691528320312,100.7126312255859,17.20744323730469
31915,0.03509521484375,0.9832000732421876,0.121063232421875,-0.047738492488861,-0.0074033215641975,-0.0174415744841098,60.23997497558594,100.6557312011719,17.37725830078125
31916,0.0363616943359375,0.985687255859375,0.1178131103515625,-0.0422321408987045,0.0041846251115202,-0.0154756288975477,60.29849243164062,100.50634765625,17.55612182617188
31917,0.0374908447265625,0.9841766357421876,0.1174163818359375,-0.0424228236079216,0.0023861923255026,-0.0118428105488419,60.26475524902344,100.5423431396484,17.64886474609375
31918,0.0362701416015625,0.98309326171875,0.118255615234375,-0.0474668517708778,0.0037989993579685,-0.0072973277419805,60.31607055664062,100.3846435546875,17.64064025878906
31919,0.0344390869140625,0.9860076904296876,0.115081787109375,-0.0541585758328437,0.0117456056177616,0.0003563309437595,60.30891418457031,100.3193511962891,17.73738098144531
31920,0.0299530029296875,0.989654541015625,0.1090545654296875,-0.0541585758328437,0.0117456056177616,0.0003563309437595,60.35295104980469,100.3869934082031,17.56877136230469
31921,0.02490234375,0.995513916015625,0.10882568359375,-0.0635571405291557,-0.0220656208693981,-0.0057979677803814,60.34208679199219,100.3587951660156,17.75363159179688
31922,0.02490234375,0.995513916015625,0.10882568359375,-0.0635571405291557,-0.0220656208693981,-0.0057979677803814,60.34208679199219,100.3587951660156,17.75363159179688
31923,0.0285797119140625,0.99884033203125,0.115997314453125,-0.0747890174388885,-0.0476359613239765,-0.010080331005156,60.305419921875,100.3934936523438,17.80032348632812
31924,0.040283203125,0.9976043701171876,0.11822509765625,-0.0869894921779632,-0.0803233310580253,-0.0090398341417312,60.37350463867188,100.2863464355469,17.92713928222656
31925,0.040283203125,0.9976043701171876,0.11822509765625,-0.0869894921779632,-0.0803233310580253,-0.0090398341417312,60.37350463867188,100.2863464355469,17.92713928222656
31926,0.0472869873046875,0.98992919921875,0.11749267578125,-0.0869894921779632,-0.0803233310580253,-0.0090398341417312,60.37266540527344,100.4012908935547,17.94773864746094
31927,0.0522918701171875,0.9817352294921876,0.1212158203125,-0.0781608447432518,-0.0749882236123085,-0.0058498997241258,60.29841613769531,100.3779602050781,17.98329162597656
31928,0.0545196533203125,0.9765167236328124,0.12274169921875,-0.071614533662796,-0.0579282790422439,-0.0052219261415302,60.32792663574219,100.364990234375,17.99656677246094
31929,0.057525634765625,0.970855712890625,0.11627197265625,-0.0679572150111198,-0.0016913736471906,0.0087205208837985,60.26335144042969,100.4882049560547,17.62727355957031
31930,0.057525634765625,0.970855712890625,0.11627197265625,-0.0679572150111198,-0.0016913736471906,0.0087205208837985,60.26335144042969,100.4882049560547,17.62727355957031
31931,0.0559539794921875,0.9777374267578124,0.1061248779296875,-0.0679572150111198,-0.0016913736471906,0.0087205208837985,60.31637573242188,100.5111083984375,17.79043579101562
31932,0.0556488037109375,0.99920654296875,0.0771026611328125,-0.0621706955134868,0.0207100715488195,0.019357718527317,60.39662170410156,100.4681091308594,17.97679138183594
31933,0.0556488037109375,0.99920654296875,0.0771026611328125,-0.0621706955134868,0.0207100715488195,0.019357718527317,60.39662170410156,100.4681091308594,17.97679138183594
31934,0.0543365478515625,1.006362915039062,0.06085205078125,-0.0458878614008426,0.0300822686403989,0.0189622398465871,60.33255004882812,100.4795684814453,17.94955444335938
31935,0.05584716796875,1.00982666015625,0.046295166015625,-0.0183409247547388,0.0320575349032878,0.0237506031990051,60.33926391601562,100.4007568359375,18.00022888183594
31936,0.0445556640625,1.013153076171875,0.038299560546875,0.0259098932147026,0.0484559498727321,0.0214405767619609,60.27137756347656,100.4638366699219,17.86529541015625
31937,0.0445556640625,1.013153076171875,0.038299560546875,0.0259098932147026,0.0484559498727321,0.0214405767619609,60.27137756347656,100.4638366699219,17.86529541015625
31938,0.03668212890625,1.013046264648438,0.0418243408203125,0.0381050407886505,0.0596633292734623,0.0168146658688783,60.36759948730469,100.5122222900391,17.86000061035156
31939,0.0245513916015625,1.017654418945312,0.046417236328125,0.0368616096675396,0.0988938212394714,0.0109748868271708,60.47630310058594,100.2468109130859,17.95602416992188
31940,0.0128631591796875,1.028274536132812,0.0575408935546875,0.0256009679287672,0.0980525314807891,0.0059122177772223,60.47434997558594,100.3459014892578,18.065185546875
31941,0.0128631591796875,1.028274536132812,0.0575408935546875,0.0256009679287672,0.0980525314807891,0.0059122177772223,60.47434997558594,100.3459014892578,18.065185546875
31942,0.0128631591796875,1.028274536132812,0.0575408935546875,0.0256009679287672,0.0980525314807891,0.0059122177772223,60.47434997558594,100.3459014892578,18.065185546875
31943,0.0111541748046875,1.024826049804688,0.068145751953125,0.019577695056796,0.0922111496329307,0.0032573123462498,60.45718383789062,100.2288360595703,18.1993408203125
31944,0.0158843994140625,1.012283325195312,0.0838470458984375,-0.0055654738098382,0.0832938253879547,0.0180676840245723,60.43899536132812,100.1997528076172,18.33026123046875
31945,0.0158843994140625,1.012283325195312,0.0838470458984375,-0.0055654738098382,0.0832938253879547,0.0180676840245723,60.43899536132812,100.1997528076172,18.33026123046875
31946,0.023284912109375,1.000320434570312,0.082061767578125,-0.0055654738098382,0.0832938253879547,0.0180676840245723,60.40908813476562,100.2589721679688,18.35673522949219
31947,0.0316162109375,0.989715576171875,0.07684326171875,0.0121115241199731,0.0866235718131065,0.0294633507728576,60.36009216308594,100.2030944824219,18.3045654296875
31948,0.0361328125,0.9837799072265624,0.071746826171875,0.0121115241199731,0.0866235718131065,0.0294633507728576,60.34600830078125,100.3452453613281,17.9901123046875
31949,0.0407562255859375,0.975982666015625,0.070343017578125,0.021303690969944,0.0754372328519821,0.0312513969838619,60.34623718261719,100.3459014892578,17.9637451171875
31950,0.0533447265625,0.958160400390625,0.0682373046875,0.0188684966415166,0.0629201084375381,0.0259130895137786,60.24847412109375,100.5390167236328,17.81631469726562
31951,0.056488037109375,0.9518890380859376,0.076080322265625,0.0077034598216414,0.0604929029941558,0.0200964789837598,60.2945556640625,100.4561462402344,17.83638000488281
31952,0.0588226318359375,0.9440460205078124,0.07928466796875,-0.0031172300223261,0.062565378844738,0.0135775944218039,60.30068969726562,100.5019836425781,17.91352844238281
31953,0.0596160888671875,0.940826416015625,0.0792694091796875,-0.0238890871405601,0.083605945110321,0.0076888124458491,60.24021911621094,100.5078125,17.900146484375
31954,0.0568389892578125,0.94427490234375,0.07745361328125,-0.0238890871405601,0.083605945110321,0.0076888124458491,60.22909545898438,100.5929260253906,17.90087890625
31955,0.0568389892578125,0.94427490234375,0.07745361328125,-0.0238890871405601,0.083605945110321,0.0076888124458491,60.22909545898438,100.5929260253906,17.90087890625
31956,0.044830322265625,0.9573822021484376,0.0658416748046875,-0.0391663126647472,0.107204481959343,0.0030495857354253,60.284912109375,100.5799560546875,18.00727844238281
31957,0.044830322265625,0.9573822021484376,0.0658416748046875,-0.0391663126647472,0.107204481959343,0.0030495857354253,60.284912109375,100.5799560546875,18.00727844238281
31958,0.039825439453125,0.9669342041015624,0.0598297119140625,-0.0456076972186565,0.1143763735890388,-0.0003651193692348,60.29396057128906,100.505126953125,18.00120544433594
31959,0.03692626953125,0.975738525390625,0.05645751953125,-0.0501073747873306,0.1207650303840637,-0.0079125175252556,60.25650024414062,100.4147796630859,17.955078125
31960,0.0326385498046875,0.986785888671875,0.050201416015625,-0.0547647103667259,0.1263558119535446,-0.0121924839913845,60.22206115722656,100.3388519287109,18.15396118164062
31961,0.027984619140625,0.9961700439453124,0.0482177734375,-0.0569210723042488,0.130439504981041,-0.0132753252983093,60.20616149902344,100.3761291503906,18.10968017578125
31962,0.0224761962890625,1.003799438476562,0.04522705078125,-0.0557767115533351,0.1381344348192215,-0.0238424818962812,60.15045166015625,100.4380340576172,18.07310485839844
31963,0.0199432373046875,1.007949829101562,0.04095458984375,-0.0511958077549934,0.1432660818099976,-0.0307264868170023,60.12715148925781,100.3778991699219,18.12855529785156
31964,0.0161895751953125,1.009002685546875,0.037384033203125,-0.0452987700700759,0.1429582238197327,-0.0384517833590507,60.11500549316406,100.3794250488281,18.19117736816406
31965,0.0143890380859375,1.006500244140625,0.0353546142578125,-0.036573190242052,0.149455264210701,-0.051733236759901,60.08694458007812,100.3875274658203,18.29191589355469
31966,0.0171356201171875,0.9997100830078124,0.0315093994140625,-0.0280920881778001,0.1452144533395767,-0.0595991462469101,59.9820556640625,100.3240051269531,18.345703125
31967,0.0211181640625,0.991119384765625,0.029998779296875,-0.0207702592015266,0.1491804271936417,-0.0657419934868812,59.97981262207031,100.3623199462891,18.31527709960938
31968,0.0240631103515625,0.9853515625,0.0258941650390625,-0.0214765295386314,0.1494917571544647,-0.0655704885721206,59.88922119140625,100.3265533447266,18.40922546386719
31969,0.0255584716796875,0.980255126953125,0.0240325927734375,-0.024410268291831,0.1524731665849686,-0.071056067943573,59.88931274414062,100.2843322753906,18.41734313964844
31970,0.0260009765625,0.9778594970703124,0.0240631103515625,-0.0301805399358272,0.1576705873012543,-0.0678445622324943,59.73471069335938,100.293212890625,18.4373779296875
31971,0.0236663818359375,0.9813232421875,0.0188751220703125,-0.0408523567020893,0.1606400161981583,-0.0649915188550949,59.71672058105469,100.3530578613281,18.39047241210938
31972,0.0195159912109375,0.9823150634765624,0.0167999267578125,-0.0476937517523765,0.1563379466533661,-0.0652836635708808,59.68507385253906,100.4139404296875,18.40853881835938
31973,0.0157928466796875,0.9858245849609376,0.0202484130859375,-0.0480050779879093,0.1463681310415268,-0.0654208213090896,59.62092590332031,100.4180145263672,18.47285461425781
31974,0.01446533203125,0.987548828125,0.0227203369140625,-0.0542943961918354,0.140019953250885,-0.06409802287817,59.57879638671875,100.3782196044922,18.52651977539062
31975,0.0162200927734375,0.990478515625,0.029632568359375,-0.0600454919040203,0.1399885267019272,-0.0682008937001228,59.49369812011719,100.3796844482422,18.48731994628906
31976,0.0145111083984375,0.989959716796875,0.037078857421875,-0.0655691549181938,0.1540492177009583,-0.0683425739407539,59.40690612792969,100.4068756103516,18.65837097167969
31977,0.0126953125,0.99261474609375,0.0346221923828125,-0.0743807554244995,0.1635037064552307,-0.0628905519843101,59.35134887695312,100.4159698486328,18.52532958984375
31978,0.01519775390625,0.995452880859375,0.0298614501953125,-0.0766481757164001,0.1641900092363358,-0.0567202717065811,59.28959655761719,100.4563140869141,18.47836303710938
31979,0.01898193359375,0.9959564208984376,0.0284576416015625,-0.070081353187561,0.1721107810735703,-0.0475054681301116,59.2215576171875,100.3317413330078,18.61602783203125
31980,0.019195556640625,0.9979248046875,0.0152130126953125,-0.036923661828041,0.2110722959041595,-0.0171382408589124,59.18363952636719,100.3802337646484,18.61685180664062
31981,0.019195556640625,0.9979248046875,0.0152130126953125,-0.036923661828041,0.2110722959041595,-0.0171382408589124,59.18363952636719,100.3802337646484,18.61685180664062
31982,0.0338134765625,1.010696411132812,0.01177978515625,-0.0222730804234743,0.2267183661460876,-0.0173379778861999,58.97785949707031,100.4919281005859,18.61541748046875
31983,0.0287017822265625,1.014968872070312,0.0092926025390625,-0.0129051459953188,0.2456475794315338,-0.0305315442383289,58.9217529296875,100.3253936767578,18.72209167480469
31984,0.0255126953125,1.0123291015625,0.0099029541015625,-0.0031758195254951,0.2708693146705627,-0.0320444852113723,58.89932250976562,100.347412109375,18.82341003417969
31985,0.0255126953125,1.0123291015625,0.0099029541015625,-0.0031758195254951,0.2708693146705627,-0.0320444852113723,58.89932250976562,100.347412109375,18.82341003417969
31986,0.0245819091796875,1.011260986328125,0.0055999755859375,0.0143927875906229,0.3039803802967072,-0.0333275981247425,58.87864685058594,100.4616241455078,18.94563293457031
31987,0.012451171875,1.00885009765625,-0.0029296875,0.0348959304392337,0.3382353186607361,-0.0560776516795158,58.68846130371094,100.4339141845703,19.08737182617188
31988,0.012451171875,1.00885009765625,-0.0029296875,0.0348959304392337,0.3382353186607361,-0.0560776516795158,58.68846130371094,100.4339141845703,19.08737182617188
31989,0.018157958984375,1.02154541015625,0.0247955322265625,0.0233476664870977,0.3126684129238129,-0.0752068683505058,58.55210876464844,100.5805358886719,19.09931945800781
31990,0.018157958984375,1.02154541015625,0.0247955322265625,0.0233476664870977,0.3126684129238129,-0.0752068683505058,58.55210876464844,100.5805358886719,19.09931945800781
31991,0.02862548828125,1.029953002929688,0.0495758056640625,-0.0027811392210423,0.2975296974182129,-0.0722278580069541,58.48908996582031,100.5743865966797,19.14678955078125
31992,0.04510498046875,1.040130615234375,0.07232666015625,-0.0237133186310529,0.2892736196517944,-0.061239656060934,58.36700439453125,100.675537109375,19.21357727050781
31993,0.0583038330078125,1.0445556640625,0.0888824462890625,-0.0572513043880462,0.2611546218395233,-0.0179185457527637,58.19720458984375,100.7168884277344,19.15757751464844
31994,0.0666046142578125,1.050399780273438,0.0988006591796875,-0.0572513043880462,0.2611546218395233,-0.0179185457527637,58.08558654785156,100.5999755859375,19.25569152832031
31995,0.0755767822265625,1.043853759765625,0.0968017578125,-0.0576704852283,0.2779655754566193,-0.0111746238544583,57.95173645019531,100.5343627929688,19.31814575195312
31996,0.070831298828125,1.017242431640625,0.0476226806640625,-0.0312532596290111,0.2981856167316437,0.0016215987270697,57.84158325195312,100.4844360351562,19.29409790039062
31997,0.070831298828125,1.017242431640625,0.0476226806640625,-0.0312532596290111,0.2981856167316437,0.0016215987270697,57.84158325195312,100.4844360351562,19.29409790039062
31998,0.0536956787109375,1.023727416992188,0.0492095947265625,-0.0213257949799299,0.2736416757106781,-0.0040842238813638,57.71003723144531,100.6060943603516,19.42118835449219
31999,0.0536956787109375,1.023727416992188,0.0492095947265625,-0.0213257949799299,0.2736416757106781,-0.0040842238813638,57.71003723144531,100.6060943603516,19.42118835449219
32000,0.0464019775390625,1.048828125,0.0432891845703125,-0.0576792769134044,0.298647940158844,-0.0154543239623308,57.630859375,100.5417022705078,19.53219604492188
32001,0.0464019775390625,1.048828125,0.0432891845703125,-0.0576792769134044,0.298647940158844,-0.0154543239623308,57.630859375,100.5417022705078,19.53219604492188
32002,0.0536956787109375,1.053131103515625,0.025390625,-0.0531143508851528,0.2647621631622314,-0.0168538149446249,57.53446960449219,100.4114227294922,19.67649841308594
32003,0.056671142578125,1.057449340820312,0.0271148681640625,-0.033602699637413,0.2413817346096039,-0.0119083244353532,57.41856384277344,100.3955688476562,19.71839904785156
32004,0.056671142578125,1.057449340820312,0.0271148681640625,-0.033602699637413,0.2413817346096039,-0.0119083244353532,57.41856384277344,100.3955688476562,19.71839904785156
32005,0.0540618896484375,1.06243896484375,0.0330352783203125,-0.0174413081258535,0.2152974009513855,-0.0069790799170732,57.32351684570312,100.3750457763672,19.91987609863281
32006,0.0525665283203125,1.0648193359375,0.0388031005859375,0.0039001994300633,0.1874063760042191,-0.0011675298446789,57.24684143066406,100.2402954101562,19.99459838867188
32007,0.0499267578125,1.063156127929688,0.0466461181640625,0.0242334343492984,0.1803378164768219,0.000446612102678,57.24696350097656,100.1681060791016,20.17816162109375
32008,0.0418853759765625,1.063629150390625,0.03802490234375,0.0458622984588146,0.177191823720932,2.183792094001547e-05,57.13929748535156,100.1952819824219,20.12855529785156
32009,0.0318603515625,1.062210083007812,0.0227203369140625,0.0753922238945961,0.150834783911705,0.0050983554683625,57.16122436523438,100.2817687988281,20.06422424316406
32010,0.0284271240234375,1.058746337890625,0.02557373046875,0.1116767302155495,0.122633770108223,0.0066605657339096,57.07290649414062,100.4686889648438,19.86141967773438
32011,0.029449462890625,1.045394897460938,0.0373687744140625,0.1493719071149826,0.099976398050785,0.0064128916710615,57.0716552734375,100.4216918945312,19.90786743164062
32012,0.0376739501953125,1.02783203125,0.0693206787109375,0.1608828902244568,0.0160412844270467,0.0040682447142899,57.07661437988281,100.4564819335938,19.96717834472656
32013,0.0376739501953125,1.02783203125,0.0693206787109375,0.1608828902244568,0.0160412844270467,0.0040682447142899,57.07661437988281,100.4564819335938,19.96717834472656
32014,0.041412353515625,1.029006958007812,0.093658447265625,0.1703592240810394,0.0159049313515424,0.0083026709035038,57.0701904296875,100.5460662841797,19.91748046875
32015,0.043548583984375,1.028030395507812,0.1051177978515625,0.1861099451780319,-0.0010902981739491,0.0130452280864119,57.03636169433594,100.5589904785156,19.84330749511719
32016,0.043792724609375,1.022613525390625,0.138641357421875,0.1916362792253494,-0.0345151014626026,0.0179837942123413,57.02980041503906,100.5388946533203,19.62646484375
32017,0.0422210693359375,1.01593017578125,0.1909637451171875,0.1777683943510056,-0.0231708325445652,0.0263892635703086,56.98063659667969,100.7308349609375,19.50204467773438
32018,0.0352630615234375,1.004013061523438,0.233917236328125,0.1777683943510056,-0.0231708325445652,0.0263892635703086,57.05364990234375,100.7388763427734,19.38554382324219
32019,0.017669677734375,0.9936065673828124,0.2689056396484375,0.1548260599374771,-0.0057604173198342,0.027354659512639,57.02313232421875,100.8593444824219,19.31437683105469
32020,-0.011322021484375,0.9742279052734376,0.2984466552734375,0.1237099543213844,0.0128628015518188,0.0269818156957626,57.03387451171875,100.9325256347656,19.22096252441406
32021,-0.0423431396484375,0.93902587890625,0.318328857421875,0.0876488909125328,0.0601653344929218,0.0320042707026004,57.04527282714844,100.9835205078125,19.0465087890625
32022,-0.0723114013671875,0.9034271240234376,0.3281707763671875,0.0445986278355121,0.1123723462224007,0.0400400944054126,57.09053039550781,101.0681610107422,19.08383178710938
32023,-0.098114013671875,0.879150390625,0.3350830078125,-0.0053899716585874,0.1715991795063019,0.0386453978717327,57.03706359863281,100.9818572998047,19.13893127441406
32024,-0.1399383544921875,0.8703765869140625,0.3153533935546875,-0.1764312237501144,0.2987073361873627,0.0089170625433325,56.95639038085938,100.8628082275391,19.29025268554688
32025,-0.1399383544921875,0.8703765869140625,0.3153533935546875,-0.1764312237501144,0.2987073361873627,0.0089170625433325,56.95639038085938,100.8628082275391,19.29025268554688
32026,-0.1560211181640625,0.8763580322265625,0.292877197265625,-0.1764312237501144,0.2987073361873627,0.0089170625433325,56.91062927246094,100.8810424804688,19.263427734375
32027,-0.1681365966796875,0.89208984375,0.26226806640625,-0.2217041701078415,0.2502135634422302,-0.013210610486567,56.93380737304688,100.8870391845703,19.43226623535156
32028,-0.122100830078125,0.9449462890625,0.20721435546875,-0.2273708432912827,0.1924810260534286,-0.0198128540068864,56.68975830078125,100.7016906738281,19.51889038085938
32029,-0.122100830078125,0.9449462890625,0.20721435546875,-0.2273708432912827,0.1924810260534286,-0.0198128540068864,56.68975830078125,100.7016906738281,19.51889038085938
32030,-0.052520751953125,0.961212158203125,0.2286224365234375,-0.1949329972267151,0.2208998948335648,-0.0178770013153553,56.64302062988281,100.6554870605469,19.46699523925781
32031,-0.0295562744140625,0.974395751953125,0.1785736083984375,-0.1738210618495941,0.1933585405349731,-0.0170745905488729,56.56716918945312,100.6724700927734,19.7257080078125
32032,-0.0037689208984375,0.9778594970703124,0.171966552734375,-0.1379325687885284,0.0765083581209182,-0.0087002804502844,56.52200317382812,100.7158813476562,19.69554138183594
32033,0.0233154296875,0.9956207275390624,0.198028564453125,-0.1379325687885284,0.0765083581209182,-0.0087002804502844,56.55221557617188,100.6806030273438,19.73451232910156
32034,0.045989990234375,1.029037475585938,0.1868133544921875,-0.1142285689711571,0.0646868497133255,0.0063873254694044,56.38845825195312,100.5457916259766,19.89797973632812
32035,0.06695556640625,1.054946899414062,0.1622772216796875,-0.1029753834009171,0.0100499708205461,0.006516755092889,56.36636352539062,100.4764099121094,19.90699768066406
32036,0.098724365234375,1.050674438476562,0.1477813720703125,-0.0833191275596618,-0.0801345184445381,-0.0210389718413353,56.38319396972656,100.2584381103516,20.01808166503906
32037,0.098724365234375,1.050674438476562,0.1477813720703125,-0.0833191275596618,-0.0801345184445381,-0.0210389718413353,56.38319396972656,100.2584381103516,20.01808166503906
32038,0.0980682373046875,1.039947509765625,0.147705078125,-0.0787536650896072,-0.0794586092233657,-0.0513279028236866,56.38278198242188,100.1016693115234,20.08184814453125
32039,0.024078369140625,0.9654388427734376,0.1404571533203125,-0.0616423264145851,-0.0545473992824554,-0.1163396611809731,56.45733642578125,99.6826629638672,20.21784973144531
32040,-0.03436279296875,0.948822021484375,0.13470458984375,-0.0697601735591888,-0.06220718100667,-0.1132149696350098,56.36737060546875,99.51693725585938,20.13124084472656
32041,-0.03436279296875,0.948822021484375,0.13470458984375,-0.0697601735591888,-0.06220718100667,-0.1132149696350098,56.36737060546875,99.51693725585938,20.13124084472656
32042,-0.03436279296875,0.948822021484375,0.13470458984375,-0.0697601735591888,-0.06220718100667,-0.1132149696350098,56.36737060546875,99.51693725585938,20.13124084472656
32043,-0.0916595458984375,0.923004150390625,0.148651123046875,-0.08377505838871,-0.0704821571707725,-0.0797193273901939,56.23228454589844,99.36074829101562,20.18136596679688
32044,-0.1273651123046875,0.9339599609375,0.1282196044921875,-0.1128743514418602,-0.078219436109066,-0.035406194627285,56.25343322753906,99.04637145996094,20.36196899414062
32045,-0.1273651123046875,0.9339599609375,0.1282196044921875,-0.1128743514418602,-0.078219436109066,-0.035406194627285,56.25343322753906,99.04637145996094,20.36196899414062
32046,-0.1312255859375,0.9480438232421876,0.1240997314453125,-0.1491822898387909,-0.1129832789301872,-0.0172868445515632,56.18716430664062,99.00563049316406,20.4437255859375
32047,-0.126495361328125,0.9478607177734376,0.1214752197265625,-0.1597342640161514,-0.1525820791721344,-0.0085724489763379,56.21815490722656,99.09132385253906,20.25373840332031
32048,-0.112823486328125,0.944244384765625,0.118743896484375,-0.1597342640161514,-0.1525820791721344,-0.0085724489763379,56.18058776855469,99.0844268798828,20.15390014648438
32049,-0.09759521484375,0.943084716796875,0.1175384521484375,-0.1476882547140121,-0.1541823744773865,-0.0010615360224619,56.19895935058594,98.99504089355467,20.08261108398438
32050,-0.0825347900390625,0.9403076171875,0.1169891357421875,-0.1272048205137253,-0.161709263920784,0.0120377540588378,56.2132568359375,98.92195129394533,20.02267456054688
32051,-0.074432373046875,0.9370269775390624,0.1222381591796875,-0.111301489174366,-0.1713349968194962,0.0232262257486581,56.20852661132812,98.90676879882812,20.07807922363281
32052,-0.070220947265625,0.9321746826171876,0.123138427734375,-0.0976764932274818,-0.1719390004873276,0.0187305435538291,56.2147216796875,98.826904296875,20.11404418945312
32053,-0.0691070556640625,0.9307403564453124,0.1239471435546875,-0.0737847387790679,-0.1708534955978394,0.0253407768905162,56.31947326660156,98.91975402832033,19.9459228515625
32054,-0.067169189453125,0.9276275634765624,0.1228485107421875,-0.0737847387790679,-0.1708534955978394,0.0253407768905162,56.42710876464844,98.8977508544922,20.03913879394531
32055,-0.07098388671875,0.9152679443359376,0.107147216796875,-0.0636218562722206,-0.1742112189531326,0.0417130924761295,56.450927734375,98.79196166992188,20.11941528320312
32056,-0.07098388671875,0.9152679443359376,0.107147216796875,-0.0636218562722206,-0.1742112189531326,0.0417130924761295,56.450927734375,98.79196166992188,20.11941528320312
32057,-0.0723876953125,0.90765380859375,0.0951385498046875,-0.0532296672463417,-0.1742128133773804,0.0548861511051654,56.517578125,98.72926330566406,20.15151977539062
32058,-0.07720947265625,0.9060211181640624,0.081817626953125,-0.0306729581207037,-0.161747083067894,0.0607903786003589,56.64068603515625,98.65252685546876,20.09902954101562
32059,-0.0829620361328125,0.912933349609375,0.0665740966796875,-0.0107386643067002,-0.1610059291124344,0.0660402700304985,56.6732177734375,98.55445861816406,20.30583190917969
32060,-0.07708740234375,0.93658447265625,0.0576934814453125,0.0403833761811256,-0.2192948013544083,0.0681822523474693,56.90690612792969,98.7575225830078,20.14990234375
32061,-0.07708740234375,0.93658447265625,0.0576934814453125,0.0403833761811256,-0.2192948013544083,0.0681822523474693,56.90690612792969,98.7575225830078,20.14990234375
32062,-0.07177734375,0.938232421875,0.0554046630859375,0.0477984137833118,-0.2288611382246017,0.0705617815256118,56.99995422363281,98.63433837890624,20.2705078125
32063,-0.07177734375,0.938232421875,0.0554046630859375,0.0477984137833118,-0.2288611382246017,0.0705617815256118,56.99995422363281,98.63433837890624,20.2705078125
32064,-0.072540283203125,0.9387359619140624,0.0478363037109375,0.0556864328682422,-0.2508977353572845,0.060724601149559,57.09237670898438,98.79981994628906,20.12675476074219
32065,-0.072540283203125,0.9387359619140624,0.0478363037109375,0.0556864328682422,-0.2508977353572845,0.060724601149559,57.09237670898438,98.79981994628906,20.12675476074219
32066,-0.07928466796875,0.938995361328125,0.053466796875,0.0556864328682422,-0.2508977353572845,0.060724601149559,57.12677001953125,98.79327392578124,19.95645141601562
32067,-0.08837890625,0.9588470458984376,0.069976806640625,0.0575293377041816,-0.2239153832197189,0.0575628951191902,57.28298950195312,98.67121887207033,20.09568786621094
32068,-0.101654052734375,0.9835662841796876,0.0757904052734375,0.0175816565752029,-0.241369217634201,0.0269466619938612,57.32733154296875,98.73257446289062,20.10215759277344
32069,-0.0966033935546875,0.9613800048828124,0.1278228759765625,0.0141182160004973,-0.2294550240039825,0.0181193482130765,57.45700073242188,98.78533935546876,19.95585632324219
32070,-0.08868408203125,0.9613189697265624,0.11871337890625,-0.043649211525917,-0.2945312261581421,-0.0073314160108566,57.50791931152344,98.7847900390625,19.93536376953125
32071,-0.0864105224609375,0.9843902587890624,0.091766357421875,-0.043649211525917,-0.2945312261581421,-0.0073314160108566,57.62123107910156,98.738037109375,20.06285095214844
32072,-0.0819854736328125,0.9959716796875,0.1066741943359375,-0.0509020611643791,-0.287102073431015,-0.0183758120983839,57.71426391601562,98.58470153808594,20.25912475585938
32073,-0.0766448974609375,1.007705688476562,0.08551025390625,-0.0187585074454546,-0.2491650879383087,-0.0213878471404314,57.64662170410156,98.72543334960938,20.16378784179688
32074,-0.0770416259765625,1.018814086914062,0.06634521484375,0.0389359481632709,-0.1862412393093109,-0.0313677750527858,57.71536254882812,98.7144775390625,20.17987060546875
32075,-0.0775299072265625,1.014328002929688,0.0581817626953125,0.0389359481632709,-0.1862412393093109,-0.0313677750527858,57.74662780761719,98.69718933105467,20.14193725585938
32076,-0.086822509765625,1.0172119140625,0.0515899658203125,0.0575586333870887,-0.176296204328537,-0.0317661836743354,57.91268920898438,98.58013916015624,20.21795654296875
32077,-0.078643798828125,1.0201416015625,0.0180511474609375,0.053240317851305,-0.2123412936925888,-0.015711585059762,57.83424377441406,98.89860534667967,19.54843139648438
32078,-0.078643798828125,1.0201416015625,0.0180511474609375,0.053240317851305,-0.2123412936925888,-0.015711585059762,57.83424377441406,98.89860534667967,19.54843139648438
32079,-0.0622100830078125,1.025985717773438,-0.0118408203125,0.0478202514350414,-0.2630103230476379,-0.0024045680183917,57.87579345703125,98.97373962402344,19.55667114257812
32080,-0.0303192138671875,1.07196044921875,-0.0320587158203125,0.1125254780054092,-0.4232143759727478,-0.0544214285910129,57.82008361816406,98.84846496582033,19.54202270507812
32081,-0.0303192138671875,1.07196044921875,-0.0320587158203125,0.1125254780054092,-0.4232143759727478,-0.0544214285910129,57.82008361816406,98.84846496582033,19.54202270507812
32082,-0.049407958984375,1.118881225585938,0.038360595703125,0.1125254780054092,-0.4232143759727478,-0.0544214285910129,57.98591613769531,98.91748046875,19.48704528808594
32083,-0.082977294921875,1.173583984375,0.15972900390625,0.1290562599897385,-0.3863580822944641,-0.0573610290884971,58.0826416015625,98.74847412109376,19.37969970703125
32084,-0.1006927490234375,1.182662963867188,0.2151641845703125,0.0432324260473251,-0.3516150116920471,-0.0764534920454025,58.12774658203125,98.85447692871094,18.84756469726562
32085,-0.1006927490234375,1.182662963867188,0.2151641845703125,0.0432324260473251,-0.3516150116920471,-0.0764534920454025,58.12774658203125,98.85447692871094,18.84756469726562
32086,-0.079833984375,1.159988403320312,0.1808319091796875,-0.0139352567493915,-0.4454064965248108,-0.0965363904833793,58.20921325683594,98.78627014160156,18.76994323730469
32087,-0.0590667724609375,1.150726318359375,0.1885528564453125,-0.0485092140734195,-0.4723571538925171,-0.1417512744665146,58.31544494628906,98.64141845703124,18.88923645019531
32088,-0.071197509765625,1.15460205078125,0.2223358154296875,-0.0443512201309204,-0.3467712700366974,-0.1729038655757904,58.33488464355469,98.49430847167967,18.86483764648438
32089,-0.0980377197265625,1.153045654296875,0.2386627197265625,0.0522624067962169,-0.1250537931919098,-0.1574287712574005,58.34962463378906,98.56370544433594,18.71585083007812
32090,-0.11993408203125,1.126251220703125,0.2571563720703125,0.0522624067962169,-0.1250537931919098,-0.1574287712574005,58.27763366699219,98.48176574707033,18.53205871582031
32091,-0.0898284912109375,1.094680786132812,0.2740020751953125,0.0847841277718544,-0.1694537401199341,-0.1390433758497238,58.26290893554688,98.41763305664062,18.39181518554688
32092,-0.0280914306640625,1.067733764648438,0.293487548828125,0.0782479345798492,-0.2878086268901825,-0.1475777328014374,58.26445007324219,98.31591796875,18.426025390625
32093,0.042877197265625,1.033721923828125,0.316436767578125,0.053873885422945,-0.4030116498470306,-0.1378318965435028,58.19413757324219,98.40921020507812,18.48794555664062
32094,0.119293212890625,0.997589111328125,0.31927490234375,0.0723247975111007,-0.6352531313896179,-0.0623376779258251,58.2320556640625,98.42593383789062,18.48039245605469
32095,0.1951751708984375,0.962554931640625,0.3287200927734375,0.0723247975111007,-0.6352531313896179,-0.0623376779258251,58.28135681152344,98.31404113769533,18.47471618652344
32096,0.3104095458984375,0.8841400146484375,0.3375091552734375,0.0398073345422744,-0.5412606000900269,0.0326556824147701,58.538818359375,98.4234619140625,18.64837646484375
32097,0.3104095458984375,0.8841400146484375,0.3375091552734375,0.0398073345422744,-0.5412606000900269,0.0326556824147701,58.538818359375,98.4234619140625,18.64837646484375
32098,0.319091796875,0.86602783203125,0.324951171875,0.019375029951334,-0.5215467810630798,0.0427362769842147,58.68266296386719,98.48822021484376,18.58082580566406
32099,0.3061370849609375,0.85687255859375,0.31048583984375,0.019375029951334,-0.5215467810630798,0.0427362769842147,58.75190734863281,98.53514099121094,18.50762939453125
32100,0.222900390625,0.919921875,0.3026885986328125,-0.0985313653945922,-0.486183762550354,0.0400305055081844,59.24986267089844,98.7174835205078,18.69566345214844
32101,0.222900390625,0.919921875,0.3026885986328125,-0.0985313653945922,-0.486183762550354,0.0400305055081844,59.24986267089844,98.7174835205078,18.69566345214844
32102,0.222900390625,0.919921875,0.3026885986328125,-0.0985313653945922,-0.486183762550354,0.0400305055081844,59.24986267089844,98.7174835205078,18.69566345214844
32103,0.21466064453125,0.9360504150390624,0.2963409423828125,-0.1581318527460098,-0.4673498868942261,0.0428382791578769,59.441162109375,98.84132385253906,18.79806518554688
32104,0.1904296875,0.958648681640625,0.287750244140625,-0.1932216584682465,-0.403881162405014,0.048959020525217,59.5423583984375,98.8921356201172,18.91481018066406
32105,0.1706695556640625,0.974945068359375,0.2709808349609375,-0.1881475299596786,-0.2645618915557861,0.0664650425314903,59.73590087890625,98.81285095214844,18.82432556152344
32106,0.1462249755859375,0.9936370849609376,0.259552001953125,-0.1881475299596786,-0.2645618915557861,0.0664650425314903,59.82101440429688,98.8920440673828,18.90411376953125
32107,0.0986785888671875,1.010848999023438,0.256744384765625,-0.1776557415723801,-0.2087603956460953,0.0657153651118278,59.96377563476562,98.9324951171875,18.99317932128906
32108,0.06341552734375,1.01953125,0.2585296630859375,-0.1724780350923538,-0.1517240107059479,0.0816288143396377,60.08883666992188,98.92008972167967,19.16629028320312
32109,0.0257568359375,1.031509399414062,0.2527008056640625,-0.1619681268930435,-0.1662134677171707,0.059603676199913,60.30781555175781,98.92994689941406,19.384033203125
32110,0.017242431640625,1.038436889648438,0.2558135986328125,-0.1470128893852234,-0.1849778443574905,0.0672613307833671,60.43437194824219,98.97200012207033,19.62559509277344
32111,0.017242431640625,1.038436889648438,0.2558135986328125,-0.1470128893852234,-0.1849778443574905,0.0672613307833671,60.43437194824219,98.97200012207033,19.62559509277344
32112,0.0158538818359375,1.048568725585938,0.2518768310546875,-0.1166770830750465,-0.1982411891222,0.0766079574823379,60.54953002929688,99.01345825195312,19.79400634765625
32113,0.06170654296875,1.016998291015625,0.2175140380859375,-0.0256686117500066,-0.1643348783254623,0.1045530438423157,60.63786315917969,99.1000518798828,19.88926696777344
32114,0.06170654296875,1.016998291015625,0.2175140380859375,-0.0256686117500066,-0.1643348783254623,0.1045530438423157,60.63786315917969,99.1000518798828,19.88926696777344
32115,0.0887298583984375,0.995819091796875,0.2014923095703125,0.0207947604358196,-0.1430626213550568,0.0989100709557533,60.79884338378906,99.20466613769533,20.09065246582031
32116,0.1092987060546875,0.966461181640625,0.18780517578125,0.0558606013655662,-0.1331559270620346,0.1029210537672043,60.92497253417969,99.25250244140624,20.32029724121094
32117,0.1303863525390625,0.94085693359375,0.189666748046875,0.0631558001041412,-0.1287720948457718,0.1105446219444275,61.09011840820312,99.3639678955078,20.48031616210938
32118,0.149078369140625,0.9282684326171876,0.1930389404296875,0.0544067844748497,-0.1247057095170021,0.0997018292546272,61.10272216796875,99.39422607421876,20.44061279296875
32119,0.1596527099609375,0.9173736572265624,0.1956024169921875,0.0461440607905387,-0.1193796545267105,0.0940250307321548,61.18086242675781,99.38279724121094,20.43283081054688
32120,0.1683807373046875,0.900909423828125,0.196136474609375,-0.0026959178503602,-0.1327684372663498,0.079512134194374,61.38179016113281,99.58976745605467,20.61918640136719
32121,0.164398193359375,0.8922882080078125,0.20074462890625,-0.0368696004152298,-0.1509905755519867,0.0811566412448883,61.46833801269531,99.65887451171876,20.507568359375
32122,0.164398193359375,0.8922882080078125,0.20074462890625,-0.0368696004152298,-0.1509905755519867,0.0811566412448883,61.46833801269531,99.65887451171876,20.507568359375
32123,0.1531982421875,0.8940887451171875,0.2050933837890625,-0.073124811053276,-0.1507173329591751,0.0855109095573425,61.56355285644531,99.6158447265625,20.70527648925781
32124,0.1237335205078125,0.900299072265625,0.1891632080078125,-0.0697034448385238,-0.0918899774551391,0.0627448707818985,61.73838806152344,99.68771362304688,20.94403076171875
32125,0.1237335205078125,0.900299072265625,0.1891632080078125,-0.0697034448385238,-0.0918899774551391,0.0627448707818985,61.73838806152344,99.68771362304688,20.94403076171875
32126,0.1118927001953125,0.9015350341796876,0.1781005859375,-0.0323283784091472,-0.0484953634440898,0.0483246557414531,61.72994995117188,99.7802734375,20.98239135742188
32127,0.106231689453125,0.904510498046875,0.1720733642578125,-0.0323283784091472,-0.0484953634440898,0.0483246557414531,61.82342529296875,99.83308410644533,21.01719665527344
32128,0.1075592041015625,0.924346923828125,0.1575469970703125,0.0186517145484685,-0.0462258197367191,-0.0030346720013767,61.93299865722656,99.70571899414062,21.264892578125
32129,0.106231689453125,0.935211181640625,0.1706390380859375,0.0050554787740111,-0.0617352686822414,-0.0229961294680833,61.92745971679688,99.69082641601562,21.17930603027344
32130,0.0969696044921875,0.9364776611328124,0.175537109375,-0.0060906494036316,-0.0697162300348281,-0.0407751277089119,61.96414184570312,99.65228271484376,21.20977783203125
32131,0.0848846435546875,0.944244384765625,0.1837615966796875,-0.0172429028898477,-0.0641262531280517,-0.0578593052923679,61.959716796875,99.56788635253906,21.19911193847656
32132,0.0719757080078125,0.950225830078125,0.1883392333984375,-0.0185680910944938,-0.0452271327376365,-0.0774915963411331,62.00840759277344,99.45521545410156,21.21224975585938
32133,0.0601806640625,0.954559326171875,0.18109130859375,-0.0175446383655071,-0.0197784975171089,-0.0987028777599334,62.00605773925781,99.4642333984375,21.15534973144531
32134,0.0457611083984375,0.9583740234375,0.175323486328125,-0.0105535751208663,0.0235652476549148,-0.1143215149641037,61.99960327148438,99.58192443847656,21.22531127929688
32135,0.0457611083984375,0.9583740234375,0.175323486328125,-0.0105535751208663,0.0235652476549148,-0.1143215149641037,61.99960327148438,99.58192443847656,21.22531127929688
32136,0.024871826171875,0.970855712890625,0.14324951171875,0.0600446946918964,0.1497921645641327,-0.1482629776000977,61.84815979003906,99.51652526855467,21.31675720214844
32137,0.0179443359375,0.9749908447265624,0.1346282958984375,0.0807419866323471,0.1770613342523575,-0.1511594206094742,61.78182983398438,99.61114501953124,21.21736145019531
32138,0.0179443359375,0.9749908447265624,0.1346282958984375,0.0807419866323471,0.1770613342523575,-0.1511594206094742,61.78182983398438,99.61114501953124,21.21736145019531
32139,0.014801025390625,0.9795074462890624,0.134735107421875,0.096531867980957,0.203942745923996,-0.149080291390419,61.74720764160156,99.65936279296876,21.21562194824219
32140,0.0161895751953125,0.9860382080078124,0.14495849609375,0.096531867980957,0.203942745923996,-0.149080291390419,61.68972778320312,99.6593017578125,21.186767578125
32141,0.0231170654296875,0.991424560546875,0.160430908203125,0.1010461896657944,0.2362719178199768,-0.1461883634328842,61.63601684570312,99.69700622558594,21.27877807617188
32142,0.0285797119140625,0.9969482421875,0.1652374267578125,0.1227677315473557,0.349236011505127,-0.1256524622440338,61.52406311035156,99.660400390625,21.38963317871094
32143,0.03021240234375,0.9987335205078124,0.14892578125,0.1227677315473557,0.349236011505127,-0.1256524622440338,61.49229431152344,99.60296630859376,21.56491088867188
32144,0.04168701171875,1.0023193359375,0.083740234375,0.2001101821660995,0.3703303933143616,-0.1291073858737946,61.29585266113281,99.7312469482422,21.86038208007812
32145,0.04168701171875,1.0023193359375,0.083740234375,0.2001101821660995,0.3703303933143616,-0.1291073858737946,61.29585266113281,99.7312469482422,21.86038208007812
32146,0.058258056640625,1.009490966796875,0.0713958740234375,0.2288259863853455,0.3690012097358704,-0.1330049186944962,61.06944274902344,99.826416015625,21.35336303710938
32147,0.0671539306640625,1.018753051757812,0.073333740234375,0.2480652034282684,0.3729605376720428,-0.1459308415651321,60.94581604003906,100.0324249267578,21.13798522949219
32148,0.083587646484375,1.022247314453125,0.075408935546875,0.2585673630237579,0.3497023284435272,-0.1657138615846634,60.5281982421875,100.0829620361328,20.82244873046875
32149,0.083587646484375,1.022247314453125,0.075408935546875,0.2585673630237579,0.3497023284435272,-0.1657138615846634,60.5281982421875,100.0829620361328,20.82244873046875
32150,0.0876922607421875,1.027069091796875,0.075836181640625,0.2638694643974304,0.3609017431735992,-0.1786666810512543,60.38551330566406,100.0908203125,20.78854370117188
32151,0.08367919921875,1.025039672851562,0.0487823486328125,0.2301858067512512,0.2900557816028595,-0.1833431869745255,60.23226928710938,100.1801910400391,20.68183898925781
32152,0.08367919921875,1.025039672851562,0.0487823486328125,0.2301858067512512,0.2900557816028595,-0.1833431869745255,60.23226928710938,100.1801910400391,20.68183898925781
32153,0.0917205810546875,1.018157958984375,0.046875,0.2301858067512512,0.2900557816028595,-0.1833431869745255,60.07896423339844,100.3806610107422,20.5977783203125
32154,0.098663330078125,1.006256103515625,0.047943115234375,0.2423673719167709,0.2858408093452454,-0.1858036816120148,59.9100341796875,100.4810638427734,20.46389770507812
32155,0.10345458984375,1.0006103515625,0.0377655029296875,0.2569090127944946,0.2769943177700043,-0.1827272027730942,59.84457397460938,100.5241088867188,20.39842224121094
32156,0.1307830810546875,1.041915893554688,0.0829010009765625,0.2167480140924454,0.0273898132145404,-0.1749398559331894,59.33973693847656,100.7716979980469,20.174072265625
32157,0.15155029296875,1.0517578125,0.1387176513671875,0.1880846917629242,-0.0962133482098579,-0.160431757569313,59.20150756835938,100.8560333251953,19.94540405273438
32158,0.15155029296875,1.0517578125,0.1387176513671875,0.1880846917629242,-0.0962133482098579,-0.160431757569313,59.20150756835938,100.8560333251953,19.94540405273438
32159,0.15155029296875,1.0517578125,0.1387176513671875,0.1880846917629242,-0.0962133482098579,-0.160431757569313,59.20150756835938,100.8560333251953,19.94540405273438
32160,0.1641998291015625,1.007827758789062,0.1615142822265625,0.1092015877366066,-0.1770879626274109,-0.1180747076869011,59.22468566894531,101.0041809082031,19.67626953125
32161,0.1641998291015625,1.007827758789062,0.1615142822265625,0.1092015877366066,-0.1770879626274109,-0.1180747076869011,59.22468566894531,101.0041809082031,19.67626953125
32162,0.141571044921875,0.95697021484375,0.0768280029296875,0.0788564682006835,-0.2755490243434906,-0.1016424745321274,59.18173217773438,100.8890380859375,19.72555541992188
32163,0.1385650634765625,0.954925537109375,0.0743865966796875,0.0895898044109344,-0.3577805161476135,-0.0921096876263618,59.17843627929688,100.9159698486328,19.60679626464844
32164,0.1451873779296875,0.9752197265625,0.0908203125,0.0895903334021568,-0.4415933787822723,-0.0834797099232673,59.154541015625,100.9828338623047,19.49600219726562
32165,0.1451873779296875,0.9752197265625,0.0908203125,0.0895903334021568,-0.4415933787822723,-0.0834797099232673,59.154541015625,100.9828338623047,19.49600219726562
32166,0.1586456298828125,1.013320922851562,0.1179656982421875,0.0756478905677795,-0.4789839088916779,-0.0744510665535926,59.26252746582031,101.1110229492188,19.41764831542969
32167,0.145751953125,1.038909912109375,0.1179656982421875,0.0508796907961368,-0.4939188957214355,-0.080049030482769,59.37118530273438,101.0788421630859,19.44729614257812
32168,0.073638916015625,1.040176391601562,0.0874786376953125,0.0400163903832435,-0.5521414875984192,-0.1001841276884079,59.41098022460938,101.0774688720703,19.35618591308594
32169,0.073638916015625,1.040176391601562,0.0874786376953125,0.0400163903832435,-0.5521414875984192,-0.1001841276884079,59.41098022460938,101.0774688720703,19.35618591308594
32170,0.0490264892578125,1.038986206054688,0.0907745361328125,0.0445610769093036,-0.5860914587974548,-0.111114002764225,59.52413940429688,101.0926361083984,19.31619262695312
32171,0.0315704345703125,1.0399169921875,0.1165771484375,0.055077102035284,-0.6058891415596008,-0.1022310331463814,59.58049011230469,101.1242828369141,19.318603515625
32172,0.0108795166015625,1.019378662109375,0.1803741455078125,0.0704115852713584,-0.6029990315437317,-0.0793006792664527,59.77799987792969,101.1268005371094,19.28965759277344
32173,0.0108795166015625,1.019378662109375,0.1803741455078125,0.0704115852713584,-0.6029990315437317,-0.0793006792664527,59.77799987792969,101.1268005371094,19.28965759277344
32174,0.002593994140625,0.995361328125,0.1926422119140625,0.0630532652139663,-0.583917498588562,-0.0606649443507194,59.79353332519531,101.1325531005859,19.35592651367188
32175,-0.007537841796875,0.978118896484375,0.191436767578125,0.0474293008446693,-0.547980546951294,-0.0369516275823116,59.99609375,101.013916015625,19.48109436035156
32176,-0.0570220947265625,0.9904022216796876,0.186614990234375,0.0656823366880416,-0.3759773671627045,-0.0504245571792125,60.37127685546875,100.8874816894531,19.54051208496094
32177,-0.0570220947265625,0.9904022216796876,0.186614990234375,0.0656823366880416,-0.3759773671627045,-0.0504245571792125,60.37127685546875,100.8874816894531,19.54051208496094
32178,-0.0570220947265625,0.9904022216796876,0.186614990234375,0.0656823366880416,-0.3759773671627045,-0.0504245571792125,60.37127685546875,100.8874816894531,19.54051208496094
32179,-0.0604095458984375,0.9923553466796876,0.1784515380859375,0.0850696191191673,-0.352667510509491,-0.0634002760052681,60.38838195800781,100.9750823974609,19.53350830078125
32180,-0.034576416015625,0.9979705810546876,0.22003173828125,0.0983244404196739,-0.3036320507526398,-0.065781146287918,60.39714050292969,100.9118347167969,19.34161376953125
32181,-0.034576416015625,0.9979705810546876,0.22003173828125,0.0983244404196739,-0.3036320507526398,-0.065781146287918,60.39714050292969,100.9118347167969,19.34161376953125
32182,-0.00030517578125,0.9870147705078124,0.2402496337890625,0.0965015068650245,-0.271856814622879,-0.0609653480350971,60.5025634765625,101.0140228271484,19.32847595214844
32183,0.0328369140625,0.9664154052734376,0.26068115234375,0.0957547575235366,-0.2552296221256256,-0.0377598963677883,60.58602905273438,100.9430236816406,19.38619995117188
32184,0.07489013671875,0.926971435546875,0.27801513671875,-0.0214086193591356,-0.2206562161445618,0.0624093152582645,60.63627624511719,100.9084930419922,19.269287109375
32185,0.07489013671875,0.926971435546875,0.27801513671875,-0.0214086193591356,-0.2206562161445618,0.0624093152582645,60.63627624511719,100.9084930419922,19.269287109375
32186,0.073638916015625,0.9185791015625,0.2688140869140625,-0.0172405056655407,-0.1734016090631485,0.091043621301651,60.7265625,100.798095703125,19.19540405273438
32187,0.073638916015625,0.9185791015625,0.2688140869140625,-0.0172405056655407,-0.1734016090631485,0.091043621301651,60.7265625,100.798095703125,19.19540405273438
32188,0.0230255126953125,0.8935699462890625,0.2702484130859375,0.0081143854185938,-0.1192955002188683,0.1034307852387428,60.90643310546875,100.7872314453125,19.0125732421875
32189,-0.0090179443359375,0.8944549560546875,0.3074951171875,0.003670901292935,-0.0844845250248909,0.1078782603144646,61.02066040039062,100.7067565917969,19.01780700683594
32190,-0.0090179443359375,0.8944549560546875,0.3074951171875,0.003670901292935,-0.0844845250248909,0.1078782603144646,61.02066040039062,100.7067565917969,19.01780700683594
32191,-0.0353240966796875,0.913177490234375,0.3196563720703125,-0.0835934281349182,-0.0407889746129512,0.0786175802350044,61.06472778320312,100.5626831054688,19.0343017578125
32192,-0.0605316162109375,0.9273834228515624,0.3234100341796875,-0.14412522315979,-0.0363212563097477,0.0587567910552024,61.1141357421875,100.5593872070312,18.83430480957031
32193,-0.0605316162109375,0.9273834228515624,0.3234100341796875,-0.14412522315979,-0.0363212563097477,0.0587567910552024,61.1141357421875,100.5593872070312,18.83430480957031
32194,-0.065185546875,0.9415130615234376,0.3222198486328125,-0.1782727986574173,0.0171994939446449,0.0517532080411911,61.03948974609375,100.4447631835938,18.79499816894531
32195,-0.0653839111328125,0.9647979736328124,0.3028717041015625,-0.1989719569683075,0.0540461912751197,0.0406832471489906,61.05668640136719,100.2476654052734,18.68447875976562
32196,-0.0684661865234375,0.961761474609375,0.2486419677734375,-0.1878143697977066,0.0824924781918525,0.0467914752662181,61.09001159667969,99.8491668701172,18.79084777832031
32197,-0.0684661865234375,0.961761474609375,0.2486419677734375,-0.1878143697977066,0.0824924781918525,0.0467914752662181,61.09001159667969,99.8491668701172,18.79084777832031
32198,-0.0621490478515625,0.9573211669921876,0.2549285888671875,-0.1878143697977066,0.0824924781918525,0.0467914752662181,61.03596496582031,99.6492919921875,18.66963195800781
32199,-0.0568389892578125,0.9610595703125,0.256805419921875,-0.1708218157291412,0.1240519061684608,0.0629869550466537,61.01528930664062,99.47653198242188,18.63618469238281
32200,-0.0614166259765625,0.96270751953125,0.2681427001953125,-0.1674481183290482,0.2164124697446823,0.1099320948123932,60.80500793457031,99.23495483398438,18.52607727050781
32201,-0.0614166259765625,0.96270751953125,0.2681427001953125,-0.1674481183290482,0.2164124697446823,0.1099320948123932,60.80500793457031,99.23495483398438,18.52607727050781
32202,-0.0652618408203125,0.9684600830078124,0.2599945068359375,-0.1562665700912476,0.2341549694538116,0.1193357184529305,60.71531677246094,99.00518798828124,18.50088500976562
32203,-0.0777130126953125,0.9701385498046876,0.265289306640625,-0.1304261833429337,0.2312950044870377,0.1276527643203735,60.73330688476562,98.86618041992188,18.50788879394531
32204,-0.071380615234375,0.9909515380859376,0.205596923828125,-0.0402875021100044,0.1812187880277634,0.1217578575015068,60.73213195800781,98.54466247558594,18.57496643066406
32205,-0.089385986328125,1.0023193359375,0.2012176513671875,-0.0913336426019668,0.1315849274396896,0.1012565791606903,60.70231628417969,98.57331848144533,18.5791015625
32206,-0.089385986328125,1.0023193359375,0.2012176513671875,-0.0913336426019668,0.1315849274396896,0.1012565791606903,60.70231628417969,98.57331848144533,18.5791015625
32207,-0.09747314453125,0.9742279052734376,0.20050048828125,-0.1428056210279465,0.1277390569448471,0.0992320477962493,60.71368408203125,98.51290893554688,18.61323547363281
32208,-0.0438690185546875,0.9688262939453124,0.1979827880859375,-0.183972492814064,0.0464130379259586,0.0887626260519027,60.69456481933594,98.43817138671876,18.69094848632812
32209,-0.0438690185546875,0.9688262939453124,0.1979827880859375,-0.183972492814064,0.0464130379259586,0.0887626260519027,60.69456481933594,98.43817138671876,18.69094848632812
32210,-0.027923583984375,0.990631103515625,0.2143402099609375,-0.2029842734336853,0.0583629086613655,0.0678576081991195,60.70957946777344,98.32774353027344,18.69389343261719
32211,0.0021209716796875,1.016357421875,0.2142791748046875,-0.2063310742378235,0.0837289839982986,0.0552520714700222,60.79026794433594,98.30165100097656,18.78448486328125
32212,0.0490570068359375,1.03839111328125,0.1841888427734375,-0.1446410715579987,0.0968929901719093,-0.0032234902027994,60.786376953125,98.06581115722656,18.93112182617188
32213,0.0490570068359375,1.03839111328125,0.1841888427734375,-0.1446410715579987,0.0968929901719093,-0.0032234902027994,60.786376953125,98.06581115722656,18.93112182617188
32214,0.0418701171875,1.0274658203125,0.1683197021484375,-0.1446410715579987,0.0968929901719093,-0.0032234902027994,60.78349304199219,98.02653503417967,19.14370727539062
32215,-0.0070343017578125,0.971038818359375,0.1859130859375,-0.1349586099386215,0.043446809053421,-0.0361105985939502,60.6661376953125,98.01255798339844,19.29643249511719
32216,-0.00067138671875,0.9553375244140624,0.215087890625,-0.1599220186471939,-0.0001597896625753,-0.0381447225809097,60.69908142089844,98.0171356201172,19.28350830078125
32217,-0.00067138671875,0.9553375244140624,0.215087890625,-0.1599220186471939,-0.0001597896625753,-0.0381447225809097,60.69908142089844,98.0171356201172,19.28350830078125
32218,0.004608154296875,0.9491424560546876,0.2359466552734375,-0.1599220186471939,-0.0001597896625753,-0.0381447225809097,60.67471313476562,97.89608764648438,19.31558227539062
32219,0.00799560546875,0.9464111328125,0.239654541015625,-0.1677802056074142,-0.0179853923618793,-0.0370552241802215,60.73100280761719,97.77114868164062,19.44233703613281
32220,0.022430419921875,0.9425811767578124,0.2454376220703125,-0.1495700478553772,-0.029934462159872,-0.0233298242092132,60.75193786621094,97.7910614013672,19.41957092285156
32221,0.022430419921875,0.9425811767578124,0.2454376220703125,-0.1495700478553772,-0.029934462159872,-0.0233298242092132,60.75193786621094,97.7910614013672,19.41957092285156
32222,0.02349853515625,0.9627838134765624,0.2034149169921875,-0.1853730529546738,-0.092524342238903,-0.032640766352415,60.74990844726562,97.75723266601562,19.53652954101562
32223,0.018646240234375,0.953582763671875,0.2294464111328125,-0.1907025724649429,-0.137365311384201,-0.0354794301092624,60.78831481933594,97.72976684570312,19.57417297363281
32224,0.0154266357421875,0.948699951171875,0.2414398193359375,-0.1256998777389526,-0.1563970595598221,-0.0199864916503429,60.723876953125,97.57101440429688,19.7593994140625
32225,0.0032958984375,0.9571380615234376,0.2219390869140625,-0.1319953203201294,-0.2061260044574738,-0.0200088620185852,60.7464599609375,97.54847717285156,19.7584228515625
32226,-0.0067138671875,0.9579925537109376,0.228485107421875,-0.1319953203201294,-0.2061260044574738,-0.0200088620185852,60.75192260742188,97.6240234375,19.81689453125
32227,-0.0111541748046875,0.9585113525390624,0.230377197265625,-0.1513327956199646,-0.2384013831615448,-0.0170452967286109,60.79986572265625,97.58421325683594,19.87294006347656
32228,-0.026275634765625,0.9738006591796876,0.22320556640625,-0.1632099598646164,-0.3170991241931915,0.0026453179307281,60.99330139160156,97.5191650390625,19.90968322753906
32229,-0.026275634765625,0.9738006591796876,0.22320556640625,-0.1632099598646164,-0.3170991241931915,0.0026453179307281,60.99330139160156,97.5191650390625,19.90968322753906
32230,-0.0283355712890625,0.9779815673828124,0.21783447265625,-0.1632099598646164,-0.3170991241931915,0.0026453179307281,61.13302612304688,97.33726501464844,19.99961853027344
32231,-0.03033447265625,0.9813385009765624,0.2098541259765625,-0.1529679745435715,-0.3278478980064392,0.0087426248937845,61.18704223632812,97.33172607421876,20.0733642578125
32232,-0.03668212890625,1.00408935546875,0.159210205078125,-0.1617694646120071,-0.4022142887115479,-0.0174221340566873,61.31082153320312,97.3267059326172,20.17787170410156
32233,-0.03668212890625,1.00408935546875,0.159210205078125,-0.1617694646120071,-0.4022142887115479,-0.0174221340566873,61.31082153320312,97.3267059326172,20.17787170410156
32234,-0.03131103515625,1.005035400390625,0.1562957763671875,-0.1437507718801498,-0.4220497906208038,-0.0335803292691707,61.36331176757812,97.3316650390625,20.16217041015625
32235,-0.0247039794921875,1.006088256835938,0.14599609375,-0.1059954091906548,-0.4393440783023834,-0.0409721992909908,61.47242736816406,97.40924072265624,20.17440795898438
32236,-0.0191650390625,1.007003784179688,0.1503448486328125,-0.0310335494577884,-0.5104060173034668,-0.0433895513415336,61.64175415039062,97.33708190917967,20.24360656738281
32237,-0.0191650390625,1.007003784179688,0.1503448486328125,-0.0310335494577884,-0.5104060173034668,-0.0433895513415336,61.64175415039062,97.33708190917967,20.24360656738281
32238,-0.02154541015625,1.012649536132812,0.16015625,-0.0093647399917244,-0.5423519611358643,-0.0489867180585861,61.65739440917969,97.27993774414062,20.35395812988281
32239,-0.0362091064453125,1.025177001953125,0.1625518798828125,0.0106619652360677,-0.624035120010376,-0.0759709328413009,61.85533142089844,97.11119079589844,20.58055114746094
32240,-0.058135986328125,1.024887084960938,0.1681976318359375,0.0106619652360677,-0.624035120010376,-0.0759709328413009,61.98475646972656,97.07931518554688,20.45919799804688
32241,-0.0868682861328125,1.015213012695312,0.1990966796875,0.0808383896946907,-0.692703366279602,-0.130921795964241,62.21315002441406,97.11590576171876,20.38015747070312
32242,-0.09991455078125,1.018096923828125,0.21307373046875,0.0877772569656372,-0.72975754737854,-0.1369751691818237,62.34271240234375,97.0460205078125,20.51277160644531
32243,-0.09991455078125,1.018096923828125,0.21307373046875,0.0877772569656372,-0.72975754737854,-0.1369751691818237,62.34271240234375,97.0460205078125,20.51277160644531
32244,-0.107635498046875,1.028579711914062,0.2725982666015625,0.0785502046346664,-0.7554250955581665,-0.1494387537240982,62.59857177734375,97.01377868652344,20.49491882324219
32245,-0.107635498046875,1.028579711914062,0.2725982666015625,0.0785502046346664,-0.7554250955581665,-0.1494387537240982,62.59857177734375,97.01377868652344,20.49491882324219
32246,-0.0977630615234375,1.0191650390625,0.288238525390625,0.0544323474168777,-0.7544455528259277,-0.1676893979310989,62.66148376464844,97.02076721191406,20.49566650390625
32247,-0.079803466796875,0.9973602294921876,0.300262451171875,0.0026546388398855,-0.724686324596405,-0.1664004325866699,62.79371643066406,97.14149475097656,20.32041931152344
32248,-0.0010833740234375,0.96343994140625,0.2976837158203125,-0.0178261343389749,-0.6343905329704285,-0.1532137840986252,63.20121765136719,97.1608428955078,19.84349060058594
32249,-0.0010833740234375,0.96343994140625,0.2976837158203125,-0.0178261343389749,-0.6343905329704285,-0.1532137840986252,63.20121765136719,97.1608428955078,19.84349060058594
32250,-0.0010833740234375,0.96343994140625,0.2976837158203125,-0.0178261343389749,-0.6343905329704285,-0.1532137840986252,63.20121765136719,97.1608428955078,19.84349060058594
32251,0.0062713623046875,0.9717864990234376,0.2940216064453125,-0.027687020599842,-0.5665411949157715,-0.1470533609390259,63.31318664550781,97.16424560546876,19.81007385253906
32252,0.01348876953125,0.96539306640625,0.2680206298828125,-0.0386174321174621,-0.4932323396205902,-0.10863246768713,63.51161193847656,97.1425323486328,19.54751586914062
32253,0.01348876953125,0.96539306640625,0.2680206298828125,-0.0386174321174621,-0.4932323396205902,-0.10863246768713,63.51161193847656,97.1425323486328,19.54751586914062
32254,0.01483154296875,0.9584503173828124,0.257232666015625,-0.0272276252508163,-0.5014154314994812,-0.0846096947789192,63.66036987304688,97.09632873535156,19.58433532714844
32255,-0.005126953125,0.95904541015625,0.2706298828125,-0.0138247357681393,-0.4380876123905182,-0.084895983338356,63.67228698730469,97.20021057128906,19.58416748046875
32256,-0.020263671875,0.9531402587890624,0.2339019775390625,-0.0609584264457225,-0.4562908411026001,-0.1133326813578606,63.83648681640625,97.12022399902344,19.55416870117188
32257,-0.020263671875,0.9531402587890624,0.2339019775390625,-0.0609584264457225,-0.4562908411026001,-0.1133326813578606,63.83648681640625,97.12022399902344,19.55416870117188
32258,-0.0716400146484375,0.9807281494140624,0.318389892578125,-0.0309483278542757,-0.3006911277770996,-0.1111025512218475,63.9132080078125,97.1709442138672,19.50238037109375
32259,-0.0456085205078125,0.921539306640625,0.1926116943359375,-0.0108356038108468,-0.2451879233121872,-0.0978938043117523,64.043701171875,97.10447692871094,19.57846069335938
32260,0.035675048828125,0.86663818359375,0.203857421875,-0.0476090647280216,-0.4066066443920135,-0.0609501712024211,64.07400512695312,97.04942321777344,19.55552673339844
32261,0.0402679443359375,0.879913330078125,0.2090301513671875,-0.0681335106492042,-0.2913170754909515,-0.0484242588281631,64.24021911621094,96.93043518066406,19.48654174804688
32262,0.0402679443359375,0.879913330078125,0.2090301513671875,-0.0681335106492042,-0.2913170754909515,-0.0484242588281631,64.24021911621094,96.93043518066406,19.48654174804688
32263,0.0277862548828125,0.8910064697265625,0.188934326171875,-0.1403488516807556,-0.3698118627071381,-0.088460624217987,64.35365295410156,97.0108642578125,19.46406555175781
32264,0.0124969482421875,0.934173583984375,0.29791259765625,-0.2452257424592972,-0.4210436344146729,-0.1169495210051537,64.50994873046875,96.78416442871094,19.41937255859375
32265,0.0124969482421875,0.934173583984375,0.29791259765625,-0.2452257424592972,-0.4210436344146729,-0.1169495210051537,64.50994873046875,96.78416442871094,19.41937255859375
32266,0.01129150390625,0.89910888671875,0.2994384765625,-0.2086064666509628,-0.3619067966938019,-0.0530821271240711,64.59017944335938,96.77557373046876,19.45327758789062
32267,0.0187225341796875,0.933868408203125,0.29193115234375,-0.2276035994291306,-0.3169246912002563,-0.0423775501549243,64.66191101074219,96.73785400390624,19.56541442871094
32268,0.056427001953125,0.99224853515625,0.2430419921875,-0.2722466886043549,-0.2650550901889801,-0.0205116663128137,64.79165649414062,96.52005004882812,19.99884033203125
32269,0.056427001953125,0.99224853515625,0.2430419921875,-0.2722466886043549,-0.2650550901889801,-0.0205116663128137,64.79165649414062,96.52005004882812,19.99884033203125
32270,0.0524444580078125,1.022506713867188,0.1918792724609375,-0.2862171232700348,-0.1799093186855316,-0.102402001619339,64.87095642089844,96.52525329589844,19.95632934570312
32271,0.0565948486328125,1.027267456054688,0.1992034912109375,-0.2583772242069244,-0.2054626047611237,-0.1348611414432526,64.93971252441406,96.4388427734375,20.23944091796875
32272,0.045166015625,1.036178588867188,0.1767120361328125,-0.1659229248762131,-0.3319188058376312,-0.2026662975549698,64.86148071289062,96.36026000976562,20.42398071289062
32273,0.045166015625,1.036178588867188,0.1767120361328125,-0.1659229248762131,-0.3319188058376312,-0.2026662975549698,64.86148071289062,96.36026000976562,20.42398071289062
32274,0.0712432861328125,0.9351654052734376,0.0864105224609375,-0.1659229248762131,-0.3319188058376312,-0.2026662975549698,64.78688049316406,96.30873107910156,20.46649169921875
32275,0.1448974609375,0.837371826171875,0.0719451904296875,-0.0799608752131462,-0.643993079662323,0.0474937483668327,64.66387939453125,96.2945556640625,20.52555847167969
32276,0.1376190185546875,0.979644775390625,0.2822265625,-0.0149712264537811,-0.2840202748775482,0.0200490746647119,64.89051818847656,96.00001525878906,21.22676086425781
32277,0.1376190185546875,0.979644775390625,0.2822265625,-0.0149712264537811,-0.2840202748775482,0.0200490746647119,64.89051818847656,96.00001525878906,21.22676086425781
32278,0.1376190185546875,0.979644775390625,0.2822265625,-0.0149712264537811,-0.2840202748775482,0.0200490746647119,64.89051818847656,96.00001525878906,21.22676086425781
32279,0.14288330078125,0.9748992919921876,0.2213897705078125,-0.0500613041222095,-0.2528500854969025,0.0166684594005346,65.08735656738281,96.1457977294922,21.27587890625
32280,0.16558837890625,0.8967742919921875,0.2053985595703125,-0.1690548062324524,-0.4609859883785248,0.0590172484517097,65.50970458984375,96.04777526855467,21.37358093261719
32281,0.16558837890625,0.8967742919921875,0.2053985595703125,-0.1690548062324524,-0.4609859883785248,0.0590172484517097,65.50970458984375,96.04777526855467,21.37358093261719
32282,0.164459228515625,0.859619140625,0.189849853515625,-0.1690548062324524,-0.4609859883785248,0.0590172484517097,65.58024597167969,95.95993041992188,21.38345336914062
32283,0.079193115234375,0.95318603515625,0.248809814453125,-0.1835775524377823,-0.3706965744495392,0.099493570625782,66.0357666015625,95.90087890625,21.61082458496094
32284,0.072357177734375,0.9588775634765624,0.233917236328125,-0.049971554428339,-0.3831356763839722,0.1621313840150833,66.36094665527344,95.86911010742188,21.68316650390625
32285,0.072357177734375,0.9588775634765624,0.233917236328125,-0.049971554428339,-0.3831356763839722,0.1621313840150833,66.36094665527344,95.86911010742188,21.68316650390625
32286,0.0688018798828125,0.998779296875,0.2230682373046875,-0.049971554428339,-0.3831356763839722,0.1621313840150833,66.67448425292969,95.77458190917967,21.68292236328125
32287,0.0490875244140625,1.016876220703125,0.192352294921875,-0.0389399416744709,-0.4648875296115875,0.1265230476856232,66.97494506835938,95.71400451660156,21.71823120117188
32288,0.0263519287109375,1.010345458984375,0.2476654052734375,-0.0933709591627121,-0.5867329835891724,0.0771909281611442,67.51387023925781,95.67410278320312,21.56639099121094
32289,0.0263519287109375,1.010345458984375,0.2476654052734375,-0.0933709591627121,-0.5867329835891724,0.0771909281611442,67.51387023925781,95.67410278320312,21.56639099121094
32290,-0.0120697021484375,1.017776489257812,0.256927490234375,-0.1223133951425552,-0.6007401347160339,-0.0043808999471366,68.09754943847656,95.66000366210938,21.58114624023438
32291,-0.0120697021484375,1.017776489257812,0.256927490234375,-0.1223133951425552,-0.6007401347160339,-0.0043808999471366,68.09754943847656,95.66000366210938,21.58114624023438
32292,-0.0357208251953125,0.90399169921875,0.23150634765625,-0.2055699378252029,-0.8012386560440063,0.0032908681314438,68.64311218261719,95.678466796875,21.64157104492188
32293,-0.0046234130859375,0.851470947265625,0.2538299560546875,-0.2055699378252029,-0.8012386560440063,0.0032908681314438,68.77505493164062,95.67066955566406,21.64437866210938
32294,-0.0046234130859375,0.851470947265625,0.2538299560546875,-0.2055699378252029,-0.8012386560440063,0.0032908681314438,68.77505493164062,95.67066955566406,21.64437866210938
32295,0.0535736083984375,0.8441314697265625,0.233062744140625,-0.2582667171955109,-0.7880368232727051,-0.0338168181478977,68.96017456054688,95.63131713867188,21.68499755859375
32296,0.2992401123046875,0.5492706298828125,0.37591552734375,0.0480194576084613,-1.582123756408691,0.8492253422737122,69.53890991210938,95.66217041015624,22.08326721191406
32297,0.2992401123046875,0.5492706298828125,0.37591552734375,0.0480194576084613,-1.582123756408691,0.8492253422737122,69.53890991210938,95.66217041015624,22.08326721191406
32298,0.070648193359375,1.304931640625,0.6146240234375,0.100389190018177,-0.7029315233230591,0.3736841082572937,69.90324401855469,95.58377075195312,22.31393432617188
32299,0.070648193359375,1.304931640625,0.6146240234375,0.100389190018177,-0.7029315233230591,0.3736841082572937,69.90324401855469,95.58377075195312,22.31393432617188
32300,0.0636444091796875,1.025772094726562,0.5250091552734375,-0.4272093772888184,0.4569941759109497,-0.2419239431619644,70.83363342285156,95.6132354736328,22.43392944335938
32301,0.0636444091796875,1.025772094726562,0.5250091552734375,-0.4272093772888184,0.4569941759109497,-0.2419239431619644,70.83363342285156,95.6132354736328,22.43392944335938
32302,0.264434814453125,0.941925048828125,0.2344512939453125,-0.8075602054595947,-0.6024999618530273,-0.0130870398133993,70.65316772460938,95.53414916992188,23.06167602539062
32303,0.264434814453125,0.941925048828125,0.2344512939453125,-0.8075602054595947,-0.6024999618530273,-0.0130870398133993,70.65316772460938,95.53414916992188,23.06167602539062
32304,0.108856201171875,0.807373046875,0.2293243408203125,-0.814276933670044,-0.4668811559677124,0.2056144177913666,70.45611572265625,95.32365417480467,23.70213317871094
32305,0.1334991455078125,0.712921142578125,0.1577606201171875,-0.564704418182373,-0.3279722929000854,0.3189904987812042,70.56993103027344,95.25009155273438,23.99960327148438
32306,0.1840057373046875,0.674163818359375,0.1313323974609375,-0.280752032995224,-0.4004022777080536,0.4559174478054047,70.89033508300781,94.97959899902344,24.4246826171875
32307,0.1840057373046875,0.674163818359375,0.1313323974609375,-0.280752032995224,-0.4004022777080536,0.4559174478054047,70.89033508300781,94.97959899902344,24.4246826171875
32308,0.2171783447265625,0.8447113037109375,0.378204345703125,0.2222208231687546,0.3520248830318451,0.5388805270195007,71.57838439941406,94.8920440673828,24.93167114257812
32309,0.2171783447265625,0.8447113037109375,0.378204345703125,0.2222208231687546,0.3520248830318451,0.5388805270195007,71.57838439941406,94.8920440673828,24.93167114257812
32310,0.1970367431640625,1.004592895507812,0.2697906494140625,0.2222208231687546,0.3520248830318451,0.5388805270195007,71.95176696777344,94.87371826171876,24.76412963867188
32311,0.1182403564453125,1.099395751953125,0.303436279296875,-0.0228962618857622,0.3812687993049622,0.4803322553634644,72.28538513183594,94.82977294921876,24.73081970214844
32312,0.0360260009765625,1.144638061523438,0.3210906982421875,-0.7029021978378296,0.4765290021896362,0.2660103738307953,72.70660400390625,94.8639678955078,24.5474853515625
32313,0.0360260009765625,1.144638061523438,0.3210906982421875,-0.7029021978378296,0.4765290021896362,0.2660103738307953,72.70660400390625,94.8639678955078,24.5474853515625
32314,0.038665771484375,1.144729614257812,0.3227386474609375,-0.8664365410804749,0.4691658914089203,0.1670419871807098,72.79852294921875,94.70050048828124,24.55902099609375
32315,0.0769195556640625,1.139175415039062,0.1871490478515625,-0.9270615577697754,0.2788888812065125,0.1379112601280212,72.85823059082031,94.5309600830078,24.70317077636719
32316,0.2957611083984375,1.01617431640625,-0.0501556396484375,-0.536176860332489,-0.5683987140655518,0.313734233379364,72.81361389160156,93.95491027832033,25.50018310546875
32317,0.2957611083984375,1.01617431640625,-0.0501556396484375,-0.536176860332489,-0.5683987140655518,0.313734233379364,72.81361389160156,93.95491027832033,25.50018310546875
32318,0.3005218505859375,1.029342651367188,0.001220703125,-0.265020489692688,-0.857909619808197,0.217014342546463,72.85333251953125,93.68362426757812,25.76774597167969
32319,0.288543701171875,1.015777587890625,0.008270263671875,-0.126517191529274,-1.200290679931641,0.0682938396930694,72.95468139648438,93.41343688964844,26.11831665039062
32320,0.3719940185546875,0.900177001953125,0.417266845703125,0.0466846823692321,-0.4455801248550415,0.1979237347841263,73.30267333984375,93.34552001953124,26.42140197753906
32321,0.3719940185546875,0.900177001953125,0.417266845703125,0.0466846823692321,-0.4455801248550415,0.1979237347841263,73.30267333984375,93.34552001953124,26.42140197753906
32322,0.332550048828125,0.860748291015625,0.531829833984375,0.2723010182380676,-0.0678831785917282,0.3408018052577972,73.6435546875,93.22042846679688,26.53208923339844
32323,0.3040313720703125,0.8200836181640625,0.53759765625,0.2723010182380676,-0.0678831785917282,0.3408018052577972,74.16105651855469,93.06216430664062,26.37449645996094
32324,0.2327728271484375,1.109054565429688,0.509246826171875,0.063041016459465,0.2378884553909302,0.2972950637340546,74.37139892578125,93.10931396484376,26.30224609375
32325,0.2327728271484375,1.109054565429688,0.509246826171875,0.063041016459465,0.2378884553909302,0.2972950637340546,74.37139892578125,93.10931396484376,26.30224609375
32326,-0.050537109375,1.130340576171875,0.3272705078125,-0.5242480635643005,0.1133081838488579,-0.1252002567052841,74.43722534179688,93.04693603515624,26.38845825195312
32327,-0.050537109375,1.130340576171875,0.3272705078125,-0.5242480635643005,0.1133081838488579,-0.1252002567052841,74.43722534179688,93.04693603515624,26.38845825195312
32328,0.091796875,0.9765777587890624,0.2530517578125,-0.1692034006118774,-0.2285018861293793,-0.0918481647968292,74.43174743652344,92.80569458007812,26.41523742675781
32329,0.091796875,0.9765777587890624,0.2530517578125,-0.1692034006118774,-0.2285018861293793,-0.0918481647968292,74.43174743652344,92.80569458007812,26.41523742675781
32330,0.1279449462890625,0.9741058349609376,0.14349365234375,-0.0228304807096719,-0.1542958319187164,-0.0806575641036033,74.5302734375,92.61965942382812,26.51910400390625
32331,0.1035614013671875,0.9448394775390624,0.0352783203125,-0.1354323923587799,-0.4710381031036377,-0.0657947286963462,74.66960144042969,92.47589111328124,26.58586120605469
32332,0.091827392578125,0.89434814453125,0.32513427734375,0.0345348082482814,-0.2782278954982758,0.1082745417952538,74.67909240722656,92.49842834472656,26.36567687988281
32333,0.091827392578125,0.89434814453125,0.32513427734375,0.0345348082482814,-0.2782278954982758,0.1082745417952538,74.67909240722656,92.49842834472656,26.36567687988281
32334,0.140472412109375,0.961151123046875,0.3185577392578125,0.0518610663712024,-0.1714242100715637,0.0711199790239334,74.84417724609375,92.37588500976562,26.250244140625
32335,0.1610870361328125,0.9502105712890624,0.3320159912109375,0.0011012171162292,-0.1877778917551041,0.0064325993880629,74.9615478515625,92.17611694335938,26.43792724609375
32336,0.199432373046875,0.9469757080078124,0.4122467041015625,0.2098339200019836,0.2922089695930481,-0.021073592826724,75.08219909667969,92.32902526855467,26.09455871582031
32337,0.199432373046875,0.9469757080078124,0.4122467041015625,0.2098339200019836,0.2922089695930481,-0.021073592826724,75.08219909667969,92.32902526855467,26.09455871582031
32338,0.1252899169921875,0.960845947265625,0.294830322265625,-0.048878327012062,0.1161428540945053,-0.092535525560379,74.99301147460938,92.4720458984375,26.12786865234375
32339,0.101715087890625,0.9023895263671876,0.45947265625,-0.2257934510707855,0.2260605692863464,-0.0958437025547027,74.9442138671875,92.35531616210938,26.20195007324219
32340,0.3450164794921875,0.982696533203125,0.3078155517578125,-0.1531948745250702,0.5934540033340454,0.0118175111711025,74.67364501953125,92.212890625,26.5333251953125
32341,0.3450164794921875,0.982696533203125,0.3078155517578125,-0.1531948745250702,0.5934540033340454,0.0118175111711025,74.67364501953125,92.212890625,26.5333251953125
32342,0.2315521240234375,1.076904296875,0.290496826171875,-0.2941139042377472,0.5294162034988403,-0.1631567031145096,74.57087707519531,92.16249084472656,26.95535278320312
32343,0.16522216796875,1.039474487304688,0.4093780517578125,-0.4448269903659821,0.5508756637573242,-0.2866887450218201,74.41464233398438,92.0931396484375,27.24362182617188
32344,0.05810546875,1.021774291992188,0.5278167724609375,-0.6094867587089539,0.6918501257896423,-0.4144898653030396,73.93670654296875,91.85276794433594,28.04856872558594
32345,0.05810546875,1.021774291992188,0.5278167724609375,-0.6094867587089539,0.6918501257896423,-0.4144898653030396,73.93670654296875,91.85276794433594,28.04856872558594
32346,0.0065460205078125,1.070526123046875,0.55816650390625,-0.7856040000915527,0.9493058919906616,-0.6251472234725952,73.45228576660156,91.8444366455078,28.15391540527344
32347,0.0255889892578125,1.090606689453125,0.351806640625,-0.882946789264679,0.9905214905738832,-0.8338237404823303,72.98629760742188,91.76985168457033,28.49368286132812
32348,0.3114776611328125,0.6884918212890625,-0.0305328369140625,-0.1843482702970505,0.499186098575592,-0.6361055970191956,71.86051940917969,91.08616638183594,28.7799072265625
32349,0.3114776611328125,0.6884918212890625,-0.0305328369140625,-0.1843482702970505,0.499186098575592,-0.6361055970191956,71.86051940917969,91.08616638183594,28.7799072265625
32350,0.40625,0.447845458984375,0.2574005126953125,0.3134008049964905,-0.4380820095539093,0.3488730490207672,71.34614562988281,90.884765625,28.78541564941406
32351,-0.0547332763671875,1.053192138671875,1.032302856445312,-0.3519492447376251,0.9722836017608644,-0.3525108993053436,71.18827819824219,91.06976318359376,28.71836853027344
32352,0.1932220458984375,0.859344482421875,0.151763916015625,-0.1799988001585007,-0.0302998479455709,-0.1991394609212875,70.55262756347656,91.21063232421876,29.1707763671875
32353,0.2075958251953125,0.8163604736328125,0.38055419921875,0.0909054055809974,-0.0633765757083892,0.0177896488457918,70.2371826171875,91.1676788330078,29.39071655273438
32354,0.2075958251953125,0.8163604736328125,0.38055419921875,0.0909054055809974,-0.0633765757083892,0.0177896488457918,70.2371826171875,91.1676788330078,29.39071655273438
32355,0.303619384765625,0.6298675537109375,0.194671630859375,0.0979579910635948,-0.6296637058258057,0.3495981991291046,70.23802185058594,91.0579833984375,29.52088928222656
32356,0.2998504638671875,0.568634033203125,0.311431884765625,0.0790974795818328,-0.6328493356704712,0.4126648008823395,70.61456298828125,90.9290008544922,29.36677551269531
32357,0.2998504638671875,0.568634033203125,0.311431884765625,0.0790974795818328,-0.6328493356704712,0.4126648008823395,70.61456298828125,90.9290008544922,29.36677551269531
32358,0.199920654296875,0.7098236083984375,0.2929840087890625,0.0847396552562713,-0.6142873764038086,0.4374513626098633,70.98420715332031,90.8717041015625,29.21961975097656
32359,0.115203857421875,0.8153228759765625,0.3377532958984375,0.092186115682125,-0.6175510883331299,0.5012750625610352,71.39421081542969,90.7699737548828,29.15115356445312
32360,0.0145416259765625,1.011886596679688,0.477813720703125,0.1553650945425034,-0.4599375128746033,0.3817622661590576,72.2603759765625,90.56651306152344,28.8546142578125
32361,0.0145416259765625,1.011886596679688,0.477813720703125,0.1553650945425034,-0.4599375128746033,0.3817622661590576,72.2603759765625,90.56651306152344,28.8546142578125
32362,0.0191192626953125,1.03265380859375,0.4615478515625,0.1324091702699661,-0.4453774690628052,0.34818434715271,72.56956481933594,90.55294799804688,28.66998291015625
32363,0.0461273193359375,1.000473022460938,0.442230224609375,0.1475228816270828,-0.4882591664791107,0.3860984444618225,72.79142761230469,90.4205322265625,28.57736206054688
32364,0.0732879638671875,0.94549560546875,0.4071197509765625,0.2278728485107422,-0.5050338506698608,0.4797061383724213,73.12924194335938,90.388427734375,28.40080261230469
32365,0.1190948486328125,0.9035186767578124,0.380889892578125,0.4999203383922577,-0.3507199287414551,0.6030595302581787,73.47430419921875,90.39532470703124,28.33848571777344
32366,0.1816558837890625,0.874755859375,0.4154510498046875,0.4999203383922577,-0.3507199287414551,0.6030595302581787,73.87611389160156,90.54437255859376,28.38711547851562
32367,0.2552642822265625,0.915863037109375,0.4171295166015625,0.6196722984313965,-0.0906958132982254,0.5456132888793945,74.37408447265625,90.69229125976562,28.43489074707031
32368,0.2748260498046875,1.13397216796875,0.3930511474609375,0.4588557183742523,0.4584605097770691,0.2342370003461838,74.97712707519531,91.0400390625,27.95999145507812
32369,0.2748260498046875,1.13397216796875,0.3930511474609375,0.4588557183742523,0.4584605097770691,0.2342370003461838,74.97712707519531,91.0400390625,27.95999145507812
32370,0.241180419921875,1.197296142578125,0.341644287109375,0.4588557183742523,0.4584605097770691,0.2342370003461838,75.17536926269531,91.13655090332033,27.66764831542969
32371,0.1952972412109375,1.212493896484375,0.2941436767578125,0.4473729729652405,0.4440568089485168,0.141849547624588,75.06838989257812,91.27536010742188,27.40550231933594
32372,0.2282257080078125,1.10186767578125,0.1191253662109375,0.5646538138389587,0.2292435765266418,-0.0361995510756969,74.84156799316406,91.57864379882812,27.28536987304688
32373,0.2282257080078125,1.10186767578125,0.1191253662109375,0.5646538138389587,0.2292435765266418,-0.0361995510756969,74.84156799316406,91.57864379882812,27.28536987304688
32374,0.1581573486328125,0.9967498779296876,0.16339111328125,0.656539797782898,0.0931160971522331,-0.0780660361051559,74.76632690429688,91.7170867919922,27.22105407714844
32375,0.12615966796875,0.93646240234375,0.2747955322265625,0.7728096842765808,0.1542415022850037,-0.0724547579884529,74.61703491210938,91.8813934326172,27.23013305664062
32376,0.1746826171875,1.050491333007812,0.213653564453125,0.6706356406211853,0.0200951490551233,-0.0227383356541395,74.31362915039062,92.29011535644533,26.74787902832031
32377,0.108917236328125,0.999542236328125,0.32275390625,0.5347347855567932,-0.1773084700107574,-0.0560278482735157,74.19697570800781,92.4248046875,26.44990539550781
32378,0.108917236328125,0.999542236328125,0.32275390625,0.5347347855567932,-0.1773084700107574,-0.0560278482735157,74.19697570800781,92.4248046875,26.44990539550781
32379,0.0670318603515625,0.9725189208984376,0.35968017578125,0.4768190085887909,-0.2114182412624359,-0.0694855973124504,74.14460754394531,92.55348205566406,26.18707275390625
32380,0.113922119140625,0.91876220703125,0.2799224853515625,0.4555422365665436,-0.3220467567443848,-0.0226858705282211,74.08023071289062,92.84828186035156,25.92680358886719
32381,0.113922119140625,0.91876220703125,0.2799224853515625,0.4555422365665436,-0.3220467567443848,-0.0226858705282211,74.08023071289062,92.84828186035156,25.92680358886719
32382,0.1340789794921875,0.91510009765625,0.28509521484375,0.4555422365665436,-0.3220467567443848,-0.0226858705282211,74.03636169433594,92.83718872070312,25.72764587402344
32383,0.154205322265625,0.9117584228515624,0.2962799072265625,0.4271305501461029,-0.2462627738714218,-0.0250030867755413,74.08349609375,93.0443115234375,25.52703857421875
32384,0.1543731689453125,0.946533203125,0.3052825927734375,0.3559373319149017,-0.0721309185028076,-0.0276209749281406,74.07664489746094,93.16119384765624,25.08729553222656
32385,0.1543731689453125,0.946533203125,0.3052825927734375,0.3559373319149017,-0.0721309185028076,-0.0276209749281406,74.07664489746094,93.16119384765624,25.08729553222656
32386,0.1471099853515625,0.97808837890625,0.298919677734375,0.3059063851833344,-0.063951551914215,-0.0617565736174583,74.05340576171875,93.30357360839844,24.96328735351562
32387,0.12945556640625,1.003799438476562,0.2822265625,0.2674567401409149,-0.1029247865080833,-0.1225293800234795,74.0133056640625,93.32470703125,24.81094360351562
32388,0.0414886474609375,1.020904541015625,0.369842529296875,0.1268447637557983,-0.0308537855744361,-0.3227365016937256,73.93766784667969,93.62326049804688,24.67506408691406
32389,0.0414886474609375,1.020904541015625,0.369842529296875,0.1268447637557983,-0.0308537855744361,-0.3227365016937256,73.93766784667969,93.62326049804688,24.67506408691406
32390,0.20037841796875,0.975860595703125,0.1922149658203125,0.0874635353684425,-0.1749547719955444,-0.3016040623188019,73.88780212402344,93.7647705078125,24.492431640625
32391,0.4106292724609375,0.8636322021484375,0.0777130126953125,0.1839738339185715,-0.5823140144348145,-0.1266309171915054,73.70538330078125,93.68132019042967,24.56427001953125
32392,0.25909423828125,0.7540283203125,0.4111175537109375,0.5862805247306824,-0.0246089398860931,-0.0144891943782568,73.74191284179688,93.76937866210938,24.40577697753906
32393,0.2850799560546875,0.8072967529296875,0.346099853515625,0.480026513338089,-0.0549351535737514,0.0521790497004985,73.86100769042969,93.91444396972656,24.20529174804688
32394,0.2850799560546875,0.8072967529296875,0.346099853515625,0.480026513338089,-0.0549351535737514,0.0521790497004985,73.86100769042969,93.91444396972656,24.20529174804688
32395,0.210906982421875,0.893310546875,0.3608551025390625,0.480026513338089,-0.0549351535737514,0.0521790497004985,73.96432495117188,94.07272338867188,23.89036560058594
32396,0.1292572021484375,0.928070068359375,0.3375701904296875,0.210869088768959,-0.0601285845041275,-0.0693681538105011,74.03390502929688,94.47486877441406,23.51690673828125
32397,0.162872314453125,0.890716552734375,0.2718963623046875,0.1778917014598846,-0.2035392820835114,-0.0535279400646686,74.0076904296875,94.54591369628906,23.3349609375
32398,0.162872314453125,0.890716552734375,0.2718963623046875,0.1778917014598846,-0.2035392820835114,-0.0535279400646686,74.0076904296875,94.54591369628906,23.3349609375
32399,0.11407470703125,0.878021240234375,0.3035888671875,0.1397594958543777,-0.2514442205429077,-0.062159776687622,74.00028991699219,94.5344696044922,23.19232177734375
32400,-0.1020965576171875,1.314361572265625,0.5214996337890625,-0.1326746940612793,-0.2047121375799179,-0.5494849681854248,73.9810791015625,94.69845581054688,23.04444885253906
32401,-0.1020965576171875,1.314361572265625,0.5214996337890625,-0.1326746940612793,-0.2047121375799179,-0.5494849681854248,73.9810791015625,94.69845581054688,23.04444885253906
32402,0.2005462646484375,1.152023315429688,0.029266357421875,-0.1326746940612793,-0.2047121375799179,-0.5494849681854248,73.8887939453125,94.83561706542967,23.10041809082031
32403,0.0796661376953125,1.17138671875,0.250030517578125,0.0347156375646591,-0.4692412614822388,-0.5277525186538696,73.53787231445312,94.8812255859375,23.11756896972656
32404,0.1112823486328125,0.8756866455078125,0.20819091796875,0.085233137011528,-0.3431909084320068,-0.4930051863193512,73.16802978515625,95.2041015625,23.00846862792969
32405,0.1112823486328125,0.8756866455078125,0.20819091796875,0.085233137011528,-0.3431909084320068,-0.4930051863193512,73.16802978515625,95.2041015625,23.00846862792969
32406,0.212158203125,0.6834564208984375,0.19744873046875,0.1599944680929184,-0.6494621634483337,-0.3726079165935516,73.00543212890625,95.221923828125,22.96278381347656
32407,0.30010986328125,0.4778594970703125,0.167236328125,0.185843899846077,-1.049908638000488,-0.2273239642381668,72.90245056152344,95.28132629394533,22.99732971191406
32408,0.34619140625,0.3052978515625,0.326904296875,-0.0644982978701591,-1.400386214256287,0.0375580266118049,72.96310424804688,95.70957946777344,22.59025573730469
32409,0.34619140625,0.3052978515625,0.326904296875,-0.0644982978701591,-1.400386214256287,0.0375580266118049,72.96310424804688,95.70957946777344,22.59025573730469
32410,0.2711181640625,0.279571533203125,0.3602752685546875,-0.1610988676548004,-1.318589091300964,0.2950287163257599,73.313720703125,95.70664978027344,22.25975036621094
32411,0.2424468994140625,0.2375946044921875,0.393310546875,-0.1482664346694946,-1.164467930793762,0.5318289995193481,73.6119384765625,95.70921325683594,22.11543273925781
32412,0.2089080810546875,0.2791748046875,0.53460693359375,-0.2308579832315445,-0.4032664895057678,0.8024336099624634,74.47409057617188,95.83241271972656,22.29934692382812
32413,0.2089080810546875,0.2791748046875,0.53460693359375,-0.2308579832315445,-0.4032664895057678,0.8024336099624634,74.47409057617188,95.83241271972656,22.29934692382812
32414,0.13311767578125,0.3913726806640625,0.5791778564453125,-1.191117644309998,0.4693437814712524,0.5040210485458374,74.92514038085938,96.03526306152344,22.41117858886719
32415,0.1169586181640625,0.492706298828125,0.8506317138671875,-1.191117644309998,0.4693437814712524,0.5040210485458374,75.46011352539062,96.05900573730467,22.60043334960938
32416,0.097015380859375,0.8708953857421875,0.7329254150390625,-1.989098787307739,1.744077324867249,0.4841504395008087,76.12652587890625,95.46795654296876,23.38145446777344
32417,0.097015380859375,0.8708953857421875,0.7329254150390625,-1.989098787307739,1.744077324867249,0.4841504395008087,76.12652587890625,95.46795654296876,23.38145446777344
32418,0.125396728515625,1.041244506835938,0.70513916015625,-1.989098787307739,1.744077324867249,0.4841504395008087,76.10552978515625,94.82928466796876,24.02171325683594
32419,0.2008209228515625,1.223876953125,0.737152099609375,-2.046016216278076,1.873947978019714,0.6435019969940186,75.99374389648438,94.16937255859376,25.03218078613281
32420,0.2890777587890625,1.58026123046875,0.6403656005859375,-1.741101980209351,2.311887741088867,0.4221046268939972,75.74407958984375,92.59852600097656,27.17161560058594
32421,0.1875457763671875,1.588333129882812,0.39056396484375,-1.741101980209351,2.311887741088867,0.4221046268939972,75.54875183105469,91.9783172607422,28.2706298828125
32422,0.1875457763671875,1.588333129882812,0.39056396484375,-1.741101980209351,2.311887741088867,0.4221046268939972,75.54875183105469,91.9783172607422,28.2706298828125
32423,-0.035491943359375,1.593292236328125,0.0467376708984375,-1.195762753486633,2.239104509353638,0.3779305219650269,75.29336547851562,91.33918762207033,29.46405029296875
32424,-0.0856475830078125,1.432968139648438,-0.387359619140625,-0.2938460111618042,0.832726240158081,0.6193998456001282,74.91697692871094,90.90074157714844,30.536865234375
32425,0.138092041015625,1.169418334960938,-0.35809326171875,-0.0795952230691909,0.4555169343948364,0.5201518535614014,74.45175170898438,90.64637756347656,31.44064331054688
32426,0.15533447265625,1.1107177734375,0.043792724609375,-0.0795952230691909,0.4555169343948364,0.5201518535614014,74.23625183105469,90.57345581054688,32.3125
32427,0.1597137451171875,0.992095947265625,0.24127197265625,-0.0259549021720886,0.2914536893367767,0.5181259512901306,74.09976196289062,90.60606384277344,32.86968994140625
32428,0.2072906494140625,0.85418701171875,0.4728240966796875,-0.2008207142353058,-0.0287861078977584,0.576599657535553,74.1363525390625,90.4528350830078,33.17747497558594
32429,0.2072906494140625,0.85418701171875,0.4728240966796875,-0.2008207142353058,-0.0287861078977584,0.576599657535553,74.1363525390625,90.4528350830078,33.17747497558594
32430,0.262786865234375,0.7835235595703125,0.5499420166015625,-0.3236638307571411,-0.0159273017197847,0.5815651416778564,74.22709655761719,90.32421875,33.277587890625
32431,0.31298828125,0.739715576171875,0.5965576171875,-0.4329085350036621,0.1485577821731567,0.5628108978271484,74.43359375,90.33039855957033,33.68194580078125
32432,0.307952880859375,0.7227020263671875,0.6085968017578125,-0.607903242111206,0.9074289798736572,0.5806266665458679,74.64007568359375,90.2930145263672,34.34053039550781
32433,0.307952880859375,0.7227020263671875,0.6085968017578125,-0.607903242111206,0.9074289798736572,0.5806266665458679,74.64007568359375,90.2930145263672,34.34053039550781
32434,0.28204345703125,0.7325592041015625,0.5799560546875,-0.607903242111206,0.9074289798736572,0.5806266665458679,74.68537902832031,90.04754638671875,34.58805847167969
32435,0.2464447021484375,0.7510528564453125,0.5387115478515625,-0.6741430163383484,1.018913984298706,0.610809326171875,74.63810729980469,89.81991577148438,34.84390258789062
32436,0.1774749755859375,0.821044921875,0.48199462890625,-0.7856053709983826,1.008893847465515,0.6921137571334839,74.48799133300781,89.29771423339844,35.87506103515625
32437,0.1774749755859375,0.821044921875,0.48199462890625,-0.7856053709983826,1.008893847465515,0.6921137571334839,74.48799133300781,89.29771423339844,35.87506103515625
32438,0.15924072265625,0.8490447998046875,0.47113037109375,-0.7976425886154175,0.9690721035003662,0.723112165927887,74.36024475097656,89.00440979003906,36.50471496582031
32439,0.1609039306640625,0.8644256591796875,0.459808349609375,-0.7903500199317932,0.9032102823257446,0.7392301559448242,74.33139038085938,88.65596008300781,37.2784423828125
32440,0.187957763671875,0.8050537109375,0.450836181640625,-0.7482558488845825,0.5424390435218811,0.7616307735443115,74.03800964355469,88.12055969238281,39.20999145507812
32441,0.187957763671875,0.8050537109375,0.450836181640625,-0.7482558488845825,0.5424390435218811,0.7616307735443115,74.03800964355469,88.12055969238281,39.20999145507812
32442,0.187957763671875,0.8050537109375,0.450836181640625,-0.7482558488845825,0.5424390435218811,0.7616307735443115,74.03800964355469,88.12055969238281,39.20999145507812
32443,0.2026519775390625,0.7624359130859375,0.4764251708984375,-0.8178064227104187,0.2781306803226471,0.7268259525299072,73.97544860839844,87.94798278808594,40.01370239257812
32444,0.2167205810546875,0.713897705078125,0.4803009033203125,-0.8178064227104187,0.2781306803226471,0.7268259525299072,74.00192260742188,87.69271850585938,40.81649780273438
32445,0.2392120361328125,0.654541015625,0.491363525390625,-0.8883146643638611,0.0664967373013496,0.6609174609184265,74.16676330566406,87.40408325195312,41.46142578125
32446,0.256072998046875,0.59918212890625,0.4680633544921875,-0.8883146643638611,0.0664967373013496,0.6609174609184265,74.11737060546875,87.02183532714844,41.83364868164062
32447,0.2855072021484375,0.5525970458984375,0.4731903076171875,-0.9812909364700316,-0.0689234063029289,0.6526201367378235,74.17613220214844,86.50541687011719,42.18290710449219
32448,0.320098876953125,0.5135650634765625,0.45526123046875,-1.015038251876831,-0.1121683493256569,0.6584221124649048,74.41757202148438,85.88491821289062,42.59303283691406
32449,0.320098876953125,0.5135650634765625,0.45526123046875,-1.015038251876831,-0.1121683493256569,0.6584221124649048,74.41757202148438,85.88491821289062,42.59303283691406
32450,0.328399658203125,0.5111083984375,0.46533203125,-1.073523163795471,-0.1256005316972733,0.6588734984397888,74.55035400390625,85.42500305175781,42.90521240234375
32451,0.3304901123046875,0.4945526123046875,0.4539794921875,-1.140973567962646,-0.0837593451142311,0.6541301608085632,74.72886657714844,85.00267028808594,43.28678894042969
32452,0.262542724609375,0.5170745849609375,0.3986053466796875,-1.218141317367554,-0.0564203970134258,0.6136788725852966,75.08120727539062,83.84510803222656,43.938720703125
32453,0.262542724609375,0.5170745849609375,0.3986053466796875,-1.218141317367554,-0.0564203970134258,0.6136788725852966,75.08120727539062,83.84510803222656,43.938720703125
32454,0.2295989990234375,0.5401611328125,0.3826141357421875,-1.21771252155304,-0.0569596886634826,0.5763357281684875,75.27937316894531,83.27626037597656,44.21365356445312
32455,0.19671630859375,0.575653076171875,0.359619140625,-1.203114748001099,-0.0399767123162746,0.5413556694984436,75.44731140136719,82.70149230957031,44.71800231933594
32456,0.168365478515625,0.7481231689453125,0.2763824462890625,-1.108285188674927,-0.0833979547023773,0.4738437235355377,75.69271850585938,81.45816040039062,45.26446533203125
32457,0.168365478515625,0.7481231689453125,0.2763824462890625,-1.108285188674927,-0.0833979547023773,0.4738437235355377,75.69271850585938,81.45816040039062,45.26446533203125
32458,0.1647491455078125,0.86224365234375,0.2330169677734375,-1.006132364273071,-0.3203332722187042,0.4812673032283783,75.86769104003906,80.98304748535156,45.3126220703125
32459,0.16351318359375,0.9476776123046876,0.202667236328125,-1.006132364273071,-0.3203332722187042,0.4812673032283783,75.99488830566406,80.49342346191406,45.62615966796875
32460,0.1085052490234375,0.9001007080078125,0.28662109375,-1.267367959022522,-0.6989442110061646,0.5179174542427063,76.36590576171875,79.40055847167969,45.91099548339844
32461,0.1085052490234375,0.9001007080078125,0.28662109375,-1.267367959022522,-0.6989442110061646,0.5179174542427063,76.36590576171875,79.40055847167969,45.91099548339844
32462,0.0444793701171875,0.688262939453125,0.4625244140625,-1.42051887512207,-0.8012341260910034,0.4371291399002075,76.85206604003906,78.26309204101562,46.247314453125
32463,0.0577545166015625,0.5624847412109375,0.56201171875,-1.58144736289978,-0.7634278535842896,0.3606500625610352,77.27548217773438,77.46087646484375,46.1658935546875
32464,0.0952301025390625,0.4507293701171875,0.5988616943359375,-1.735440135002136,-0.697858452796936,0.4254612922668457,77.68220520019531,76.68351745605469,45.90438842773438
32465,0.0952301025390625,0.4507293701171875,0.5988616943359375,-1.735440135002136,-0.697858452796936,0.4254612922668457,77.68220520019531,76.68351745605469,45.90438842773438
32466,0.221649169921875,0.4057464599609375,0.644134521484375,-1.703917860984802,-0.652201771736145,0.510322093963623,78.29615783691406,74.6307373046875,45.36759948730469
32467,0.221649169921875,0.4057464599609375,0.644134521484375,-1.703917860984802,-0.652201771736145,0.510322093963623,78.29615783691406,74.6307373046875,45.36759948730469
32468,0.3562164306640625,0.453521728515625,0.611541748046875,-1.443135261535645,-0.6831647157669067,0.4661461412906647,78.94813537597656,72.372314453125,44.97317504882812
32469,0.3562164306640625,0.453521728515625,0.611541748046875,-1.443135261535645,-0.6831647157669067,0.4661461412906647,78.94813537597656,72.372314453125,44.97317504882812
32470,0.390350341796875,0.4987030029296875,0.6259613037109375,-1.443135261535645,-0.6831647157669067,0.4661461412906647,79.27449035644531,71.31736755371094,44.86569213867188
32471,0.3799896240234375,0.5477142333984375,0.6996917724609375,-1.429980635643005,-0.6144794225692749,0.3677761554718018,79.52691650390625,70.291748046875,44.7880859375
32472,0.340789794921875,0.62738037109375,0.778533935546875,-1.535063862800598,-0.3800855576992035,0.2213805913925171,80.183349609375,68.457763671875,44.50103759765625
32473,0.340789794921875,0.62738037109375,0.778533935546875,-1.535063862800598,-0.3800855576992035,0.2213805913925171,80.183349609375,68.457763671875,44.50103759765625
32474,0.3261260986328125,0.637054443359375,0.7767486572265625,-1.600426435470581,-0.3487582504749298,0.1899251937866211,80.37762451171875,67.52409362792969,44.47172546386719
32475,0.31829833984375,0.6405487060546875,0.7884674072265625,-1.646477818489075,-0.429738849401474,0.206067681312561,80.5765380859375,66.62094116210938,44.49114990234375
32476,0.3828277587890625,0.653564453125,0.8175201416015625,-1.563486456871033,-0.6233327984809875,0.3664549589157104,81.04380798339844,64.794189453125,44.41972351074219
32477,0.426666259765625,0.5678558349609375,0.8303070068359375,-1.418175935745239,-0.6737232804298401,0.4276354908943176,81.29408264160156,63.81791687011719,44.28103637695312
32478,0.4588623046875,0.52984619140625,0.84820556640625,-1.280294179916382,-0.6273134350776672,0.4120378792285919,81.64204406738281,62.84288024902344,44.183349609375
32479,0.4588623046875,0.52984619140625,0.84820556640625,-1.280294179916382,-0.6273134350776672,0.4120378792285919,81.64204406738281,62.84288024902344,44.183349609375
32480,0.4828338623046875,0.446624755859375,0.8303985595703125,-0.9502976536750792,-0.4535792171955109,0.1748799383640289,82.15605163574219,61.21310424804688,43.67762756347656
32481,0.4828338623046875,0.446624755859375,0.8303985595703125,-0.9502976536750792,-0.4535792171955109,0.1748799383640289,82.15605163574219,61.21310424804688,43.67762756347656
32482,0.49835205078125,0.421417236328125,0.8212890625,-0.9502976536750792,-0.4535792171955109,0.1748799383640289,82.38081359863281,60.51641845703125,43.49470520019531
32483,0.4998779296875,0.420257568359375,0.8246612548828125,-0.8899362683296204,-0.4572674334049225,0.0940135791897773,82.57989501953125,59.85450744628906,43.459716796875
32484,0.500885009765625,0.4194183349609375,0.811737060546875,-0.8402084112167358,-0.4618765413761139,0.0138926459476351,83.0924072265625,58.51206970214844,43.22152709960938
32485,0.500885009765625,0.4194183349609375,0.811737060546875,-0.8402084112167358,-0.4618765413761139,0.0138926459476351,83.0924072265625,58.51206970214844,43.22152709960938
32486,0.48956298828125,0.4020843505859375,0.8075103759765625,-0.8998363018035889,-0.5012194514274597,0.1225845068693161,83.48277282714844,57.79627990722656,42.98345947265625
32487,0.48956298828125,0.4020843505859375,0.8075103759765625,-0.8998363018035889,-0.5012194514274597,0.1225845068693161,83.48277282714844,57.79627990722656,42.98345947265625
32488,0.4868621826171875,0.368743896484375,0.85394287109375,-1.011263489723206,-0.4843032956123352,0.2494593560695648,83.78765869140625,56.92303466796875,42.54092407226562
32489,0.4868621826171875,0.368743896484375,0.85394287109375,-1.011263489723206,-0.4843032956123352,0.2494593560695648,83.78765869140625,56.92303466796875,42.54092407226562
32490,0.5053558349609375,0.3471221923828125,0.8666839599609375,-1.06656801700592,-0.4849317967891693,0.2746667265892029,83.97132873535156,56.34031677246094,42.49537658691406
32491,0.52227783203125,0.344085693359375,0.893035888671875,-1.125657200813293,-0.4866554141044617,0.2880075573921204,84.17066955566406,55.80426025390625,42.31599426269531
32492,0.5724945068359375,0.3132171630859375,0.931793212890625,-1.177945137023926,-0.4990827739238739,0.3055804073810577,84.49952697753906,54.65565490722656,42.01454162597656
32493,0.595306396484375,0.317169189453125,0.9404144287109376,-1.189374923706055,-0.5323565602302551,0.2953900992870331,84.68231201171875,54.06332397460938,42.03521728515625
32494,0.595306396484375,0.317169189453125,0.9404144287109376,-1.189374923706055,-0.5323565602302551,0.2953900992870331,84.68231201171875,54.06332397460938,42.03521728515625
32495,0.6147003173828125,0.316070556640625,0.957489013671875,-1.194025874137878,-0.4665067195892334,0.2762435674667358,84.96914672851562,53.3690185546875,41.91831970214844
32496,0.57183837890625,0.2979583740234375,0.920135498046875,-1.266186833381653,-0.4164414405822754,0.2607255876064301,85.24354553222656,52.25511169433594,41.21072387695312
32497,0.57183837890625,0.2979583740234375,0.920135498046875,-1.266186833381653,-0.4164414405822754,0.2607255876064301,85.24354553222656,52.25511169433594,41.21072387695312
32498,0.5508880615234375,0.3077239990234375,0.9154815673828124,-1.281906485557556,-0.4052172601222992,0.2545603811740875,85.44664001464844,51.68661499023438,41.06295776367188
32499,0.539337158203125,0.3140106201171875,0.9208526611328124,-1.292800903320312,-0.3843612670898438,0.2347888052463531,85.6058349609375,51.06446838378906,40.86529541015625
32500,0.575836181640625,0.3372650146484375,0.96942138671875,-1.238614320755005,-0.2908017337322235,0.2453391849994659,86.00148010253906,49.85758972167969,40.27467346191406
32501,0.575836181640625,0.3372650146484375,0.96942138671875,-1.238614320755005,-0.2908017337322235,0.2453391849994659,86.00148010253906,49.85758972167969,40.27467346191406
32502,0.6058502197265625,0.3218994140625,0.9870147705078124,-1.187590837478638,-0.24699966609478,0.2586701810359955,86.08918762207031,49.18304443359375,40.11210632324219
32503,0.631561279296875,0.312744140625,0.992340087890625,-1.108542442321777,-0.2242426872253418,0.2829358279705048,86.15882873535156,48.73518371582031,39.99566650390625
32504,0.683624267578125,0.29388427734375,0.9815216064453124,-0.8670671582221985,-0.2527742087841034,0.2473256438970566,86.20249938964844,47.46955871582031,39.58065795898438
32505,0.683624267578125,0.29388427734375,0.9815216064453124,-0.8670671582221985,-0.2527742087841034,0.2473256438970566,86.20249938964844,47.46955871582031,39.58065795898438
32506,0.6890106201171875,0.283233642578125,0.9767303466796876,-0.7512942552566528,-0.2623469233512878,0.2159666568040848,86.24797058105469,47.13990783691406,39.52583312988281
32507,0.68194580078125,0.2639617919921875,0.9620513916015624,-0.6610181331634521,-0.2578472495079041,0.1919012665748596,86.47586059570312,46.792724609375,39.41886901855469
32508,0.6514892578125,0.2363128662109375,0.95159912109375,-0.5553205013275146,-0.220095083117485,0.1896223872900009,86.5748291015625,46.25004577636719,39.06578063964844
32509,0.6514892578125,0.2363128662109375,0.95159912109375,-0.5553205013275146,-0.220095083117485,0.1896223872900009,86.5748291015625,46.25004577636719,39.06578063964844
32510,0.643096923828125,0.22467041015625,0.95751953125,-0.5201374888420105,-0.194694384932518,0.2040759027004242,86.69708251953125,45.91276550292969,38.97137451171875
32511,0.6511993408203125,0.2116851806640625,0.95697021484375,-0.4926823973655701,-0.167144775390625,0.2227838039398193,86.78115844726562,45.78144836425781,38.99351501464844
32512,0.6697998046875,0.179046630859375,0.956573486328125,-0.4142046272754669,-0.1205226853489876,0.264273464679718,86.7967529296875,45.40023803710938,38.80857849121094
32513,0.6697998046875,0.179046630859375,0.956573486328125,-0.4142046272754669,-0.1205226853489876,0.264273464679718,86.7967529296875,45.40023803710938,38.80857849121094
32514,0.687225341796875,0.1708526611328125,0.9431915283203124,-0.3648677170276642,-0.1167098358273506,0.2609407901763916,86.91207885742188,45.07656860351562,38.84300231933594
32515,0.68597412109375,0.180145263671875,0.9402618408203124,-0.3281214237213135,-0.1164616346359253,0.2489536255598068,86.86061096191406,44.88186645507812,38.78921508789062
32516,0.6760406494140625,0.1670989990234375,0.942169189453125,-0.2702282965183258,-0.0991279184818267,0.2173775881528854,86.88858032226562,44.67776489257812,38.63188171386719
32517,0.6760406494140625,0.1670989990234375,0.942169189453125,-0.2702282965183258,-0.0991279184818267,0.2173775881528854,86.88858032226562,44.67776489257812,38.63188171386719
32518,0.6764373779296875,0.1636962890625,0.9404449462890624,-0.2427111715078354,-0.0950969532132148,0.2087042033672333,86.90553283691406,44.47476196289062,38.66777038574219
32519,0.6791839599609375,0.175628662109375,0.9389190673828124,-0.2148526459932327,-0.0822354853153228,0.1913598477840424,86.93072509765625,44.376708984375,38.612060546875
32520,0.6616668701171875,0.1786041259765625,0.933319091796875,-0.1618964970111847,-0.0728214755654335,0.1326105147600174,86.78022766113281,44.036865234375,38.55216979980469
32521,0.6616668701171875,0.1786041259765625,0.933319091796875,-0.1618964970111847,-0.0728214755654335,0.1326105147600174,86.78022766113281,44.036865234375,38.55216979980469
32522,0.6472625732421875,0.161590576171875,0.9207000732421876,-0.1310751885175705,-0.0722904428839683,0.1010152995586395,86.84999084472656,44.06838989257812,38.47909545898438
32523,0.6347198486328125,0.1434478759765625,0.9047393798828124,-0.1126008480787277,-0.0642849802970886,0.0773166269063949,86.8697509765625,43.95928955078125,38.43672180175781
32524,0.626678466796875,0.1396484375,0.8896331787109375,-0.1104354336857796,-0.0554363615810871,0.0650615543127059,86.90744018554688,43.98471069335938,38.48893737792969
32525,0.6229095458984375,0.1419677734375,0.889678955078125,-0.1155569553375244,-0.045832734555006,0.0596468187868595,86.88125610351562,43.92076110839844,38.520263671875
32526,0.6107177734375,0.134307861328125,0.8932647705078125,-0.1382044702768326,-0.0245391651988029,0.0590286999940872,86.90995788574219,43.74954223632812,38.726806640625
32527,0.5980377197265625,0.12811279296875,0.8879241943359375,-0.1382044702768326,-0.0245391651988029,0.0590286999940872,86.94734191894531,43.72003173828125,38.88531494140625
32528,0.589599609375,0.12237548828125,0.884063720703125,-0.1423036158084869,0.0077231670729815,0.0628135800361633,86.9619140625,43.63441467285156,38.49215698242188
32529,0.589599609375,0.12237548828125,0.884063720703125,-0.1423036158084869,0.0077231670729815,0.0628135800361633,86.9619140625,43.63441467285156,38.49215698242188
32530,0.5898284912109375,0.124298095703125,0.8867950439453125,-0.1238993108272552,0.0191286876797676,0.0618271492421627,86.96745300292969,43.61734008789062,38.3138427734375
32531,0.59588623046875,0.121429443359375,0.8828887939453125,-0.1047967225313187,0.0369622781872749,0.0651851296424865,86.92568969726562,43.54457092285156,38.27409362792969
32532,0.6101226806640625,0.1093902587890625,0.871734619140625,-0.0682917088270187,0.0459959879517555,0.0603557527065277,86.87544250488281,43.47956848144531,38.37908935546875
32533,0.6101226806640625,0.1093902587890625,0.871734619140625,-0.0682917088270187,0.0459959879517555,0.0603557527065277,86.87544250488281,43.47956848144531,38.37908935546875
32534,0.61041259765625,0.1094512939453125,0.86346435546875,-0.0589709095656871,0.043422307819128,0.0587746314704418,86.86810302734375,43.47001647949219,38.37979125976562
32535,0.6089324951171875,0.1082305908203125,0.8681488037109375,-0.0476692505180835,0.0390113145112991,0.0601642690598964,86.93360900878906,43.38763427734375,38.34791564941406
32536,0.6022491455078125,0.0998992919921875,0.8631439208984375,-0.0346948616206646,0.0351832881569862,0.0518237836658954,86.792724609375,43.36787414550781,38.28155517578125
32537,0.6022491455078125,0.0998992919921875,0.8631439208984375,-0.0346948616206646,0.0351832881569862,0.0518237836658954,86.792724609375,43.36787414550781,38.28155517578125
32538,0.5835113525390625,0.0872802734375,0.86395263671875,-0.0452071577310562,0.0330439694225788,0.0547974668443203,86.79057312011719,43.378173828125,38.30174255371094
32539,0.5700531005859375,0.0729827880859375,0.8611297607421875,-0.0842850506305694,0.0354890190064907,0.0717865750193595,86.75798034667969,43.41050720214844,38.29856872558594
32540,0.56182861328125,0.067657470703125,0.857635498046875,-0.0842850506305694,0.0354890190064907,0.0717865750193595,86.79037475585938,43.21159362792969,38.30314636230469
32541,0.56182861328125,0.067657470703125,0.857635498046875,-0.0842850506305694,0.0354890190064907,0.0717865750193595,86.79037475585938,43.21159362792969,38.30314636230469
32542,0.5639495849609375,0.076934814453125,0.851959228515625,-0.1062944829463959,0.0326615385711193,0.085120752453804,86.84791564941406,42.90492248535156,38.51512145996094
32543,0.566986083984375,0.08282470703125,0.850921630859375,-0.10882368683815,0.0336495712399482,0.0768851935863494,86.75291442871094,42.88929748535156,38.56112670898438
32544,0.5565643310546875,0.0810699462890625,0.8443145751953125,-0.1098529994487762,0.0363164618611335,0.0692192837595939,86.68931579589844,42.79641723632812,38.68263244628906
32545,0.5565643310546875,0.0810699462890625,0.8443145751953125,-0.1098529994487762,0.0363164618611335,0.0692192837595939,86.68931579589844,42.79641723632812,38.68263244628906
32546,0.5588531494140625,0.08575439453125,0.8373870849609375,-0.1183535382151604,0.0340181551873683,0.0616732165217399,86.63858032226562,42.66600036621094,38.56866455078125
32547,0.55712890625,0.0951385498046875,0.839813232421875,-0.1071701273322105,0.0341909937560558,0.0377694815397262,86.56985473632812,42.56193542480469,38.38540649414062
32548,0.5393524169921875,0.099761962890625,0.840179443359375,-0.0902654454112052,0.0496778078377246,0.0317853614687919,86.59271240234375,42.49530029296875,38.1944580078125
32549,0.5329132080078125,0.107025146484375,0.845947265625,-0.0902654454112052,0.0496778078377246,0.0317853614687919,86.5679931640625,42.39651489257812,38.17031860351562
32550,0.5329132080078125,0.107025146484375,0.845947265625,-0.0902654454112052,0.0496778078377246,0.0317853614687919,86.5679931640625,42.39651489257812,38.17031860351562
32551,0.5244140625,0.1051788330078125,0.84588623046875,-0.0803289264440536,0.0557825714349746,0.0344346724450588,86.52691650390625,42.29231262207031,38.21380615234375
32552,0.526458740234375,0.0966644287109375,0.849029541015625,-0.0391833558678627,0.0534536391496658,0.0428252294659614,86.57945251464844,42.34507751464844,38.17521667480469
32553,0.526458740234375,0.0966644287109375,0.849029541015625,-0.0391833558678627,0.0534536391496658,0.0428252294659614,86.57945251464844,42.34507751464844,38.17521667480469
32554,0.5253143310546875,0.0909881591796875,0.8435516357421875,-0.0391833558678627,0.0534536391496658,0.0428252294659614,86.57476806640625,42.30647277832031,38.14381408691406
32555,0.5289764404296875,0.078216552734375,0.83856201171875,-0.0186341386288404,0.0547561906278133,0.0390975996851921,86.52558898925781,42.29306030273438,38.16563415527344
32556,0.53564453125,0.0757904052734375,0.82562255859375,-0.0012239888310432,0.0647100210189819,0.0173651408404111,86.510986328125,42.33180236816406,38.20443725585938
32557,0.53564453125,0.0757904052734375,0.82562255859375,-0.0012239888310432,0.0647100210189819,0.0173651408404111,86.510986328125,42.33180236816406,38.20443725585938
32558,0.527984619140625,0.073455810546875,0.81597900390625,-0.0066941217519342,0.0546488650143146,0.0072637717239558,86.44906616210938,42.36204528808594,38.30641174316406
32559,0.51885986328125,0.0626983642578125,0.813934326171875,-0.0297051649540662,0.0516139268875122,0.01020416803658,86.52922058105469,42.28581237792969,38.45887756347656
32560,0.5324554443359375,0.0792999267578125,0.829315185546875,-0.0949323698878288,0.0513369552791118,0.0282116644084453,86.41548156738281,42.26419067382812,38.44996643066406
32561,0.5324554443359375,0.0792999267578125,0.829315185546875,-0.0949323698878288,0.0513369552791118,0.0282116644084453,86.41548156738281,42.26419067382812,38.44996643066406
32562,0.556793212890625,0.0841217041015625,0.8401641845703125,-0.1187410280108452,0.0380653589963913,0.0217375196516513,86.34483337402344,42.1461181640625,38.4869384765625
32563,0.577972412109375,0.0912933349609375,0.862762451171875,-0.132008895277977,0.0303720198571682,0.0072781527414917,86.27912902832031,42.08953857421875,38.43708801269531
32564,0.5565948486328125,0.0890655517578125,0.898040771484375,-0.1139622554183006,0.0231812186539173,-0.0507649108767509,86.23832702636719,42.11231994628906,38.44517517089844
32565,0.5565948486328125,0.0890655517578125,0.898040771484375,-0.1139622554183006,0.0231812186539173,-0.0507649108767509,86.23832702636719,42.11231994628906,38.44517517089844
32566,0.5515594482421875,0.0837249755859375,0.9067535400390624,-0.1139622554183006,0.0231812186539173,-0.0507649108767509,86.15791320800781,42.0330810546875,38.35813903808594
32567,0.55657958984375,0.0782928466796875,0.9157257080078124,-0.103443831205368,0.0304686930030584,-0.0588148459792137,86.18850708007812,41.97412109375,38.46363830566406
32568,0.5852813720703125,0.0759429931640625,0.9252471923828124,-0.0905610620975494,0.0411205403506755,-0.0740364119410514,86.21405029296875,41.77987670898438,38.4521484375
32569,0.5852813720703125,0.0759429931640625,0.9252471923828124,-0.0905610620975494,0.0411205403506755,-0.0740364119410514,86.21405029296875,41.77987670898438,38.4521484375
32570,0.591217041015625,0.0678558349609375,0.9239654541015624,-0.0973649024963378,0.0368954353034496,-0.0780386105179786,86.25877380371094,41.69465637207031,38.34611511230469
32571,0.58709716796875,0.05255126953125,0.9277801513671876,-0.1343250572681427,0.0436417534947395,-0.0743344202637672,86.2352294921875,41.84298706054688,38.45855712890625
32572,0.589630126953125,0.0507049560546875,0.9528045654296876,-0.2242216467857361,0.0568315908312797,-0.0321254469454288,86.18318176269531,41.77011108398438,38.45639038085938
32573,0.594512939453125,0.059234619140625,0.97015380859375,-0.2479925006628036,0.0602172687649726,-0.0157656464725732,86.20207214355469,41.7548828125,38.45437622070312
32574,0.594512939453125,0.059234619140625,0.97015380859375,-0.2479925006628036,0.0602172687649726,-0.0157656464725732,86.20207214355469,41.7548828125,38.45437622070312
32575,0.606048583984375,0.063446044921875,0.979888916015625,-0.2411433756351471,0.0570417158305645,-0.0146796097978949,86.20327758789062,41.5150146484375,38.41102600097656
32576,0.6167755126953125,0.0553741455078125,0.9675445556640624,-0.1965106576681137,0.0571042969822883,-0.0240608621388673,86.10508728027344,41.34147644042969,38.20878601074219
32577,0.6167755126953125,0.0553741455078125,0.9675445556640624,-0.1965106576681137,0.0571042969822883,-0.0240608621388673,86.10508728027344,41.34147644042969,38.20878601074219
32578,0.6268463134765625,0.056243896484375,0.9562835693359376,-0.1965106576681137,0.0571042969822883,-0.0240608621388673,86.10618591308594,41.22125244140625,38.13568115234375
32579,0.62677001953125,0.0547027587890625,0.9584808349609376,-0.2030396610498428,0.045600775629282,-0.0254832562059164,86.05940246582031,41.09040832519531,38.21070861816406
32580,0.6443328857421875,0.0430450439453125,0.9492340087890624,-0.2440925538539886,0.0079990709200501,-0.0280081983655691,86.12635803222656,40.91323852539062,38.087646484375
32581,0.6443328857421875,0.0430450439453125,0.9492340087890624,-0.2440925538539886,0.0079990709200501,-0.0280081983655691,86.12635803222656,40.91323852539062,38.087646484375
32582,0.6277923583984375,0.033111572265625,0.9506072998046876,-0.2811027765274048,0.0016772588714957,-0.0212645418941974,86.17022705078125,40.76457214355469,37.95707702636719
32583,0.6081390380859375,0.0262298583984375,0.9537200927734376,-0.3161156177520752,0.0037912761326879,-0.0121352262794971,86.21858215332031,40.68731689453125,37.90060424804688
32584,0.6029815673828125,0.0189361572265625,0.9746246337890624,-0.3788818120956421,0.0179012361913919,0.0230728294700384,86.15550231933594,40.47613525390625,37.74102783203125
32585,0.6029815673828125,0.0189361572265625,0.9746246337890624,-0.3788818120956421,0.0179012361913919,0.0230728294700384,86.15550231933594,40.47613525390625,37.74102783203125
32586,0.6330718994140625,0.0301971435546875,0.9842071533203124,-0.3788818120956421,0.0179012361913919,0.0230728294700384,86.2288818359375,40.20574951171875,37.70742797851562
32587,0.6694793701171875,0.046844482421875,0.991119384765625,-0.3715463876724243,-0.0053207296878099,0.0174184050410985,86.22538757324219,40.09321594238281,37.61058044433594
32588,0.6664276123046875,0.08489990234375,0.9968109130859376,-0.3730513453483582,-0.0857889428734779,-0.0386347435414791,86.14810180664062,39.6873779296875,37.36308288574219
32589,0.6488189697265625,0.09320068359375,1.01409912109375,-0.3730513453483582,-0.0857889428734779,-0.0386347435414791,86.18971252441406,39.50361633300781,37.33248901367188
32590,0.646484375,0.1089324951171875,1.035690307617188,-0.3583871722221375,-0.093457244336605,-0.0581487901508808,86.10507202148438,39.26492309570312,37.461669921875
32591,0.645721435546875,0.1291961669921875,1.05401611328125,-0.3278396427631378,-0.0832735821604728,-0.0836648046970367,86.18803405761719,39.09117126464844,37.34719848632812
32592,0.651824951171875,0.1454620361328125,1.073928833007812,-0.1559517830610275,-0.0509912781417369,-0.161747619509697,86.19514465332031,39.07342529296875,37.06559753417969
32593,0.651824951171875,0.1454620361328125,1.073928833007812,-0.1559517830610275,-0.0509912781417369,-0.161747619509697,86.19514465332031,39.07342529296875,37.06559753417969
32594,0.6892547607421875,0.185943603515625,1.077606201171875,-0.0390259623527526,-0.0460681580007076,-0.2196386158466339,86.35408020019531,38.77261352539062,36.8018798828125
32595,0.6892547607421875,0.185943603515625,1.077606201171875,-0.0390259623527526,-0.0460681580007076,-0.2196386158466339,86.35408020019531,38.77261352539062,36.8018798828125
32596,0.6866607666015625,0.194671630859375,1.063201904296875,0.2053398340940475,-0.0214126147329807,-0.3351340591907501,86.439697265625,38.63838195800781,36.63029479980469
32597,0.6866607666015625,0.194671630859375,1.063201904296875,0.2053398340940475,-0.0214126147329807,-0.3351340591907501,86.439697265625,38.63838195800781,36.63029479980469
32598,0.668792724609375,0.193145751953125,1.052993774414062,0.3129198253154755,0.0037721013650298,-0.3812365531921387,86.50045776367188,38.68240356445312,36.49713134765625
32599,0.6422271728515625,0.173126220703125,1.02117919921875,0.4961080253124237,0.0353918112814426,-0.4481498301029205,86.57513427734375,38.96592712402344,36.65199279785156
32600,0.635406494140625,0.1668243408203125,1.018707275390625,0.6836898922920227,0.0609802640974521,-0.4767886698246002,86.5531005859375,39.22161865234375,36.72711181640625
32601,0.635406494140625,0.1668243408203125,1.018707275390625,0.6836898922920227,0.0609802640974521,-0.4767886698246002,86.5531005859375,39.22161865234375,36.72711181640625
32602,0.6261138916015625,0.1544189453125,0.9919281005859376,0.7609196901321411,0.0779693648219108,-0.4709115922451019,86.60427856445312,39.86639404296875,37.01983642578125
32603,0.6363067626953125,0.1598358154296875,0.984649658203125,0.8176245093345642,0.1196787282824516,-0.4661629199981689,86.60978698730469,40.18423461914062,37.18971252441406
32604,0.6412811279296875,0.162506103515625,0.959991455078125,0.8756816983222961,0.1441462486982346,-0.4704466164112091,86.63967895507812,40.64457702636719,37.216064453125
32605,0.6412811279296875,0.162506103515625,0.959991455078125,0.8756816983222961,0.1441462486982346,-0.4704466164112091,86.63967895507812,40.64457702636719,37.216064453125
32606,0.6268768310546875,0.177581787109375,0.943756103515625,0.9452077746391296,0.2258544415235519,-0.4943258464336395,86.63780212402344,41.43174743652344,37.52206420898438
32607,0.6268768310546875,0.177581787109375,0.943756103515625,0.9452077746391296,0.2258544415235519,-0.4943258464336395,86.63780212402344,41.43174743652344,37.52206420898438
32608,0.60980224609375,0.1985321044921875,0.9300994873046876,0.9486325979232788,0.3883661031723022,-0.5636050701141357,86.67881774902344,42.09230041503906,37.8721923828125
32609,0.60980224609375,0.1985321044921875,0.9300994873046876,0.9486325979232788,0.3883661031723022,-0.5636050701141357,86.67881774902344,42.09230041503906,37.8721923828125
32610,0.597900390625,0.2369537353515625,0.9136810302734376,0.9486325979232788,0.3883661031723022,-0.5636050701141357,86.55671691894531,42.59278869628906,38.09757995605469
32611,0.5892791748046875,0.2689666748046875,0.9113616943359376,0.984472930431366,0.4380612373352051,-0.5989425182342529,86.43603515625,43.00877380371094,38.28221130371094
32612,0.53460693359375,0.3302001953125,0.85687255859375,1.142845988273621,0.5772859454154968,-0.7287388443946838,86.07017517089844,44.55937194824219,38.86245727539062
32613,0.53460693359375,0.3302001953125,0.85687255859375,1.142845988273621,0.5772859454154968,-0.7287388443946838,86.07017517089844,44.55937194824219,38.86245727539062
32614,0.53460693359375,0.3302001953125,0.85687255859375,1.142845988273621,0.5772859454154968,-0.7287388443946838,86.07017517089844,44.55937194824219,38.86245727539062
32615,0.515655517578125,0.3376312255859375,0.8257598876953125,1.206367969512939,0.6115488409996033,-0.7652228474617004,85.935302734375,45.08309936523438,39.1436767578125
32616,0.484710693359375,0.357666015625,0.7641143798828125,1.324901103973389,0.6129035949707031,-0.8223481774330139,85.60624694824219,46.46043395996094,39.54360961914062
32617,0.484710693359375,0.357666015625,0.7641143798828125,1.324901103973389,0.6129035949707031,-0.8223481774330139,85.60624694824219,46.46043395996094,39.54360961914062
32618,0.4730987548828125,0.371551513671875,0.7382049560546875,1.3621666431427,0.6131712794303894,-0.8452146053314209,85.44032287597656,47.14643859863281,39.76516723632812
32619,0.46148681640625,0.3796234130859375,0.7137298583984375,1.411524415016174,0.6191607117652893,-0.8668439984321594,85.21087646484375,47.90406799316406,39.95159912109375
32620,0.4414215087890625,0.380157470703125,0.658660888671875,1.582194089889526,0.4577398598194122,-0.9718284606933594,84.8524169921875,49.35394287109375,40.42668151855469
32621,0.4414215087890625,0.380157470703125,0.658660888671875,1.582194089889526,0.4577398598194122,-0.9718284606933594,84.8524169921875,49.35394287109375,40.42668151855469
32622,0.440338134765625,0.3843994140625,0.64434814453125,1.582194089889526,0.4577398598194122,-0.9718284606933594,84.69627380371094,50.21250915527344,40.62919616699219
32623,0.439727783203125,0.38751220703125,0.63836669921875,1.608196377754211,0.4028896689414978,-1.002201318740845,84.56367492675781,51.0230712890625,41.00920104980469
32624,0.4370269775390625,0.396240234375,0.6413726806640625,1.636637330055237,0.376875638961792,-1.046667575836182,84.353759765625,51.86683654785156,41.31631469726562
32625,0.4370269775390625,0.396240234375,0.6413726806640625,1.636637330055237,0.376875638961792,-1.046667575836182,84.353759765625,51.86683654785156,41.31631469726562
32626,0.423553466796875,0.4425048828125,0.5802764892578125,1.712067365646362,0.2455586344003677,-1.172711491584778,83.93284606933594,55.12666320800781,41.70964050292969
32627,0.423553466796875,0.4425048828125,0.5802764892578125,1.712067365646362,0.2455586344003677,-1.172711491584778,83.93284606933594,55.12666320800781,41.70964050292969
32628,0.4110565185546875,0.4755401611328125,0.53240966796875,1.777817726135254,0.0504152365028858,-1.256778240203857,83.77908325195312,57.184814453125,41.84303283691406
32629,0.40191650390625,0.4857940673828125,0.5216522216796875,1.781769752502441,-0.0097908452153205,-1.289110064506531,83.58396911621094,58.39427185058594,41.80079650878906
32630,0.396514892578125,0.507781982421875,0.5060882568359375,1.7641441822052,-0.0592452138662338,-1.29753577709198,83.5213623046875,59.53608703613281,41.66934204101562
32631,0.396514892578125,0.507781982421875,0.5060882568359375,1.7641441822052,-0.0592452138662338,-1.29753577709198,83.5213623046875,59.53608703613281,41.66934204101562
32632,0.392120361328125,0.54742431640625,0.48272705078125,1.735645413398743,-0.1689812988042831,-1.251222372055054,83.42901611328125,61.8214111328125,41.57180786132812
32633,0.392120361328125,0.54742431640625,0.48272705078125,1.735645413398743,-0.1689812988042831,-1.251222372055054,83.42901611328125,61.8214111328125,41.57180786132812
32634,0.3775482177734375,0.5570068359375,0.4698638916015625,1.736150860786438,-0.2024777382612228,-1.221887350082397,83.16970825195312,64.10466003417969,41.35285949707031
32635,0.3775482177734375,0.5570068359375,0.4698638916015625,1.736150860786438,-0.2024777382612228,-1.221887350082397,83.16970825195312,64.10466003417969,41.35285949707031
32636,0.3349761962890625,0.5463714599609375,0.4757843017578125,1.693284630775452,-0.4106413125991821,-1.169472336769104,82.99147033691406,66.46212768554688,40.93287658691406
32637,0.3349761962890625,0.5463714599609375,0.4757843017578125,1.693284630775452,-0.4106413125991821,-1.169472336769104,82.99147033691406,66.46212768554688,40.93287658691406
32638,0.30902099609375,0.543060302734375,0.5063629150390625,1.693284630775452,-0.4106413125991821,-1.169472336769104,82.92402648925781,67.55532836914062,40.69599914550781
32639,0.2869110107421875,0.5417327880859375,0.526580810546875,1.584791541099548,-0.4061571061611176,-1.207942008972168,82.90333557128906,68.71415710449219,40.48092651367188
32640,0.26220703125,0.5494842529296875,0.550262451171875,1.498998284339905,-0.3537514209747314,-1.239404320716858,82.83280944824219,69.71415710449219,40.26708984375
32641,0.26220703125,0.5494842529296875,0.550262451171875,1.498998284339905,-0.3537514209747314,-1.239404320716858,82.83280944824219,69.71415710449219,40.26708984375
32642,0.21490478515625,0.591400146484375,0.5826263427734375,1.413450956344604,-0.2889447212219238,-1.260640025138855,82.71929931640625,72.68994140625,39.73365783691406
32643,0.20361328125,0.6079254150390625,0.5906524658203125,1.350640773773193,-0.211843803524971,-1.262753486633301,82.66224670410156,73.53585815429688,39.59292602539062
32644,0.1893157958984375,0.6143951416015625,0.595062255859375,1.319258570671082,-0.0993212610483169,-1.271027207374573,82.46331787109375,74.36735534667969,39.53482055664062
32645,0.1761627197265625,0.61724853515625,0.575469970703125,1.392735242843628,0.2127708494663239,-1.256288409233093,81.95130920410156,76.31634521484375,38.61932373046875
32646,0.165374755859375,0.6146697998046875,0.5584259033203125,1.463342070579529,0.375823438167572,-1.239992022514343,81.75584411621094,77.21377563476562,38.3221435546875
32647,0.155181884765625,0.6029052734375,0.546356201171875,1.529179930686951,0.5378080606460571,-1.218484878540039,81.35661315917969,78.02021789550781,37.99943542480469
32648,0.111785888671875,0.579498291015625,0.4930572509765625,1.492286562919617,0.6954821348190308,-1.134634733200073,80.33827209472656,79.78526306152344,37.39886474609375
32649,0.111785888671875,0.579498291015625,0.4930572509765625,1.492286562919617,0.6954821348190308,-1.134634733200073,80.33827209472656,79.78526306152344,37.39886474609375
32650,0.111785888671875,0.579498291015625,0.4930572509765625,1.492286562919617,0.6954821348190308,-1.134634733200073,80.33827209472656,79.78526306152344,37.39886474609375
32651,0.0918731689453125,0.5731048583984375,0.4466705322265625,1.40108323097229,0.5932052731513977,-1.016773343086243,79.81986999511719,80.72587585449219,37.166748046875
32652,0.0682220458984375,0.565185546875,0.423309326171875,1.204733610153198,0.3414763808250427,-0.708164632320404,79.05497741699219,81.99131774902344,36.58915710449219
32653,0.0682220458984375,0.565185546875,0.423309326171875,1.204733610153198,0.3414763808250427,-0.708164632320404,79.05497741699219,81.99131774902344,36.58915710449219
32654,0.059326171875,0.5962982177734375,0.439208984375,1.00706684589386,0.160420835018158,-0.3546814024448395,78.54466247558594,82.97102355957031,35.97306823730469
32655,0.059326171875,0.5962982177734375,0.439208984375,1.00706684589386,0.160420835018158,-0.3546814024448395,78.54466247558594,82.97102355957031,35.97306823730469
32656,0.0605621337890625,0.6660003662109375,0.48834228515625,0.7767847180366516,0.2334822565317154,-0.1233160719275475,78.16416931152344,83.80537414550781,35.09628295898438
32657,0.0605621337890625,0.6660003662109375,0.48834228515625,0.7767847180366516,0.2334822565317154,-0.1233160719275475,78.16416931152344,83.80537414550781,35.09628295898438
32658,0.06494140625,0.720947265625,0.5040740966796875,0.6718207001686096,0.3313768804073334,-0.0770119577646255,78.056884765625,84.05442810058594,34.79052734375
32659,0.05810546875,0.782196044921875,0.5113067626953125,0.5885828137397766,0.4443950355052948,-0.0790870934724807,77.83638000488281,84.30770874023438,34.573974609375
32660,0.0328826904296875,0.905059814453125,0.4940338134765625,0.5473464727401733,0.6616197824478149,-0.1078439056873322,77.60879516601562,84.64395141601562,34.15292358398438
32661,0.0328826904296875,0.905059814453125,0.4940338134765625,0.5473464727401733,0.6616197824478149,-0.1078439056873322,77.60879516601562,84.64395141601562,34.15292358398438
32662,0.024169921875,0.944580078125,0.4769744873046875,0.5826714038848877,0.6987897753715515,-0.1219767704606056,77.37986755371094,84.81405639648438,34.04350280761719
32663,0.01531982421875,0.9647064208984376,0.452056884765625,0.638685405254364,0.6872963309288025,-0.129354789853096,77.1903076171875,84.87841796875,34.00177001953125
32664,0.0348052978515625,0.9977264404296876,0.376373291015625,0.8383417725563049,0.5716986656188965,-0.1554867923259735,76.67521667480469,85.33256530761719,33.59536743164062
32665,0.0348052978515625,0.9977264404296876,0.376373291015625,0.8383417725563049,0.5716986656188965,-0.1554867923259735,76.67521667480469,85.33256530761719,33.59536743164062
32666,0.0207672119140625,1.025009155273438,0.3438720703125,0.9312400221824646,0.4981381595134735,-0.1288927346467972,76.44314575195312,85.42961120605469,33.2783203125
32667,0.007598876953125,1.009796142578125,0.322509765625,1.000714421272278,0.4153007864952087,-0.0811656937003135,76.24984741210938,85.55905151367188,32.9791259765625
32668,0.0177459716796875,0.95196533203125,0.276275634765625,1.09035587310791,0.2800106108188629,0.0310865473002195,75.94621276855469,86.05776977539062,32.37873840332031
32669,0.0177459716796875,0.95196533203125,0.276275634765625,1.09035587310791,0.2800106108188629,0.0310865473002195,75.94621276855469,86.05776977539062,32.37873840332031
32670,0.016754150390625,0.9264678955078124,0.2225341796875,1.12278950214386,0.1422159969806671,0.001088966615498,75.89028930664062,86.53750610351562,32.06022644042969
32671,0.011810302734375,0.9053802490234376,0.2077178955078125,1.164211750030518,-0.0174074862152338,-0.0637504830956459,75.90591430664062,86.86868286132812,31.66812133789062
32672,0.00457763671875,0.875396728515625,0.1873779296875,1.266079068183899,-0.3164543807506561,-0.1718287467956543,75.90824890136719,87.79183959960938,30.89710998535156
32673,0.00457763671875,0.875396728515625,0.1873779296875,1.266079068183899,-0.3164543807506561,-0.1718287467956543,75.90824890136719,87.79183959960938,30.89710998535156
32674,0.016632080078125,0.87646484375,0.188812255859375,1.317257285118103,-0.4115446805953979,-0.2019682824611664,75.87992858886719,88.1236572265625,30.60011291503906
32675,0.0380706787109375,0.8925933837890625,0.1812591552734375,1.329842567443848,-0.4846748113632202,-0.1997567862272263,75.88749694824219,88.77131652832031,30.2333984375
32676,0.1031951904296875,0.9703369140625,0.1761932373046875,1.146536588668823,-0.4861645698547363,-0.2197970747947693,75.8826904296875,89.83699035644531,29.20542907714844
32677,0.1031951904296875,0.9703369140625,0.1761932373046875,1.146536588668823,-0.4861645698547363,-0.2197970747947693,75.8826904296875,89.83699035644531,29.20542907714844
32678,0.1392974853515625,1.005523681640625,0.176177978515625,1.00998866558075,-0.4094367921352386,-0.2395758330821991,76.05740356445312,90.283935546875,28.74725341796875
32679,0.1671905517578125,1.0338134765625,0.1635894775390625,0.9124117493629456,-0.4300469756126404,-0.2685092091560364,76.17939758300781,90.54054260253906,28.2354736328125
32680,0.1756439208984375,1.053466796875,0.1703948974609375,1.130294322967529,-0.8234933614730835,-0.2512063980102539,76.31645202636719,90.7182159423828,27.37489318847656
32681,0.1756439208984375,1.053466796875,0.1703948974609375,1.130294322967529,-0.8234933614730835,-0.2512063980102539,76.31645202636719,90.7182159423828,27.37489318847656
32682,0.15185546875,1.1138916015625,0.2637176513671875,1.130294322967529,-0.8234933614730835,-0.2512063980102539,76.49041748046875,91.06597900390624,26.82292175292969
32683,0.12408447265625,1.194976806640625,0.427001953125,1.280667781829834,-0.9780288338661194,-0.2097423076629639,76.54032897949219,91.51882934570312,26.157470703125
32684,0.13348388671875,1.146499633789062,1.269882202148438,1.899274587631226,-0.5106800198554993,-0.1974510252475739,76.82777404785156,92.44601440429688,25.00466918945312
32685,0.13348388671875,1.146499633789062,1.269882202148438,1.899274587631226,-0.5106800198554993,-0.1974510252475739,76.82777404785156,92.44601440429688,25.00466918945312
32686,0.030609130859375,1.068099975585938,0.72698974609375,2.479267835617065,1.630213618278503,-0.0885977745056152,76.73866271972656,93.26028442382812,24.59954833984375
32687,-0.0002288818359375,1.590576171875,0.027435302734375,1.311123490333557,0.6921089291572571,-0.2472505420446396,76.49212646484375,94.33580017089844,24.32270812988281
32688,-0.0204620361328125,1.408096313476562,0.5625457763671875,-0.1103605926036835,0.592428982257843,-0.6339426040649414,75.74983215332031,95.86781311035156,23.71897888183594
32689,-0.0204620361328125,1.408096313476562,0.5625457763671875,-0.1103605926036835,0.592428982257843,-0.6339426040649414,75.74983215332031,95.86781311035156,23.71897888183594
32690,-0.0435028076171875,1.2591552734375,0.44293212890625,-0.1103605926036835,0.592428982257843,-0.6339426040649414,75.53285217285156,95.9860382080078,23.65412902832031
32691,-0.0922088623046875,1.034133911132812,0.45159912109375,1.236940026283264,-1.079061150550842,-0.5941541790962219,75.31434631347656,95.67543029785156,23.61134338378906
32692,0.119171142578125,0.9608612060546876,0.1867218017578125,0.4157111942768097,0.1161889210343361,-0.2508237063884735,75.23033142089844,95.64369201660156,22.81744384765625
32693,0.119171142578125,0.9608612060546876,0.1867218017578125,0.4157111942768097,0.1161889210343361,-0.2508237063884735,75.23033142089844,95.64369201660156,22.81744384765625
32694,0.1499786376953125,0.8824310302734375,0.06671142578125,0.223926305770874,-0.4945295751094818,-0.2261564433574677,75.087646484375,95.80978393554688,22.54512023925781
32695,0.203155517578125,0.814300537109375,0.2501678466796875,0.173030361533165,-1.060503482818604,-0.2131985574960709,74.99470520019531,96.04786682128906,22.40898132324219
32696,0.3548126220703125,0.72454833984375,0.371734619140625,0.1663604825735092,-1.296990871429443,-0.2539182901382446,75.27854919433594,96.12432861328124,21.83517456054688
32697,0.3548126220703125,0.72454833984375,0.371734619140625,0.1663604825735092,-1.296990871429443,-0.2539182901382446,75.27854919433594,96.12432861328124,21.83517456054688
32698,0.43927001953125,0.6756591796875,0.344573974609375,0.1418921500444412,-1.341445922851562,-0.2434280961751938,75.565185546875,96.18951416015624,21.59405517578125
32699,0.5262298583984375,0.6246185302734375,0.34429931640625,0.0762553587555885,-1.233898758888245,-0.2234013974666595,75.78265380859375,96.15672302246094,21.41496276855469
32700,0.6288299560546875,0.6273651123046875,0.3474273681640625,-0.0292822550982236,-0.4199227094650269,-0.1397105008363724,76.12724304199219,96.24856567382812,20.64857482910156
32701,0.6288299560546875,0.6273651123046875,0.3474273681640625,-0.0292822550982236,-0.4199227094650269,-0.1397105008363724,76.12724304199219,96.24856567382812,20.64857482910156
32702,0.616363525390625,0.6661529541015625,0.306793212890625,-0.0064017064869403,-0.0001725728361634,-0.1021745726466179,76.19741821289062,96.27490234375,20.57475280761719
32703,0.536407470703125,0.720794677734375,0.264068603515625,0.0524711981415748,0.3491489291191101,-0.0214152764528989,76.1964111328125,96.32293701171876,20.49977111816406
32704,0.238983154296875,0.7600860595703125,0.1524200439453125,0.2003645151853561,0.6435201168060303,0.1917305588722229,76.1954345703125,96.42832946777344,20.46177673339844
32705,0.238983154296875,0.7600860595703125,0.1524200439453125,0.2003645151853561,0.6435201168060303,0.1917305588722229,76.1954345703125,96.42832946777344,20.46177673339844
32706,0.2036895751953125,0.7911376953125,0.09600830078125,0.2923794090747833,0.6435896158218384,0.195158839225769,76.15809631347656,96.56442260742188,20.31121826171875
32707,0.2030487060546875,0.8306884765625,0.0640411376953125,0.3716704845428467,0.5225595831871033,0.1363072395324707,76.25965881347656,96.71847534179688,20.44915771484375
32708,0.2035064697265625,0.9036865234375,0.1921844482421875,0.4324076175689697,0.5790156722068787,-0.0341566391289234,76.02890014648438,96.86740112304688,20.61897277832031
32709,0.180419921875,0.9108123779296876,0.2353363037109375,0.4324076175689697,0.5790156722068787,-0.0341566391289234,75.92631530761719,96.86955261230467,20.61654663085938
32710,0.180419921875,0.9108123779296876,0.2353363037109375,0.4324076175689697,0.5790156722068787,-0.0341566391289234,75.92631530761719,96.86955261230467,20.61654663085938
32711,0.1496734619140625,0.9029083251953124,0.2321319580078125,0.4258639514446259,0.6845389008522034,-0.0251218639314174,75.86334228515625,97.01870727539062,20.53593444824219
32712,0.0821075439453125,0.9126129150390624,0.2050933837890625,0.3382198512554169,0.7447697520256042,0.0028895298019051,75.67935180664062,97.12290954589844,20.25030517578125
32713,0.0821075439453125,0.9126129150390624,0.2050933837890625,0.3382198512554169,0.7447697520256042,0.0028895298019051,75.67935180664062,97.12290954589844,20.25030517578125
32714,0.0242919921875,0.9233551025390624,0.183197021484375,0.2484739869832993,0.7489325404167175,-0.0213998313993215,75.51904296875,97.27902221679688,20.29512023925781
32715,-0.0305328369140625,0.9127960205078124,0.1165008544921875,0.1478240787982941,0.6782962083816528,-0.0289070159196853,75.37165832519531,97.27839660644533,20.38650512695312
32716,-0.043212890625,0.91485595703125,0.0064239501953125,0.0837995558977127,0.1894412934780121,0.0012016182299703,75.07603454589844,97.518310546875,20.25422668457031
32717,-0.043212890625,0.91485595703125,0.0064239501953125,0.0837995558977127,0.1894412934780121,0.0012016182299703,75.07603454589844,97.518310546875,20.25422668457031
32718,-0.0016021728515625,0.9470977783203124,0.0152130126953125,0.0950580686330795,-0.054713312536478,-0.0382389985024929,75.02461242675781,97.49908447265624,20.38348388671875
32719,0.0508270263671875,0.966796875,0.0373077392578125,0.0820850133895874,-0.1975207924842834,-0.0798234567046165,74.8497314453125,97.4371337890625,20.49969482421875
32720,0.1607818603515625,0.9438018798828124,0.0689239501953125,-0.0146351354196667,-0.2050431668758392,-0.1505551487207413,74.92674255371094,97.61074829101562,20.15365600585938
32721,0.1607818603515625,0.9438018798828124,0.0689239501953125,-0.0146351354196667,-0.2050431668758392,-0.1505551487207413,74.92674255371094,97.61074829101562,20.15365600585938
32722,0.190673828125,0.915191650390625,0.083770751953125,-0.0146351354196667,-0.2050431668758392,-0.1505551487207413,74.93850708007812,97.62142944335938,19.95022583007812
32723,0.2046661376953125,0.8887176513671875,0.0881195068359375,0.0079929456114768,-0.13559190928936,-0.1511711478233337,74.92848205566406,97.71519470214844,19.90519714355469
32724,0.2049560546875,0.8624267578125,0.0964813232421875,0.0674264430999755,0.0176407787948846,-0.1234337836503983,74.95811462402344,97.66859436035156,19.90382385253906
32725,0.20062255859375,0.851348876953125,0.099639892578125,0.0674264430999755,0.0176407787948846,-0.1234337836503983,74.99826049804688,97.57569885253906,19.86181640625
32726,0.1974334716796875,0.84765625,0.09259033203125,0.0766404494643211,0.1035716682672501,-0.1253965348005295,74.86654663085938,97.71351623535156,19.87277221679688
32727,0.1880645751953125,0.8538055419921875,0.08465576171875,0.0596968866884708,0.181341826915741,-0.138621523976326,74.72981262207031,97.76583862304688,19.97085571289062
32728,0.1717071533203125,0.8890380859375,0.068084716796875,0.0435442812740802,0.3220989406108856,-0.1860862523317337,74.62675476074219,97.8812255859375,19.944580078125
32729,0.1717071533203125,0.8890380859375,0.068084716796875,0.0435442812740802,0.3220989406108856,-0.1860862523317337,74.62675476074219,97.8812255859375,19.944580078125
32730,0.15338134765625,0.9044647216796876,0.0475616455078125,0.0543601773679256,0.3797659575939178,-0.2027326077222824,74.50376892089844,97.8729248046875,19.98666381835938
32731,0.1370391845703125,0.9291839599609376,0.0240936279296875,0.06520377099514,0.3995689749717712,-0.2179637551307678,74.3583984375,97.99697875976562,20.07194519042969
32732,0.105224609375,0.9942474365234376,0.0003509521484375,0.1195240020751953,0.4187575876712799,-0.2669949531555176,74.07440185546875,98.07029724121094,20.08038330078125
32733,0.105224609375,0.9942474365234376,0.0003509521484375,0.1195240020751953,0.4187575876712799,-0.2669949531555176,74.07440185546875,98.07029724121094,20.08038330078125
32734,0.0856475830078125,1.0313720703125,-0.00396728515625,0.1470688134431839,0.4293934404850006,-0.2952018082141876,73.8709716796875,98.09437561035156,20.16905212402344
32735,0.06756591796875,1.056915283203125,-0.0039825439453125,0.1665825843811035,0.4461425840854645,-0.3171816766262054,73.77883911132812,98.29328918457033,20.09487915039062
32736,0.03668212890625,1.076019287109375,0.0035400390625,0.1810345053672791,0.400482714176178,-0.3559823334217072,73.32778930664062,98.50430297851562,20.10237121582031
32737,0.03668212890625,1.076019287109375,0.0035400390625,0.1810345053672791,0.400482714176178,-0.3559823334217072,73.32778930664062,98.50430297851562,20.10237121582031
32738,0.0319366455078125,1.095260620117188,0.020111083984375,0.2050801813602448,0.3970062136650085,-0.360850602388382,73.10545349121094,98.53895568847656,20.09127807617188
32739,0.0391693115234375,1.131561279296875,0.0128021240234375,0.2225614339113235,0.3717109858989716,-0.3757917284965515,72.84161376953125,98.57777404785156,20.10615539550781
32740,0.0552978515625,1.15496826171875,0.01019287109375,0.1895044147968292,0.3514853417873383,-0.3482975363731384,72.57191467285156,98.7850341796875,20.10707092285156
32741,0.0552978515625,1.15496826171875,0.01019287109375,0.1895044147968292,0.3514853417873383,-0.3482975363731384,72.57191467285156,98.7850341796875,20.10707092285156
32742,0.093994140625,1.166671752929688,0.005340576171875,0.1699123382568359,0.3890617191791534,-0.353154331445694,72.34722900390625,98.84364318847656,20.12716674804688
32743,0.1973724365234375,1.186416625976562,-0.05035400390625,0.1744892448186874,0.4149268865585327,-0.3232007026672363,72.00163269042969,98.87661743164062,20.46745300292969
32744,0.2119293212890625,1.203140258789062,-0.0526885986328125,0.2358455508947372,0.403359442949295,-0.2577764093875885,71.81114196777344,98.9503936767578,20.67083740234375
32745,0.2139739990234375,1.249710083007812,-0.012664794921875,0.4222050309181213,0.2738669812679291,-0.1755180209875107,71.60160827636719,98.962646484375,20.79930114746094
32746,0.2002410888671875,1.306198120117188,0.056365966796875,0.4222050309181213,0.2738669812679291,-0.1755180209875107,71.41349792480469,99.01333618164062,20.53811645507812
32747,0.185455322265625,1.313919067382812,0.1357574462890625,0.4415625035762787,0.1503120064735413,-0.1668654233217239,71.29246520996094,99.07904052734376,20.21328735351562
32748,0.20379638671875,1.267745971679688,0.20587158203125,0.5318031907081604,-0.1955287456512451,-0.0590816959738731,71.02659606933594,99.29217529296876,19.38294982910156
32749,0.20379638671875,1.267745971679688,0.20587158203125,0.5318031907081604,-0.1955287456512451,-0.0590816959738731,71.02659606933594,99.29217529296876,19.38294982910156
32750,0.2144775390625,1.253067016601562,0.268646240234375,0.5431048274040222,-0.3083727359771729,-0.0195598527789115,70.97088623046875,99.39854431152344,19.05288696289062
32751,0.21734619140625,1.255767822265625,0.311920166015625,0.5299791693687439,-0.3948085606098175,-0.0364637337625026,70.94798278808594,99.38778686523438,19.08868408203125
32752,0.1734619140625,1.157852172851562,0.3442840576171875,0.4611274003982544,-0.5129849910736084,-0.1283987164497375,71.08175659179688,99.6544189453125,18.63973999023438
32753,0.1734619140625,1.157852172851562,0.3442840576171875,0.4611274003982544,-0.5129849910736084,-0.1283987164497375,71.08175659179688,99.6544189453125,18.63973999023438
32754,0.1421051025390625,1.087615966796875,0.34716796875,0.4480920433998108,-0.494367390871048,-0.154831662774086,71.14340209960938,99.78201293945312,18.26692199707031
32755,0.1080322265625,1.02313232421875,0.3470458984375,0.4647317230701447,-0.409417062997818,-0.1748927235603333,71.10739135742188,100.0047912597656,18.02052307128906
32756,0.0352630615234375,0.91412353515625,0.3498077392578125,0.5255053043365479,0.1105281114578247,-0.19693224132061,71.14335632324219,100.2102661132812,17.56103515625
32757,0.0352630615234375,0.91412353515625,0.3498077392578125,0.5255053043365479,0.1105281114578247,-0.19693224132061,71.14335632324219,100.2102661132812,17.56103515625
32758,-0.0006866455078125,0.8673095703125,0.35198974609375,0.5255053043365479,0.1105281114578247,-0.19693224132061,71.08845520019531,100.3326568603516,17.22869873046875
32759,-0.0737457275390625,0.8046875,0.36602783203125,0.5765154957771301,0.4065728187561035,-0.179471492767334,70.84858703613281,100.6085510253906,16.68687438964844
32760,-0.102020263671875,0.7863922119140625,0.379730224609375,0.5727887153625488,0.5647925734519958,-0.163460835814476,70.60879516601562,100.7086944580078,16.32559204101562
32761,-0.102020263671875,0.7863922119140625,0.379730224609375,0.5727887153625488,0.5647925734519958,-0.163460835814476,70.60879516601562,100.7086944580078,16.32559204101562
32762,-0.133697509765625,0.7667236328125,0.4037322998046875,0.499855101108551,0.7953248023986816,-0.1676734238862991,70.28469848632812,100.8730773925781,16.06867980957031
32763,-0.16729736328125,0.77178955078125,0.411773681640625,0.3103935420513153,1.090144157409668,-0.1960975974798203,69.85563659667969,100.8973693847656,15.83229064941406
32764,-0.2423248291015625,0.8385772705078125,0.4152679443359375,-0.1874686926603317,1.40379273891449,-0.358791172504425,69.34860229492188,101.2549285888672,15.21202087402344
32765,-0.2423248291015625,0.8385772705078125,0.4152679443359375,-0.1874686926603317,1.40379273891449,-0.358791172504425,69.34860229492188,101.2549285888672,15.21202087402344
32766,-0.2579193115234375,0.8654937744140625,0.260345458984375,-0.5666128396987915,0.7757394313812256,-0.459514856338501,68.54779052734375,100.7017822265625,14.96165466308594
32767,-0.2579193115234375,0.8654937744140625,0.260345458984375,-0.5666128396987915,0.7757394313812256,-0.459514856338501,68.54779052734375,100.7017822265625,14.96165466308594
32768,-0.2749786376953125,0.8720703125,0.2883148193359375,-0.4151937365531921,-0.5080389976501465,-0.1627971678972244,67.84577941894531,99.91844177246094,14.92713928222656
32769,-0.2749786376953125,0.8720703125,0.2883148193359375,-0.4151937365531921,-0.5080389976501465,-0.1627971678972244,67.84577941894531,99.91844177246094,14.92713928222656
32770,-0.2358245849609375,0.8816986083984375,0.3430023193359375,-0.3090409338474274,-0.7957519888877869,0.0330522246658802,67.6024169921875,99.54849243164062,15.0264892578125
32771,-0.136383056640625,0.9142913818359376,0.33740234375,-0.1836792826652527,-0.9436370730400084,0.1529227048158646,67.578125,99.29045104980467,14.88766479492188
32772,-0.0509490966796875,0.9099273681640624,0.3253631591796875,-0.2270635068416595,-0.908717155456543,0.361968070268631,67.91978454589844,99.17707824707033,14.57386779785156
32773,-0.0509490966796875,0.9099273681640624,0.3253631591796875,-0.2270635068416595,-0.908717155456543,0.361968070268631,67.91978454589844,99.17707824707033,14.57386779785156
32774,0.0125732421875,0.924224853515625,0.3059844970703125,-0.2270635068416595,-0.908717155456543,0.361968070268631,68.14262390136719,99.17564392089844,14.7667236328125
32775,0.140228271484375,0.9727630615234376,0.288543701171875,-0.7137959003448486,-0.5520471930503845,0.3711895346641541,68.58432006835938,99.0902862548828,15.000244140625
32776,0.3202056884765625,0.9757080078125,0.210205078125,-1.519474267959595,1.339210987091064,0.149642750620842,69.14222717285156,99.22279357910156,15.706787109375
32777,0.3202056884765625,0.9757080078125,0.210205078125,-1.519474267959595,1.339210987091064,0.149642750620842,69.14222717285156,99.22279357910156,15.706787109375
32778,0.128936767578125,0.8575897216796875,-0.257354736328125,-0.890863835811615,1.705672860145569,0.1214369460940361,69.153076171875,98.7852020263672,16.87541198730469
32779,0.128936767578125,0.8575897216796875,-0.257354736328125,-0.890863835811615,1.705672860145569,0.1214369460940361,69.153076171875,98.7852020263672,16.87541198730469
32780,-0.103485107421875,0.90191650390625,-0.2236480712890625,0.4291561543941498,0.3574388325214386,0.2204309105873108,68.60537719726562,98.29991149902344,17.99403381347656
32781,-0.103485107421875,0.90191650390625,-0.2236480712890625,0.4291561543941498,0.3574388325214386,0.2204309105873108,68.60537719726562,98.29991149902344,17.99403381347656
32782,-0.16973876953125,0.9490203857421876,-0.0499420166015625,0.4291561543941498,0.3574388325214386,0.2204309105873108,68.39984130859375,98.1107177734375,18.21064758300781
32783,-0.16351318359375,1.016738891601562,0.060028076171875,0.5436888337135315,0.2618752717971802,0.1951753497123718,68.30535888671875,97.92716979980467,18.34083557128906
32784,-0.1942596435546875,0.972991943359375,0.230438232421875,0.2089374959468842,0.1318877190351486,0.1119707450270653,68.25172424316406,98.1719207763672,17.9085693359375
32785,-0.1942596435546875,0.972991943359375,0.230438232421875,0.2089374959468842,0.1318877190351486,0.1119707450270653,68.25172424316406,98.1719207763672,17.9085693359375
32786,-0.1540679931640625,0.8514556884765625,0.2837982177734375,0.100431002676487,0.1093520596623421,0.1334051936864853,68.20314025878906,98.30809020996094,17.61442565917969
32787,-0.1540679931640625,0.8514556884765625,0.2837982177734375,0.100431002676487,0.1093520596623421,0.1334051936864853,68.20314025878906,98.30809020996094,17.61442565917969
32788,-0.024139404296875,0.83648681640625,0.260284423828125,-0.071760207414627,0.24643774330616,0.1295809000730515,68.29420471191406,98.23504638671876,17.6484375
32789,-0.024139404296875,0.83648681640625,0.260284423828125,-0.071760207414627,0.24643774330616,0.1295809000730515,68.29420471191406,98.23504638671876,17.6484375
32790,0.036102294921875,0.8842926025390625,0.1630096435546875,-0.1695384383201599,0.55185467004776,0.1254287660121918,68.29403686523438,98.05882263183594,17.72189331054688
32791,0.036102294921875,0.8842926025390625,0.1630096435546875,-0.1695384383201599,0.55185467004776,0.1254287660121918,68.29403686523438,98.05882263183594,17.72189331054688
32792,0.070037841796875,0.976409912109375,-0.00079345703125,-0.110401876270771,0.5000726580619812,0.1573499441146851,68.32368469238281,98.03489685058594,17.98347473144531
32793,0.070037841796875,0.976409912109375,-0.00079345703125,-0.110401876270771,0.5000726580619812,0.1573499441146851,68.32368469238281,98.03489685058594,17.98347473144531
32794,0.073150634765625,0.992919921875,-0.0897979736328125,-0.110401876270771,0.5000726580619812,0.1573499441146851,68.26344299316406,98.0268096923828,18.13922119140625
32795,0.0558929443359375,1.00311279296875,-0.09521484375,0.1758514493703842,0.1846231073141098,0.1628227382898331,68.00180053710938,97.80653381347656,18.46913146972656
32796,0.035980224609375,1.003173828125,-0.06268310546875,0.3490975499153137,0.1159012988209724,0.1507096141576767,67.99746704101562,97.79216003417967,18.38809204101562
32797,0.035980224609375,1.003173828125,-0.06268310546875,0.3490975499153137,0.1159012988209724,0.1507096141576767,67.99746704101562,97.79216003417967,18.38809204101562
32798,0.03729248046875,1.040390014648438,-0.01385498046875,0.8970932364463806,-0.5947965383529663,0.0712254419922828,68.07069396972656,97.7843017578125,18.28225708007812
32799,0.03729248046875,1.040390014648438,-0.01385498046875,0.8970932364463806,-0.5947965383529663,0.0712254419922828,68.07069396972656,97.7843017578125,18.28225708007812
32800,0.03106689453125,1.072494506835938,0.23516845703125,0.3013875484466553,0.2247406989336014,0.0731447860598564,68.35856628417969,98.10987854003906,17.94837951660156
32801,0.03106689453125,1.072494506835938,0.23516845703125,0.3013875484466553,0.2247406989336014,0.0731447860598564,68.35856628417969,98.10987854003906,17.94837951660156
32802,0.00848388671875,0.978302001953125,0.076446533203125,0.0910731852054595,0.2276504635810852,0.0616854690015316,68.64251708984375,98.3876495361328,16.9002685546875
32803,0.013519287109375,0.998779296875,0.0445404052734375,0.0531795993447303,-0.0005616606795229,0.0409634113311767,68.66281127929688,98.40138244628906,16.87562561035156
32804,0.0222930908203125,0.9985198974609376,0.02337646484375,0.1379829049110413,-0.2235124558210373,0.0082930838689208,68.59022521972656,98.39212036132812,16.68156433105469
32805,0.0222930908203125,0.9985198974609376,0.02337646484375,0.1379829049110413,-0.2235124558210373,0.0082930838689208,68.59022521972656,98.39212036132812,16.68156433105469
32806,0.0706024169921875,0.9780731201171876,-0.01947021484375,0.5320327281951904,-0.334173709154129,-0.0377513729035854,68.82064819335938,98.245849609375,16.44889831542969
32807,0.0706024169921875,0.9780731201171876,-0.01947021484375,0.5320327281951904,-0.334173709154129,-0.0377513729035854,68.82064819335938,98.245849609375,16.44889831542969
32808,0.1203460693359375,1.035675048828125,0.1540679931640625,0.8864816427230835,-0.4201637208461761,-0.0919155403971672,68.88119506835938,98.69737243652344,15.70756530761719
32809,0.1203460693359375,1.035675048828125,0.1540679931640625,0.8864816427230835,-0.4201637208461761,-0.0919155403971672,68.88119506835938,98.69737243652344,15.70756530761719
32810,0.1455535888671875,1.01861572265625,0.205841064453125,1.021140336990356,-0.1951668262481689,-0.0737959295511245,68.9136962890625,98.88719177246094,15.20713806152344
32811,0.1575469970703125,1.073486328125,0.1026153564453125,0.8884180188179016,-0.440081775188446,-0.0990397632122039,68.95057678222656,99.14659118652344,14.79010009765625
32812,0.14630126953125,1.12261962890625,0.2686767578125,0.6974472403526306,-0.6659337878227234,-0.1079922467470169,68.89161682128906,99.35456848144533,14.24668884277344
32813,0.151702880859375,1.140625,0.391265869140625,0.5842322707176208,-0.7342543005943298,-0.064660221338272,68.83255004882812,99.65072631835938,13.87765502929688
32814,0.1734771728515625,1.139602661132812,0.415863037109375,0.552688717842102,-0.8119344115257263,0.0448593497276306,68.99282836914062,99.80026245117188,13.68060302734375
32815,0.20037841796875,1.164520263671875,0.3841400146484375,0.5352922081947327,-0.9729217290878296,0.133523166179657,69.16767883300781,99.97084045410156,13.57853698730469
32816,0.2879791259765625,1.23382568359375,0.327545166015625,0.3601635098457336,-1.571468710899353,0.1043394580483437,69.50004577636719,100.5983123779297,13.43495178222656
32817,0.2879791259765625,1.23382568359375,0.327545166015625,0.3601635098457336,-1.571468710899353,0.1043394580483437,69.50004577636719,100.5983123779297,13.43495178222656
32818,0.3112335205078125,1.243118286132812,0.3516845703125,0.2322441637516022,-1.796314120292664,0.0216464400291442,69.748046875,100.9181365966797,13.31484985351562
32819,0.3141632080078125,1.20947265625,0.389892578125,0.0800474286079406,-1.892821192741394,-0.0646218731999397,70.14169311523438,101.292724609375,13.24441528320312
32820,0.28631591796875,1.039962768554688,0.4039764404296875,-0.1328539252281189,-1.848170638084412,-0.1591023057699203,70.74395751953125,101.6074829101562,12.94454956054688
32821,0.28631591796875,1.039962768554688,0.4039764404296875,-0.1328539252281189,-1.848170638084412,-0.1591023057699203,70.74395751953125,101.6074829101562,12.94454956054688
32822,0.25848388671875,0.914947509765625,0.3498687744140625,-0.1677522510290146,-1.792278647422791,-0.1352630108594894,70.94435119628906,101.794921875,12.86288452148438
32823,0.24908447265625,0.8068389892578125,0.2786712646484375,-0.1735680550336838,-1.7244553565979,-0.0933150351047515,71.2650146484375,101.9408416748047,12.84947204589844
32824,0.30511474609375,0.73992919921875,0.21307373046875,-0.1743084192276001,-1.621979355812073,-0.1026480793952942,71.48867797851562,101.9827880859375,12.56489562988281
32825,0.357879638671875,0.7218170166015625,0.1498565673828125,-0.2031635046005249,-1.544378876686096,-0.1390652060508728,71.66453552246094,101.9203796386719,12.47831726074219
32826,0.3575286865234375,0.726959228515625,0.0915069580078125,-0.2580270171165466,-1.600584864616394,-0.1381746530532837,71.9874267578125,101.8383026123047,12.45443725585938
32827,0.3514862060546875,0.75274658203125,0.06854248046875,-0.3072614073753357,-1.762664556503296,-0.1086196899414062,72.22874450683594,101.7766418457031,12.26872253417969
32828,0.2999420166015625,0.8492889404296875,0.0965576171875,-0.3626397252082825,-1.985681176185608,-0.0289767906069755,72.57293701171875,101.8875885009766,12.00277709960938
32829,0.2999420166015625,0.8492889404296875,0.0965576171875,-0.3626397252082825,-1.985681176185608,-0.0289767906069755,72.57293701171875,101.8875885009766,12.00277709960938
32830,0.26446533203125,0.915496826171875,0.0843353271484375,-0.3459795117378235,-2.020337343215942,0.000672181835398,72.80885314941406,101.9771575927734,11.74238586425781
32831,0.2275238037109375,0.96923828125,0.078338623046875,-0.2980633974075317,-2.045423030853271,0.0233002621680498,73.14201354980469,101.9282073974609,11.51268005371094
32832,0.1646881103515625,1.0411376953125,0.1323699951171875,-0.0945435464382171,-2.085866689682007,0.0324527472257614,73.74444580078125,101.7255249023438,11.19190979003906
32833,0.1646881103515625,1.0411376953125,0.1323699951171875,-0.0945435464382171,-2.085866689682007,0.0324527472257614,73.74444580078125,101.7255249023438,11.19190979003906
32834,0.1340179443359375,1.064224243164062,0.1728057861328125,0.0067428573966026,-2.088351488113403,0.0382741503417491,74.10861206054688,101.6845245361328,10.91986083984375
32835,0.103607177734375,1.08123779296875,0.2087554931640625,0.0684879794716835,-2.06946873664856,0.0426001921296119,74.269287109375,101.744384765625,10.70545959472656
32836,0.0193939208984375,1.096664428710938,0.2723388671875,0.0521939620375633,-1.877616167068481,0.0226054433733224,74.78794860839844,101.8414611816406,9.917816162109377
32837,0.0193939208984375,1.096664428710938,0.2723388671875,0.0521939620375633,-1.877616167068481,0.0226054433733224,74.78794860839844,101.8414611816406,9.917816162109377
32838,-0.0299072265625,1.090927124023438,0.2667083740234375,-0.013080914504826,-1.727177619934082,-0.0176040269434452,75.00177001953125,101.8641967773438,9.559219360351562
32839,-0.0786895751953125,1.07275390625,0.2298126220703125,-0.1022960096597672,-1.608562588691711,-0.0636625960469245,75.25448608398438,101.8257598876953,9.323577880859377
32840,-0.129913330078125,0.9997100830078124,0.1035308837890625,-0.258039802312851,-1.568345427513123,-0.1291926056146622,75.63265991210938,102.1554718017578,8.637847900390625
32841,-0.129913330078125,0.9997100830078124,0.1035308837890625,-0.258039802312851,-1.568345427513123,-0.1291926056146622,75.63265991210938,102.1554718017578,8.637847900390625
32842,-0.1075439453125,0.9758148193359376,0.045745849609375,-0.282098799943924,-1.586829662322998,-0.1369139105081558,75.8343505859375,102.1441345214844,8.543441772460938
32843,-0.0614471435546875,0.972320556640625,-0.0021209716796875,-0.2659073173999786,-1.575374603271484,-0.1508467644453049,76.02810668945312,101.9700775146484,8.733001708984375
32844,0.0133514404296875,0.976409912109375,-0.0360565185546875,-0.2173962295055389,-1.552032232284546,-0.1812470257282257,76.14898681640625,102.0213470458984,8.716278076171875
32845,0.078857421875,0.974334716796875,-0.0381622314453125,-0.1614141911268234,-1.512073397636414,-0.209475189447403,76.32167053222656,102.0603332519531,8.550323486328125
32846,0.11944580078125,0.9620208740234376,-0.02655029296875,-0.1186648681759834,-1.464218974113464,-0.2221686244010925,76.48133850097656,102.0803070068359,8.254714965820312
32847,0.1410980224609375,0.9400787353515624,-0.011444091796875,-0.0818453282117843,-1.416443228721619,-0.2215145528316498,76.55952453613281,102.1953582763672,8.114730834960938
32848,0.15185546875,0.924591064453125,0.0112457275390625,-0.051020573824644,-1.361583232879639,-0.210644319653511,76.54031372070312,102.1923675537109,7.7684326171875
32849,0.1553955078125,0.9180755615234376,0.0277252197265625,-0.0322524793446064,-1.288280963897705,-0.192774772644043,76.56558227539062,102.3263702392578,7.239028930664062
32850,0.1459197998046875,0.9195098876953124,0.028289794921875,-0.0209529530256986,-1.207847118377686,-0.1764123141765594,76.60716247558594,102.4539031982422,6.979049682617188
32851,0.1276702880859375,0.9203033447265624,0.027679443359375,-0.0027340012602508,-1.148367047309875,-0.1684252321720123,76.70808410644531,102.5730895996094,6.815322875976562
32852,0.0667877197265625,0.948211669921875,0.0231170654296875,0.0490767322480678,-0.996818780899048,-0.157540887594223,76.803466796875,102.5550384521484,6.292160034179688
32853,0.041717529296875,0.971588134765625,0.0137939453125,0.0697638988494873,-0.9354092478752136,-0.1595609039068222,76.8140869140625,102.6637573242188,6.281875610351562
32854,0.041717529296875,0.971588134765625,0.0137939453125,0.0697638988494873,-0.9354092478752136,-0.1595609039068222,76.8140869140625,102.6637573242188,6.281875610351562
32855,0.02117919921875,0.9919891357421876,0.003631591796875,0.0838480293750762,-0.8866350054740906,-0.1617652028799057,76.89373779296875,102.6942749023438,5.94329833984375
32856,-0.0012969970703125,1.005599975585938,-0.018035888671875,0.1358941793441772,-0.7909314036369324,-0.1934176683425903,76.80059814453125,102.7018890380859,5.39886474609375
32857,-0.0012969970703125,1.005599975585938,-0.018035888671875,0.1358941793441772,-0.7909314036369324,-0.1934176683425903,76.80059814453125,102.7018890380859,5.39886474609375
32858,0.000213623046875,0.9988555908203124,-0.042388916015625,0.164435014128685,-0.7514020800590515,-0.2276691198348999,76.8848876953125,102.7496643066406,5.150299072265625
32859,0.0125274658203125,0.9962615966796876,-0.0413665771484375,0.205700159072876,-0.794613778591156,-0.2690343856811523,76.90843200683594,102.7104339599609,5.137985229492188
32860,0.11297607421875,1.031784057617188,0.106292724609375,0.2344103753566742,-0.8103498220443726,-0.3154231905937195,76.82447814941406,103.0745086669922,4.610519409179688
32861,0.11297607421875,1.031784057617188,0.106292724609375,0.2344103753566742,-0.8103498220443726,-0.3154231905937195,76.82447814941406,103.0745086669922,4.610519409179688
32862,0.1231231689453125,1.018463134765625,0.10919189453125,0.193494901061058,-0.7377417087554932,-0.2922387719154358,76.78327941894531,103.1637878417969,4.38067626953125
32863,0.105224609375,1.0133056640625,0.0856475830078125,0.1142797023057938,-0.6555216312408447,-0.2288632690906525,76.66621398925781,103.2400054931641,4.232391357421875
32864,0.0519866943359375,1.098159790039062,0.0877532958984375,0.0525785237550735,-0.5557330250740051,-0.1106700524687767,76.51524353027344,103.3254699707031,3.66412353515625
32865,0.0519866943359375,1.098159790039062,0.0877532958984375,0.0525785237550735,-0.5557330250740051,-0.1106700524687767,76.51524353027344,103.3254699707031,3.66412353515625
32866,0.0318756103515625,1.147918701171875,0.1360015869140625,0.0782364830374717,-0.4610499143600464,-0.1144469529390335,76.51966857910156,103.4156646728516,3.443634033203125
32867,0.0019683837890625,1.142807006835938,0.16607666015625,0.1438636928796768,-0.3196333944797516,-0.1474275439977646,76.51344299316406,103.5460052490234,3.508148193359375
32868,-0.0959930419921875,1.063873291015625,0.1092071533203125,0.1038329228758812,-0.3706076145172119,-0.2551031410694122,76.40496826171875,103.4986114501953,3.228347778320312
32869,-0.0959930419921875,1.063873291015625,0.1092071533203125,0.1038329228758812,-0.3706076145172119,-0.2551031410694122,76.40496826171875,103.4986114501953,3.228347778320312
32870,-0.128082275390625,1.028762817382812,0.0853729248046875,0.1038329228758812,-0.3706076145172119,-0.2551031410694122,76.36482238769531,103.5839691162109,3.00177001953125
32871,-0.132476806640625,0.9991455078125,0.0753021240234375,0.0410212017595768,-0.4125369787216187,-0.2420563101768494,76.20335388183594,103.6081695556641,2.897659301757812
32872,-0.0511474609375,0.95452880859375,0.0182647705078125,-0.0159195773303508,-0.2851907312870026,-0.2277466058731079,76.1370849609375,103.4945373535156,2.619949340820312
32873,-0.0511474609375,0.95452880859375,0.0182647705078125,-0.0159195773303508,-0.2851907312870026,-0.2277466058731079,76.1370849609375,103.4945373535156,2.619949340820312
32874,0.0472564697265625,0.9416046142578124,-0.0086212158203125,-0.0097751328721642,-0.1683490574359894,-0.2584496736526489,76.08467102050781,103.4349212646484,2.539321899414062
32875,0.1094207763671875,0.9346466064453124,-0.03057861328125,0.0003539340978022,-0.0941933467984199,-0.2999209463596344,75.96919250488281,103.5547790527344,2.53271484375
32876,0.1106109619140625,0.943359375,0.0161590576171875,0.0549516640603542,-0.0069436598569154,-0.2792715728282928,75.8148193359375,103.5434875488281,2.1324462890625
32877,0.1106109619140625,0.943359375,0.0161590576171875,0.0549516640603542,-0.0069436598569154,-0.2792715728282928,75.8148193359375,103.5434875488281,2.1324462890625
32878,0.0919952392578125,0.950286865234375,0.0402679443359375,0.0932223573327064,0.0465565845370292,-0.2271415442228317,75.59223937988281,103.3340454101562,2.118972778320312
32879,0.0590667724609375,0.9600830078125,0.04705810546875,0.1389051526784897,0.0535971820354461,-0.1722119748592377,75.45677185058594,103.2667846679688,2.051071166992188
32880,-0.0620269775390625,0.978515625,0.0740203857421875,0.2141644954681396,0.0474498085677623,-0.0798522233963012,75.22642517089844,103.1250305175781,1.685897827148438
32881,-0.0620269775390625,0.978515625,0.0740203857421875,0.2141644954681396,0.0474498085677623,-0.0798522233963012,75.22642517089844,103.1250305175781,1.685897827148438
32882,-0.1230316162109375,1.002777099609375,0.090301513671875,0.2294627577066422,0.1035178676247597,-0.066081017255783,75.19514465332031,103.0564575195312,1.57086181640625
32883,-0.169647216796875,1.0159912109375,0.1077117919921875,0.2207283824682236,0.2217292040586472,-0.0885956436395645,75.1932373046875,103.15283203125,1.446685791015625
32884,-0.239898681640625,1.032028198242188,0.1449127197265625,0.1963340938091278,0.6818634867668152,-0.2453010976314545,75.02992248535156,103.2938232421875,1.274337768554688
32885,-0.239898681640625,1.032028198242188,0.1449127197265625,0.1963340938091278,0.6818634867668152,-0.2453010976314545,75.02992248535156,103.2938232421875,1.274337768554688
32886,-0.2613677978515625,1.028045654296875,0.1529998779296875,0.1963340938091278,0.6818634867668152,-0.2453010976314545,74.94526672363281,103.1844329833984,1.244537353515625
32887,-0.26947021484375,1.026458740234375,0.155487060546875,0.1777460277080536,0.759802520275116,-0.2715449631214142,74.88595581054688,103.327392578125,1.2109375
32888,-0.22705078125,1.020553588867188,0.1768951416015625,0.1515945792198181,0.8577018976211548,-0.2818934619426727,74.50990295410156,103.0201416015625,1.263748168945312
32889,-0.22705078125,1.020553588867188,0.1768951416015625,0.1515945792198181,0.8577018976211548,-0.2818934619426727,74.50990295410156,103.0201416015625,1.263748168945312
32890,-0.18231201171875,1.013580322265625,0.176483154296875,0.1354861855506897,0.9318554997444152,-0.292441189289093,74.34391784667969,103.1345520019531,1.20562744140625
32891,-0.1434326171875,0.9994659423828124,0.169097900390625,0.1018110513687134,0.9922237992286682,-0.3024094104766846,74.23907470703125,103.1596984863281,1.209609985351562
32892,-0.0819549560546875,0.9589080810546876,0.17828369140625,0.0150481918826699,1.146292209625244,-0.3156223893165588,73.67655944824219,103.0863189697266,1.433059692382812
32893,-0.0819549560546875,0.9589080810546876,0.17828369140625,0.0150481918826699,1.146292209625244,-0.3156223893165588,73.67655944824219,103.0863189697266,1.433059692382812
32894,-0.0596923828125,0.9374847412109376,0.17974853515625,-0.0352115184068679,1.244028568267822,-0.3049463331699371,73.42861938476562,103.0957489013672,1.500930786132812
32895,-0.0467987060546875,0.9168701171875,0.1744384765625,-0.07634137570858,1.333606123924255,-0.2767690122127533,73.25309753417969,103.0232391357422,1.55950927734375
32896,-0.04791259765625,0.8668670654296875,0.17156982421875,-0.1257083863019943,1.51691734790802,-0.1669881939888,72.85935974121094,102.9450836181641,1.659927368164062
32897,-0.04791259765625,0.8668670654296875,0.17156982421875,-0.1257083863019943,1.51691734790802,-0.1669881939888,72.85935974121094,102.9450836181641,1.659927368164062
32898,-0.057281494140625,0.8612518310546875,0.1595458984375,-0.1401011794805527,1.573593378067017,-0.1035349145531654,72.58699035644531,102.8980712890625,1.792205810546875
32899,-0.06988525390625,0.874114990234375,0.165313720703125,-0.1434229463338852,1.636043190956116,-0.0604178048670291,72.43446350097656,102.8488922119141,1.917510986328125
32900,-0.1394195556640625,0.90338134765625,0.1897430419921875,-0.1461542844772339,1.781591415405273,0.0440484173595905,72.17744445800781,102.7339477539062,2.313735961914062
32901,-0.1394195556640625,0.90338134765625,0.1897430419921875,-0.1461542844772339,1.781591415405273,0.0440484173595905,72.17744445800781,102.7339477539062,2.313735961914062
32902,-0.1512603759765625,0.91168212890625,0.1942291259765625,-0.1545099467039108,1.831342101097107,0.0975483953952789,71.94810485839844,102.6776275634766,2.535202026367188
32903,-0.154083251953125,0.923980712890625,0.2083587646484375,-0.1523573100566864,1.881115317344666,0.1458916962146759,71.75471496582031,102.6209869384766,3.0228271484375
32904,-0.0882415771484375,0.9760284423828124,0.2272796630859375,-0.1676707565784454,2.009283065795898,0.1933593451976776,71.48410034179688,102.5540008544922,3.60040283203125
32905,-0.0882415771484375,0.9760284423828124,0.2272796630859375,-0.1676707565784454,2.009283065795898,0.1933593451976776,71.48410034179688,102.5540008544922,3.60040283203125
32906,-0.01678466796875,0.9965667724609376,0.216766357421875,-0.2353757619857788,2.075409412384033,0.2068852782249451,71.28303527832031,102.5207214355469,4.211502075195312
32907,-0.01678466796875,0.9965667724609376,0.216766357421875,-0.2353757619857788,2.075409412384033,0.2068852782249451,71.28303527832031,102.5207214355469,4.211502075195312
32908,0.03985595703125,0.9750823974609376,0.1918792724609375,-0.3522448539733887,2.111786365509033,0.2498042434453964,71.06918334960938,102.3833618164062,5.041732788085938
32909,0.03985595703125,0.9750823974609376,0.1918792724609375,-0.3522448539733887,2.111786365509033,0.2498042434453964,71.06918334960938,102.3833618164062,5.041732788085938
32910,0.058441162109375,0.96087646484375,0.165863037109375,-0.3928535282611847,2.105133771896362,0.2702810168266296,71.00062561035156,102.0838012695312,5.462127685546875
32911,0.066925048828125,0.957427978515625,0.1299591064453125,-0.4332678020000458,2.085280656814575,0.294158935546875,70.97674560546875,102.0206146240234,5.995956420898438
32912,0.0626678466796875,0.9829864501953124,0.068511962890625,-0.4833376407623291,1.951523900032043,0.3287097215652466,70.69613647460938,102.0183258056641,6.725723266601562
32913,0.0626678466796875,0.9829864501953124,0.068511962890625,-0.4833376407623291,1.951523900032043,0.3287097215652466,70.69613647460938,102.0183258056641,6.725723266601562
32914,0.0469818115234375,1.010940551757812,0.0492706298828125,-0.4829296469688416,1.865584015846252,0.3394185602664948,70.58206176757812,101.8711547851562,7.132858276367188
32915,0.0272369384765625,1.033615112304688,0.0337371826171875,-0.4686625599861145,1.771167755126953,0.3506703972816467,70.4884033203125,101.7627105712891,7.783950805664062
32916,-0.0037841796875,1.062896728515625,0.032928466796875,-0.3138261139392853,1.498693943023682,0.3341968953609467,70.30226135253906,101.4985656738281,8.550521850585938
32917,-0.0037841796875,1.062896728515625,0.032928466796875,-0.3138261139392853,1.498693943023682,0.3341968953609467,70.30226135253906,101.4985656738281,8.550521850585938
32918,-0.00555419921875,1.062973022460938,0.03631591796875,-0.3138261139392853,1.498693943023682,0.3341968953609467,70.245849609375,101.3096466064453,9.113632202148438
32919,0.0034637451171875,1.059738159179688,0.0495147705078125,-0.2506492733955383,1.455784559249878,0.3379048109054565,70.24098205566406,101.0495452880859,9.500244140625
32920,0.0265960693359375,1.017623901367188,0.046112060546875,-0.1559110432863235,1.458605289459229,0.2913708686828613,70.00035095214844,100.8598175048828,10.079345703125
32921,0.0265960693359375,1.017623901367188,0.046112060546875,-0.1559110432863235,1.458605289459229,0.2913708686828613,70.00035095214844,100.8598175048828,10.079345703125
32922,0.0540924072265625,1.03192138671875,0.0339202880859375,-0.10143181681633,1.439928293228149,0.2529717981815338,69.836669921875,100.7646942138672,10.65126037597656
32923,0.0540924072265625,1.03192138671875,0.0339202880859375,-0.10143181681633,1.439928293228149,0.2529717981815338,69.836669921875,100.7646942138672,10.65126037597656
32924,0.0582275390625,1.024429321289062,0.0210418701171875,-0.081690602004528,1.345397591590881,0.2208503484725952,69.69435119628906,100.7095794677734,10.87539672851562
32925,0.051910400390625,1.0137939453125,0.00408935546875,-0.081690602004528,1.345397591590881,0.2208503484725952,69.62460327148438,100.6427612304688,11.12081909179688
32926,0.0169830322265625,0.9942626953125,-0.0147247314453125,-0.0949174538254737,1.152562856674194,0.2269841432571411,69.4307861328125,100.5181579589844,11.70506286621094
32927,0.0169830322265625,0.9942626953125,-0.0147247314453125,-0.0949174538254737,1.152562856674194,0.2269841432571411,69.4307861328125,100.5181579589844,11.70506286621094
32928,0.0376129150390625,0.9801483154296876,-0.0006256103515625,-0.0740571841597557,0.9233898520469666,0.2283370345830917,69.12681579589844,100.5625762939453,11.95680236816406
32929,0.0376129150390625,0.9801483154296876,-0.0006256103515625,-0.0740571841597557,0.9233898520469666,0.2283370345830917,69.12681579589844,100.5625762939453,11.95680236816406
32930,0.0697479248046875,0.9940032958984376,0.0051116943359375,-0.0473257042467594,0.764290452003479,0.2217481136322021,69.03562927246094,100.4461059570312,12.12101745605469
32931,0.0697479248046875,0.9940032958984376,0.0051116943359375,-0.0473257042467594,0.764290452003479,0.2217481136322021,69.03562927246094,100.4461059570312,12.12101745605469
32932,0.1036529541015625,1.021255493164062,0.018524169921875,-0.0431384146213531,0.4882237315177917,0.217130184173584,68.88241577148438,100.2869567871094,12.53477478027344
32933,0.1036529541015625,1.021255493164062,0.018524169921875,-0.0431384146213531,0.4882237315177917,0.217130184173584,68.88241577148438,100.2869567871094,12.53477478027344
32934,0.113433837890625,1.038848876953125,0.0165863037109375,-0.0431384146213531,0.4882237315177917,0.217130184173584,68.94583129882812,100.2678680419922,12.5045166015625
32935,0.1331939697265625,1.053848266601562,0.0243072509765625,-0.0350189693272113,0.3578268587589264,0.2211188077926636,68.91410827636719,100.1578216552734,12.67066955566406
32936,0.1811676025390625,1.059066772460938,0.06719970703125,0.0117551926523447,-0.0175792593508958,0.2405723929405212,68.93597412109375,100.0965423583984,13.09658813476562
32937,0.1811676025390625,1.059066772460938,0.06719970703125,0.0117551926523447,-0.0175792593508958,0.2405723929405212,68.93597412109375,100.0965423583984,13.09658813476562
32938,0.2050323486328125,1.05615234375,0.0649871826171875,0.0117551926523447,-0.0175792593508958,0.2405723929405212,69.03805541992188,100.0150146484375,13.05549621582031
32939,0.2210235595703125,1.05218505859375,0.0811614990234375,-0.01490278262645,-0.2376607656478882,0.2543976604938507,69.12777709960938,99.96014404296876,13.01895141601562
32940,0.2385406494140625,1.04833984375,0.09759521484375,-0.0162359606474638,-0.3378632664680481,0.2498545795679092,69.17221069335938,99.98551940917967,12.91935729980469
32941,0.2385406494140625,1.04833984375,0.09759521484375,-0.0162359606474638,-0.3378632664680481,0.2498545795679092,69.17221069335938,99.98551940917967,12.91935729980469
32942,0.263916015625,1.041793823242188,0.1076202392578125,-0.0217505693435668,-0.4374207556247711,0.2398506700992584,69.52418518066406,99.8193359375,12.91644287109375
32943,0.2691497802734375,1.03070068359375,0.0818328857421875,-0.0198559965938329,-0.5514892339706421,0.233006089925766,69.64649963378906,99.59629821777344,13.16561889648438
32944,0.2668304443359375,1.01556396484375,0.050567626953125,-0.0089005501940846,-0.6979237198829651,0.2165576070547104,69.77198791503906,99.5924835205078,13.39263916015625
32945,0.2544403076171875,0.9974212646484376,0.02874755859375,0.0742220357060432,-1.013516545295715,0.2044876217842102,70.0299072265625,99.6090087890625,13.36268615722656
32946,0.235931396484375,0.983489990234375,0.0195770263671875,0.0742220357060432,-1.013516545295715,0.2044876217842102,70.23301696777344,99.5983428955078,12.99369812011719
32947,0.2296905517578125,0.95965576171875,0.0613555908203125,0.1694952845573425,-1.264041185379028,0.2000910192728043,70.65718078613281,99.53352355957033,12.39781188964844
32948,0.2294769287109375,0.93780517578125,0.092010498046875,0.2162260413169861,-1.39290988445282,0.2353304922580719,70.86891174316406,99.77584838867188,12.13520812988281
32949,0.2294769287109375,0.93780517578125,0.092010498046875,0.2162260413169861,-1.39290988445282,0.2353304922580719,70.86891174316406,99.77584838867188,12.13520812988281
32950,0.252960205078125,0.90283203125,0.1050872802734375,0.2058498412370682,-1.474862575531006,0.2490455061197281,71.41595458984375,99.84271240234376,11.72615051269531
32951,0.2596435546875,0.8906097412109375,0.1160430908203125,0.1781348437070847,-1.567180275917053,0.2686485052108765,71.73051452636719,99.93406677246094,11.3980712890625
32952,0.263671875,0.8927764892578125,0.12274169921875,0.1353530287742615,-1.665834426879883,0.2836101353168488,72.05293273925781,100.0293426513672,11.03863525390625
32953,0.263671875,0.8927764892578125,0.12274169921875,0.1353530287742615,-1.665834426879883,0.2836101353168488,72.05293273925781,100.0293426513672,11.03863525390625
32954,0.2706756591796875,0.9107513427734376,0.1298828125,0.0973137691617012,-1.739157319068909,0.2956782579421997,72.40800476074219,100.1180877685547,10.9146728515625
32955,0.28265380859375,0.92822265625,0.132537841796875,0.05466990172863,-1.801639676094055,0.305517315864563,72.89237976074219,100.0478210449219,10.69721984863281
32956,0.3096771240234375,0.98040771484375,0.1382293701171875,0.0459856018424034,-1.940013527870178,0.2820498049259186,73.68960571289062,100.2395477294922,10.52337646484375
32957,0.3096771240234375,0.98040771484375,0.1382293701171875,0.0459856018424034,-1.940013527870178,0.2820498049259186,73.68960571289062,100.2395477294922,10.52337646484375
32958,0.3191070556640625,0.9950714111328124,0.1396636962890625,0.0609762668609619,-2.013116359710693,0.2580097019672394,74.11782836914062,100.4805755615234,10.16529846191406
32959,0.3190155029296875,1.006256103515625,0.13543701171875,0.0780553892254829,-2.091597080230713,0.2296973764896393,74.55987548828125,100.5413970947266,9.959518432617188
32960,0.323822021484375,1.0157470703125,0.1358184814453125,0.0532517693936824,-2.412321090698242,0.1091778874397278,75.34590148925781,100.7541198730469,9.602752685546877
32961,0.323822021484375,1.0157470703125,0.1358184814453125,0.0532517693936824,-2.412321090698242,0.1091778874397278,75.34590148925781,100.7541198730469,9.602752685546877
32962,0.3131866455078125,1.022048950195312,0.149169921875,0.0532517693936824,-2.412321090698242,0.1091778874397278,75.76651000976562,100.9430084228516,9.380233764648438
32963,0.2976837158203125,1.010345458984375,0.1674041748046875,0.0200272370129823,-2.506497144699097,0.0731756761670112,76.145751953125,100.9489898681641,9.065963745117188
32964,0.263458251953125,0.998046875,0.2100677490234375,-0.0411144122481346,-2.596205949783325,0.0027606326621025,77.04376220703125,101.101806640625,7.990692138671875
32965,0.263458251953125,0.998046875,0.2100677490234375,-0.0411144122481346,-2.596205949783325,0.0027606326621025,77.04376220703125,101.101806640625,7.990692138671875
32966,0.18585205078125,1.000396728515625,0.2208709716796875,-0.1051043123006821,-2.61067795753479,0.0033111080992966,77.63475036621094,101.1729431152344,7.006256103515625
32967,0.18585205078125,1.000396728515625,0.2208709716796875,-0.1051043123006821,-2.61067795753479,0.0033111080992966,77.63475036621094,101.1729431152344,7.006256103515625
32968,0.1205902099609375,0.973052978515625,0.156341552734375,-0.1655740439891815,-2.645410060882568,0.0190519876778125,78.12921142578125,101.1034545898438,6.035552978515625
32969,0.1205902099609375,0.973052978515625,0.156341552734375,-0.1655740439891815,-2.645410060882568,0.0190519876778125,78.12921142578125,101.1034545898438,6.035552978515625
32970,0.117462158203125,0.954742431640625,0.1141510009765625,-0.1746889799833298,-2.700060844421387,0.0056533585302531,78.36146545410156,100.9846649169922,5.46026611328125
32971,0.132659912109375,0.9434967041015624,0.08819580078125,-0.1618576049804688,-2.731154441833496,-0.024981515482068,78.64596557617188,100.9235229492188,4.970916748046875
32972,0.135833740234375,0.9484710693359376,0.0757598876953125,-0.1261874884366989,-2.721501588821411,-0.0495542362332344,78.805419921875,100.9402923583984,4.42510986328125
32973,0.1294708251953125,0.9608917236328124,0.0637969970703125,-0.0892880707979202,-2.670597076416016,-0.0586755648255348,78.96275329589844,100.9245452880859,4.063812255859375
32974,0.12371826171875,0.9668121337890624,0.056549072265625,-0.0621126405894756,-2.626362800598145,-0.0537258125841617,79.23367309570312,100.8318634033203,3.728134155273438
32975,0.1155242919921875,0.97857666015625,0.05975341796875,-0.0412560924887657,-2.586758613586426,-0.0410699397325515,79.46662902832031,101.0472259521484,3.147628784179688
32976,0.10870361328125,0.9923553466796876,0.0707244873046875,-0.0222672224044799,-2.548391342163086,-0.0261517092585563,79.59217834472656,101.15380859375,2.323211669921875
32977,0.1004486083984375,0.99786376953125,0.08660888671875,-0.0102214785292744,-2.48121976852417,-0.0102497078478336,79.68818664550781,101.1359558105469,1.6893310546875
32978,0.0930633544921875,1.004043579101562,0.0972900390625,-0.0044791707769036,-2.402128219604492,-0.0155904116109013,79.78343200683594,101.1748504638672,1.03363037109375
32979,0.0744476318359375,1.0133056640625,0.1251983642578125,0.0092089446261525,-2.140432596206665,-0.0913418978452682,79.925048828125,101.1621704101562,-0.0852203369140625
32980,0.0744476318359375,1.0133056640625,0.1251983642578125,0.0092089446261525,-2.140432596206665,-0.0913418978452682,79.925048828125,101.1621704101562,-0.0852203369140625
32981,0.067413330078125,1.019256591796875,0.130523681640625,0.0051388354040682,-1.959909677505493,-0.1447028517723083,79.89573669433594,101.2721862792969,-0.702423095703125
32982,0.0583953857421875,1.042144775390625,0.139617919921875,-0.0173877794295549,-1.722262263298035,-0.1878399401903152,79.95799255371094,101.4658050537109,-1.179824829101562
32983,0.042266845703125,1.080703735351562,0.139739990234375,-0.0731391906738281,-1.453259348869324,-0.1952382028102875,79.92222595214844,101.3850555419922,-1.469314575195312
32984,-0.016204833984375,1.101058959960938,0.04827880859375,-0.1373243033885956,-1.083227396011353,-0.2061691433191299,79.8504638671875,101.5030212402344,-2.087966918945312
32985,-0.016204833984375,1.101058959960938,0.04827880859375,-0.1373243033885956,-1.083227396011353,-0.2061691433191299,79.8504638671875,101.5030212402344,-2.087966918945312
32986,-0.0689849853515625,1.081298828125,-0.0068206787109375,-0.0971084386110305,-1.084134817123413,-0.1951327472925186,79.85098266601562,101.4252166748047,-2.382537841796875
32987,-0.10638427734375,1.060638427734375,-0.02471923828125,-0.0398424863815307,-1.117366194725037,-0.1744663417339325,79.78239440917969,101.5088043212891,-2.652267456054688
32988,-0.1224365234375,1.032867431640625,-0.031036376953125,0.0200389549136161,-1.134618759155273,-0.1502984315156937,79.7301025390625,101.6137847900391,-2.864715576171875
32989,-0.132080078125,1.000076293945312,-0.017730712890625,0.0637155994772911,-1.159369945526123,-0.1307050138711929,79.63934326171875,101.6651458740234,-3.112213134765625
32990,-0.1279449462890625,0.955780029296875,0.002655029296875,0.0980056598782539,-1.144416809082031,-0.1240332648158073,79.61676025390625,101.7082824707031,-3.323745727539062
32991,-0.1104583740234375,0.9084930419921876,0.0244293212890625,0.1232883781194687,-1.116965413093567,-0.1247432604432106,79.61154174804688,101.759033203125,-3.712158203125
32992,-0.0821685791015625,0.873077392578125,0.055145263671875,0.1207884699106216,-1.0509272813797,-0.1230332478880882,79.52163696289062,101.7259674072266,-4.011734008789062
32993,-0.043060302734375,0.863616943359375,0.080230712890625,0.082859992980957,-0.9436490535736084,-0.1167782843112946,79.47567749023438,101.6016693115234,-4.419021606445312
32994,0.0190582275390625,0.8837738037109375,0.0942230224609375,0.0260502435266971,-0.7718069553375244,-0.1066878288984299,79.38191223144531,101.62890625,-4.696624755859375
32995,0.0637054443359375,0.9186859130859376,0.068603515625,-0.0499172247946262,-0.5913605093955994,-0.0903711766004562,79.41114807128906,101.6508331298828,-4.952392578125
32996,0.076568603515625,0.962921142578125,0.0316162109375,-0.0887032374739646,-0.469034343957901,-0.072045162320137,79.40211486816406,101.6483001708984,-5.122024536132812
32997,0.0883331298828125,0.9889984130859376,0.0028533935546875,-0.1189612746238708,-0.3575107455253601,-0.057262223213911,79.31060791015625,101.5841522216797,-5.188720703125
32998,0.0814971923828125,1.020782470703125,-0.0179443359375,-0.1643633842468262,-0.223350003361702,-0.0382078401744365,79.19696044921875,101.5687866210938,-5.419219970703125
32999,0.0655517578125,1.043243408203125,-0.0586395263671875,-0.165557011961937,-0.1330499351024628,-0.021360682323575,79.23788452148438,101.6850738525391,-5.329910278320312
33000,0.0227508544921875,1.028793334960938,-0.0893402099609375,-0.0317038670182228,-0.2068690210580826,-0.0059742690064013,79.13577270507812,101.6600189208984,-5.314971923828125
33001,0.0227508544921875,1.028793334960938,-0.0893402099609375,-0.0317038670182228,-0.2068690210580826,-0.0059742690064013,79.13577270507812,101.6600189208984,-5.314971923828125
33002,0.0016632080078125,1.010452270507812,-0.0616302490234375,0.0507750287652015,-0.2192162424325943,-0.0028887307271361,79.23785400390625,101.5922698974609,-5.33624267578125
33003,-0.0063629150390625,0.9910430908203124,-0.05242919921875,0.0896942019462585,-0.2113543152809143,-0.0078856199979782,79.20639038085938,101.6242523193359,-5.388275146484375
33004,4.57763671875e-05,0.9816741943359376,-0.0377044677734375,0.0564765930175781,-0.1825066953897476,-0.0467051863670349,79.18215942382812,101.6719360351562,-5.413986206054688
33005,4.57763671875e-05,0.9816741943359376,-0.0377044677734375,0.0564765930175781,-0.1825066953897476,-0.0467051863670349,79.18215942382812,101.6719360351562,-5.413986206054688
33006,0.003692626953125,0.985260009765625,-0.0349578857421875,0.0281951520591974,-0.1385701298713684,-0.071472056210041,79.19329833984375,101.7979278564453,-5.4832763671875
33007,0.0158233642578125,0.9950408935546876,-0.034454345703125,0.0204205866903066,-0.1094958707690239,-0.0986988767981529,79.11433410644531,101.6640014648438,-5.366668701171875
33008,0.03662109375,1.007110595703125,-0.02935791015625,0.0303358007222414,-0.0735394656658172,-0.1160387247800827,79.14166259765625,101.6651306152344,-5.427322387695312
33009,0.0589599609375,1.017333984375,-0.0243072509765625,0.0490375831723213,0.0035425368696451,-0.126160591840744,79.0880126953125,101.8101043701172,-5.676727294921875
33010,0.0807342529296875,1.023406982421875,-0.0267486572265625,0.0728920474648475,0.0807803347706794,-0.1191279888153076,79.09393310546875,101.7798461914062,-5.857101440429688
33011,0.09857177734375,1.026535034179688,-0.0280609130859375,0.0927584320306778,0.1441385298967361,-0.1013583093881607,79.07583618164062,101.7819213867188,-5.736785888671875
33012,0.122222900390625,1.007705688476562,-0.0306396484375,0.0921552255749702,0.2123410254716873,0.0122766401618719,78.99357604980469,101.7987976074219,-5.86749267578125
33013,0.122222900390625,1.007705688476562,-0.0306396484375,0.0921552255749702,0.2123410254716873,0.0122766401618719,78.99357604980469,101.7987976074219,-5.86749267578125
33014,0.11846923828125,0.9870147705078124,-0.0314483642578125,0.0921552255749702,0.2123410254716873,0.0122766401618719,79.00997924804688,101.8824615478516,-5.858901977539062
33015,0.11328125,0.968475341796875,-0.0358123779296875,0.0486706010997295,0.210535928606987,0.0522363074123859,78.94866943359375,102.0563201904297,-5.873367309570312
33016,0.100128173828125,0.954742431640625,-0.0295257568359375,0.0010876349406316,0.2103582918643951,0.0763589516282081,78.9390869140625,102.0260467529297,-5.650314331054688
33017,0.0821685791015625,0.9479827880859376,-0.02410888671875,-0.0423613041639328,0.2214921712875366,0.0921802595257759,78.99710083007812,102.0018615722656,-5.715240478515625
33018,0.0652618408203125,0.9285888671875,-0.01873779296875,-0.0643851161003112,0.2547348141670227,0.0888185501098632,78.97642517089844,101.9019927978516,-5.715179443359375
33019,0.0441131591796875,0.916900634765625,-0.0216064453125,-0.0749509409070015,0.2934190928936005,0.0736518502235412,79.03312683105469,101.7713470458984,-5.72802734375
33020,0.02789306640625,0.9114990234375,-0.021484375,-0.0683188661932945,0.334021657705307,0.0431128479540348,79.03721618652344,101.7301330566406,-5.445831298828125
33021,0.0216217041015625,0.89849853515625,-0.026092529296875,-0.0683188661932945,0.334021657705307,0.0431128479540348,79.16841125488281,101.8054656982422,-5.36883544921875
33022,0.0160369873046875,0.8950347900390625,-0.0205535888671875,-0.073274478316307,0.3484421372413635,0.0211393740028142,79.14631652832031,101.7913055419922,-5.16033935546875
33023,0.03472900390625,0.913482666015625,-0.0274505615234375,-0.0686565563082695,0.3705242574214935,-0.0018216022290289,79.26716613769531,101.8405303955078,-5.11285400390625
33024,0.1022796630859375,0.972686767578125,-0.041717529296875,-0.0993364378809928,0.2751218378543854,-0.0014671353856101,79.24057006835938,101.7883758544922,-5.002410888671875
33025,0.1022796630859375,0.972686767578125,-0.041717529296875,-0.0993364378809928,0.2751218378543854,-0.0014671353856101,79.24057006835938,101.7883758544922,-5.002410888671875
33026,0.1154937744140625,0.9716339111328124,-0.0244140625,-0.1157518997788429,0.2725399136543274,0.0127118006348609,79.16960144042969,101.8470611572266,-4.723876953125
33027,0.1126708984375,0.9661865234375,-0.0341033935546875,-0.1177649796009064,0.274889349937439,0.0151121076196432,79.171142578125,101.7949371337891,-4.532821655273438
33028,0.0896453857421875,0.9651031494140624,-0.040496826171875,-0.0224922597408294,0.2112573832273483,0.0142457811161875,79.18588256835938,101.8122253417969,-4.450881958007812
33029,0.0896453857421875,0.9651031494140624,-0.040496826171875,-0.0224922597408294,0.2112573832273483,0.0142457811161875,79.18588256835938,101.8122253417969,-4.450881958007812
33030,0.0775909423828125,0.967620849609375,-0.031158447265625,-0.0224922597408294,0.2112573832273483,0.0142457811161875,79.17459106445312,101.9488067626953,-4.449172973632812
33031,0.0662994384765625,0.9726409912109376,-0.0179901123046875,0.0129789151251316,0.2064298689365387,0.0128979552537202,79.18885803222656,101.9339141845703,-4.246322631835938
33032,0.054290771484375,0.980224609375,-0.0048065185546875,0.0295493695884943,0.219015434384346,-0.0074637751094996,79.25973510742188,101.9444122314453,-4.267745971679688
33033,0.040435791015625,0.9863433837890624,0.006927490234375,0.0295493695884943,0.219015434384346,-0.0074637751094996,79.21136474609375,101.7984466552734,-4.195175170898438
33034,0.025634765625,0.9920654296875,0.0181121826171875,0.0119117870926857,0.2623426616191864,-0.0252768602222204,79.17037963867188,101.7502746582031,-4.185043334960938
33035,0.0124359130859375,0.9973297119140624,0.0270843505859375,-0.0084789721295237,0.3174706399440765,-0.0496327988803386,79.19944763183594,101.6438446044922,-4.105072021484375
33036,-0.0275421142578125,0.997650146484375,0.0383148193359375,-0.0496634282171726,0.4367221891880035,-0.0624346137046814,79.07533264160156,101.5231170654297,-3.931610107421875
33037,-0.0275421142578125,0.997650146484375,0.0383148193359375,-0.0496634282171726,0.4367221891880035,-0.0624346137046814,79.07533264160156,101.5231170654297,-3.931610107421875
33038,-0.060455322265625,0.98431396484375,0.049285888671875,-0.0582822151482105,0.5427839159965515,-0.0636516809463501,79.0086669921875,101.2927093505859,-3.651596069335938
33039,-0.060455322265625,0.98431396484375,0.049285888671875,-0.0582822151482105,0.5427839159965515,-0.0636516809463501,79.0086669921875,101.2927093505859,-3.651596069335938
33040,-0.07635498046875,0.9767303466796876,0.0541229248046875,-0.0403764508664608,0.5892427563667297,-0.0656860694289207,79.03334045410156,101.2335357666016,-3.655746459960938
33041,-0.07635498046875,0.9767303466796876,0.0541229248046875,-0.0403764508664608,0.5892427563667297,-0.0656860694289207,79.03334045410156,101.2335357666016,-3.655746459960938
33042,-0.1047210693359375,0.9456939697265624,0.0645904541015625,-0.0668927505612373,0.6732956171035767,-0.0680789202451705,78.94540405273438,101.2597808837891,-3.411895751953125
33043,-0.12255859375,0.9288330078125,0.066375732421875,-0.0885506346821785,0.7498806715011597,-0.0638239830732345,78.93020629882812,101.1826171875,-3.088516235351562
33044,-0.1408538818359375,0.920440673828125,0.063995361328125,-0.0885506346821785,0.7498806715011597,-0.0638239830732345,78.95738220214844,100.9999694824219,-2.601058959960938
33045,-0.1567230224609375,0.92193603515625,0.052703857421875,-0.1117283925414085,0.8363271355628967,-0.0666565224528312,78.94338989257812,100.9168243408203,-2.549087524414062
33046,-0.1707000732421875,0.9313812255859376,0.0456695556640625,-0.1434066891670227,0.9273371696472168,-0.068989984691143,78.89797973632812,101.0562438964844,-2.587936401367188
33047,-0.17889404296875,0.95428466796875,0.0408935546875,-0.1672590374946594,1.012236952781677,-0.080626405775547,78.83061218261719,101.2362670898438,-2.620925903320312
33048,-0.1838226318359375,0.982696533203125,0.0392608642578125,-0.1927327066659927,1.094343781471252,-0.0927200838923454,78.75529479980469,101.2301940917969,-2.31207275390625
33049,-0.1815643310546875,1.016754150390625,0.045013427734375,-0.2148787528276443,1.170784473419189,-0.1007463186979294,78.74748229980469,101.2752075195312,-1.952438354492188
33050,-0.172821044921875,1.046707153320312,0.0501556396484375,-0.2322572022676468,1.250103831291199,-0.1148783788084984,78.68220520019531,101.2292327880859,-1.768829345703125
33051,-0.1551666259765625,1.073287963867188,0.0474395751953125,-0.2504090368747711,1.304572939872742,-0.1241411194205284,78.56495666503906,101.1293640136719,-1.441421508789062
33052,-0.1048736572265625,1.089935302734375,0.0566253662109375,-0.2740427255630493,1.385731339454651,-0.1212265565991402,78.41200256347656,101.1556091308594,-0.6190032958984375
33053,-0.1048736572265625,1.089935302734375,0.0566253662109375,-0.2740427255630493,1.385731339454651,-0.1212265565991402,78.41200256347656,101.1556091308594,-0.6190032958984375
33054,-0.0732269287109375,1.08770751953125,0.065765380859375,-0.2740427255630493,1.385731339454651,-0.1212265565991402,78.26313781738281,101.1455688476562,-0.3630523681640625
33055,-0.04541015625,1.083328247070312,0.0725860595703125,-0.2749993503093719,1.394619941711426,-0.1056462675333023,78.18959045410156,101.1466522216797,-0.055145263671875
33056,-0.0185546875,1.070266723632812,0.0726318359375,-0.2853302657604218,1.396955013275146,-0.0693918541073799,78.01713562011719,101.1259918212891,0.3200531005859375
33057,0.008575439453125,1.067611694335938,0.0767822265625,-0.2901601791381836,1.411513447761536,-0.0439674593508243,77.8585205078125,101.1224975585938,0.755950927734375
33058,0.0356903076171875,1.056015014648438,0.071807861328125,-0.2814444601535797,1.459087371826172,-0.0300335325300693,77.70094299316406,100.9480590820312,1.2396240234375
33059,0.0623779296875,1.04833984375,0.056640625,-0.2607008218765259,1.476896405220032,-0.0122587969526648,77.66664123535156,100.866455078125,1.582489013671875
33060,0.07794189453125,1.048614501953125,0.0636749267578125,-0.2548288404941559,1.505871415138245,-0.016728114336729,77.5166015625,100.7926025390625,1.959762573242188
33061,0.0863189697265625,1.034805297851562,0.0567626953125,-0.2568640112876892,1.505452513694763,-0.0318460799753665,77.39645385742188,100.7348175048828,2.265457153320312
33062,0.0843505859375,1.023284912109375,0.044677734375,-0.2568640112876892,1.505452513694763,-0.0318460799753665,77.31727600097656,100.6590423583984,2.654510498046875
33063,0.0644989013671875,0.9987945556640624,0.0361785888671875,-0.2574717402458191,1.445647239685059,-0.0416965819895267,77.19877624511719,100.6629943847656,3.052871704101562
33064,0.035308837890625,0.9748382568359376,0.0404205322265625,-0.2588459253311157,1.389544725418091,-0.0502543821930885,77.10595703125,100.568359375,3.3721923828125
33065,-0.0003204345703125,0.9498291015625,0.0355682373046875,-0.2669994831085205,1.332666277885437,-0.045338187366724,76.8927001953125,100.4644470214844,3.568435668945312
33066,-0.0446014404296875,0.9370880126953124,0.0477752685546875,-0.2775996625423431,1.280452132225037,-0.0271567851305007,76.73507690429688,100.3148803710938,3.863113403320312
33067,-0.064483642578125,0.936553955078125,0.062255859375,-0.2858911454677582,1.250009775161743,0.0112960636615753,76.58882141113281,100.1857452392578,4.304107666015625
33068,-0.0592498779296875,0.9448089599609376,0.0674896240234375,-0.2947701215744019,1.21451723575592,0.0224637631326913,76.44688415527344,100.2434844970703,4.590927124023438
33069,-0.0712432861328125,0.9481964111328124,0.0752716064453125,-0.3274873197078705,1.164976954460144,0.0256579592823982,76.29855346679688,100.2313232421875,5.029403686523438
33070,-0.0647125244140625,0.9529266357421876,0.0840911865234375,-0.3274873197078705,1.164976954460144,0.0256579592823982,76.21687316894531,100.0883941650391,5.481292724609375
33071,-0.057891845703125,0.95953369140625,0.0801544189453125,-0.3464759290218353,1.15809178352356,0.0181952491402626,76.06631469726562,99.99836730957033,6.080245971679688
33072,-0.049468994140625,0.98223876953125,0.06036376953125,-0.3895823955535889,1.110000491142273,0.0253469012677669,75.80377197265625,99.96253967285156,6.410552978515625
33073,-0.049468994140625,0.98223876953125,0.06036376953125,-0.3895823955535889,1.110000491142273,0.0253469012677669,75.80377197265625,99.96253967285156,6.410552978515625
33074,-0.0537567138671875,0.9946441650390624,0.0565643310546875,-0.3895823955535889,1.110000491142273,0.0253469012677669,75.63191223144531,99.87980651855467,6.72320556640625
33075,-0.048858642578125,1.007980346679688,0.0620574951171875,-0.3793723583221436,1.101562738418579,0.0337017700076103,75.64749145507812,99.81272888183594,7.123245239257812
33076,-0.0565948486328125,1.012100219726562,0.061920166015625,-0.3566824793815613,1.106051325798035,0.053811565041542,75.53321838378906,99.70257568359376,7.63397216796875
33077,-0.06280517578125,1.017166137695312,0.062469482421875,-0.2908755242824554,1.11157763004303,0.059271577745676,75.32765197753906,99.57672119140624,7.957763671875
33078,-0.064422607421875,1.016586303710938,0.063018798828125,-0.2908755242824554,1.11157763004303,0.059271577745676,75.20574951171875,99.58024597167967,8.367538452148438
33079,-0.0794219970703125,1.003265380859375,0.061981201171875,-0.2608776688575745,1.102653622627258,0.0584047213196754,75.16865539550781,99.57786560058594,8.706161499023438
33080,-0.089569091796875,0.991729736328125,0.0581512451171875,-0.2387673109769821,1.082692980766296,0.0546810887753963,75.04428100585938,99.52523803710938,8.975387573242188
33081,-0.0958404541015625,0.98883056640625,0.0407867431640625,-0.2222793996334076,1.034152269363403,0.0503808818757534,74.91586303710938,99.46798706054688,9.257614135742188
33082,-0.095947265625,0.9931182861328124,0.0276641845703125,-0.2137391865253448,0.9759955406188964,0.0500858053565025,74.73309326171875,99.41424560546876,9.52313232421875
33083,-0.0931549072265625,1.001129150390625,0.0123138427734375,-0.2008092701435089,0.9272048473358154,0.0597141981124877,74.65377807617188,99.30290222167967,9.802230834960938
33084,-0.0899658203125,1.0108642578125,0.0007476806640625,-0.1816619336605072,0.8801254630088806,0.0735133662819862,74.56379699707031,99.30853271484376,10.1663818359375
33085,-0.08282470703125,1.01446533203125,0.004913330078125,-0.1508486270904541,0.8503276109695435,0.0862651169300079,74.40634155273438,99.25373840332033,10.45710754394531
33086,-0.08331298828125,1.011688232421875,0.013671875,-0.1182749792933464,0.834589958190918,0.1013106405735016,74.31654357910156,99.15171813964844,10.65568542480469
33087,-0.0832366943359375,1.008010864257812,0.0211334228515625,-0.0993481576442718,0.8089926838874817,0.111803762614727,74.24882507324219,99.1093292236328,10.93363952636719
33088,-0.0742340087890625,1.01116943359375,0.03790283203125,-0.0924401879310607,0.7593609690666199,0.103376992046833,74.05157470703125,98.97415161132812,11.39073181152344
33089,-0.0742340087890625,1.01116943359375,0.03790283203125,-0.0924401879310607,0.7593609690666199,0.103376992046833,74.05157470703125,98.97415161132812,11.39073181152344
33090,-0.070098876953125,1.019302368164062,0.03363037109375,-0.0924401879310607,0.7593609690666199,0.103376992046833,73.87971496582031,98.9918212890625,11.46757507324219
33091,-0.0633544921875,1.028244018554688,0.0317840576171875,-0.0843124836683273,0.7529475688934326,0.0924034342169761,73.76315307617188,99.07118225097656,11.51289367675781
33092,-0.0482177734375,1.043869018554688,0.007354736328125,0.0506077818572521,0.6594852209091187,0.035463985055685,73.60726928710938,98.88542175292967,11.81564331054688
33093,-0.0482177734375,1.043869018554688,0.007354736328125,0.0506077818572521,0.6594852209091187,0.035463985055685,73.60726928710938,98.88542175292967,11.81564331054688
33094,-0.0511627197265625,1.057754516601562,0.02764892578125,0.0506077818572521,0.6594852209091187,0.035463985055685,73.50950622558594,98.94210815429688,12.05482482910156
33095,-0.0475921630859375,1.0985107421875,0.1195068359375,0.1688220351934433,0.5357369184494019,-0.0324530154466629,73.2882080078125,98.78897094726562,12.29283142089844
33096,-0.0475921630859375,1.0985107421875,0.1195068359375,0.1688220351934433,0.5357369184494019,-0.0324530154466629,73.2882080078125,98.78897094726562,12.29283142089844
33097,-0.042205810546875,1.120040893554688,0.149444580078125,0.1452655792236328,0.5444798469543457,-0.0391207709908485,73.22364807128906,98.79766845703124,12.4207763671875
33098,-0.0390167236328125,1.135391235351562,0.1682281494140625,0.1452655792236328,0.5444798469543457,-0.0391207709908485,73.0867919921875,98.82603454589844,12.58392333984375
33099,-0.025848388671875,1.148284912109375,0.176055908203125,0.1878242343664169,0.5642220973968506,-0.0307832118123769,72.97830200195312,98.92762756347656,12.58744812011719
33100,0.006195068359375,1.150177001953125,0.2072296142578125,0.2409580200910568,0.5027134418487549,-0.0218781344592571,72.75770568847656,98.96279907226562,12.48283386230469
33101,0.006195068359375,1.150177001953125,0.2072296142578125,0.2409580200910568,0.5027134418487549,-0.0218781344592571,72.75770568847656,98.96279907226562,12.48283386230469
33102,0.03338623046875,1.136810302734375,0.2359619140625,0.253886878490448,0.4001974761486053,-0.0222033057361841,72.61375427246094,98.83717346191406,12.6431884765625
33103,0.066314697265625,1.114700317382812,0.271514892578125,0.2169315069913864,0.2869015336036682,-0.0240265056490898,72.55941772460938,98.8078155517578,12.89576721191406
33104,0.1064605712890625,1.084503173828125,0.3084259033203125,0.1494981497526169,0.2583170235157013,-0.0203265771269798,72.5357666015625,98.80645751953124,12.85450744628906
33105,0.154052734375,1.049148559570312,0.3132476806640625,0.0286817122250795,0.3954887390136719,0.0165414251387119,72.44383239746094,98.92735290527344,12.66249084472656
33106,0.1931304931640625,1.012344360351562,0.2995758056640625,0.0286817122250795,0.3954887390136719,0.0165414251387119,72.37327575683594,98.89312744140624,12.56672668457031
33107,0.22259521484375,0.98272705078125,0.27752685546875,0.0453757382929325,0.4824548065662384,0.0496040396392345,72.32666015625,98.91415405273438,12.5810546875
33108,0.246185302734375,0.961578369140625,0.2532196044921875,0.1544007509946823,0.5746760964393616,0.106439620256424,72.01939392089844,98.96331787109376,12.68301391601562
33109,0.246185302734375,0.961578369140625,0.2532196044921875,0.1544007509946823,0.5746760964393616,0.106439620256424,72.01939392089844,98.96331787109376,12.68301391601562
33110,0.238922119140625,0.95916748046875,0.231689453125,0.1948674917221069,0.538029670715332,0.115556426346302,72.07002258300781,98.98004150390624,12.67190551757812
33111,0.1685791015625,0.95098876953125,0.19622802734375,0.2050045430660248,0.464588463306427,0.1385389715433121,72.05624389648438,98.98939514160156,12.7947998046875
33112,0.0997467041015625,0.9341278076171876,0.1802978515625,0.2045749723911285,0.3681897521018982,0.1526912748813629,71.89433288574219,98.95419311523438,12.98440551757812
33113,0.0897064208984375,0.913360595703125,0.197540283203125,0.1895435601472855,0.4043493568897247,0.1052968576550484,71.913330078125,99.05990600585938,12.79998779296875
33114,0.0985260009765625,0.89459228515625,0.18951416015625,0.1895435601472855,0.4043493568897247,0.1052968576550484,71.90347290039062,98.94525146484376,12.79725646972656
33115,0.1168060302734375,0.8939971923828125,0.1816864013671875,0.1850638687610626,0.3897733390331268,0.0785773694515228,71.93257141113281,99.09034729003906,12.90655517578125
33116,0.1402740478515625,0.909271240234375,0.190948486328125,0.1344102770090103,0.3393754065036774,0.0485036186873912,71.98414611816406,99.220458984375,12.96611022949219
33117,0.165008544921875,0.9326324462890624,0.2012176513671875,0.0981175079941749,0.328680157661438,0.0575072355568409,71.90647888183594,99.32008361816406,12.9832763671875
33118,0.1837005615234375,0.954437255859375,0.2039031982421875,0.0981175079941749,0.328680157661438,0.0575072355568409,71.85704040527344,99.36448669433594,13.07353210449219
33119,0.188934326171875,0.9703826904296876,0.1950836181640625,0.0760311186313629,0.3161611557006836,0.0764771997928619,71.86564636230469,99.16319274902344,13.20474243164062
33120,0.1791229248046875,0.9827728271484376,0.1945648193359375,0.0822384133934974,0.3327284157276154,0.1010363325476646,71.81439208984375,99.27301025390624,13.10885620117188
33121,0.1627197265625,0.9910125732421876,0.1981048583984375,0.1344707310199738,0.4607763886451721,0.1488427370786667,71.86222839355469,99.1918487548828,13.1422119140625
33122,0.14373779296875,1.000518798828125,0.1990814208984375,0.1344707310199738,0.4607763886451721,0.1488427370786667,71.82516479492188,99.10519409179688,13.19865417480469
33123,0.1275482177734375,1.01055908203125,0.198089599609375,0.1462658643722534,0.5119309425354004,0.1641037166118622,71.8358154296875,99.14283752441406,13.39112854003906
33124,0.096038818359375,1.01568603515625,0.1865234375,0.1112383753061295,0.5646740198135376,0.158868208527565,71.64865112304688,99.19313049316406,13.60671997070312
33125,0.096038818359375,1.01568603515625,0.1865234375,0.1112383753061295,0.5646740198135376,0.158868208527565,71.64865112304688,99.19313049316406,13.60671997070312
33126,0.0804901123046875,1.014266967773438,0.1647796630859375,0.0922321900725364,0.5554611086845398,0.1429379731416702,71.5712890625,99.11900329589844,13.92985534667969
33127,0.0719757080078125,0.996307373046875,0.1428375244140625,0.0813656970858573,0.5381249785423279,0.133391872048378,71.69204711914062,99.12664794921876,14.0263671875
33128,0.0847320556640625,0.9598388671875,0.1231689453125,0.0888387933373451,0.4961287975311279,0.1312554925680161,71.66812133789062,99.21534729003906,14.04988098144531
33129,0.138336181640625,0.91815185546875,0.1274261474609375,0.129374235868454,0.4267254769802094,0.1020709723234177,71.62916564941406,99.28285217285156,14.12779235839844
33130,0.155303955078125,0.9252471923828124,0.129150390625,0.1422756463289261,0.405489981174469,0.1068787798285484,71.52406311035156,99.24099731445312,14.19699096679688
33131,0.155303955078125,0.9252471923828124,0.129150390625,0.1422756463289261,0.405489981174469,0.1068787798285484,71.52406311035156,99.24099731445312,14.19699096679688
33132,0.1621856689453125,0.9266204833984376,0.1322479248046875,0.1253408789634705,0.3759166300296783,0.1120354607701302,71.50691223144531,99.18841552734376,14.21884155273438
33133,0.16558837890625,0.9228363037109376,0.1355438232421875,0.0954642072319984,0.3392760753631592,0.11363335698843,71.49053955078125,99.26643371582033,14.23956298828125
33134,0.1707763671875,0.941619873046875,0.017974853515625,-0.0077492659911513,0.1894650012254715,0.1320347338914871,71.5982666015625,99.19105529785156,14.30018615722656
33135,0.1707763671875,0.941619873046875,0.017974853515625,-0.0077492659911513,0.1894650012254715,0.1320347338914871,71.5982666015625,99.19105529785156,14.30018615722656
33136,0.1445159912109375,0.9535980224609376,0.0816802978515625,-0.0077492659911513,0.1894650012254715,0.1320347338914871,71.55903625488281,99.1866455078125,14.17611694335938
33137,0.1467742919921875,0.947052001953125,0.14422607421875,-0.03415397554636,0.3015028536319733,0.131162017583847,71.59312438964844,99.30755615234376,14.11091613769531
33138,0.1360321044921875,0.9488067626953124,0.0765533447265625,0.0167193245142698,0.2726278007030487,0.1129278838634491,71.62205505371094,99.21443176269533,14.22016906738281
33139,0.11968994140625,0.9488372802734376,0.084320068359375,0.0372134149074554,0.2824950814247131,0.1205692887306213,71.62678527832031,99.2408447265625,14.28155517578125
33140,0.107269287109375,0.957061767578125,0.0745391845703125,-0.0057292585261166,0.2537925839424133,0.0992347076535224,71.49964904785156,99.23126220703124,14.52439880371094
33141,0.107269287109375,0.957061767578125,0.0745391845703125,-0.0057292585261166,0.2537925839424133,0.0992347076535224,71.49964904785156,99.23126220703124,14.52439880371094
33142,0.0821990966796875,0.9620208740234376,0.0832366943359375,-0.0023228090722113,0.2789101898670197,0.0932479202747345,71.66209411621094,99.12898254394533,14.7537841796875
33143,0.0707550048828125,0.9613800048828124,0.0609588623046875,0.0009193231817334,0.2958204746246338,0.0841596201062202,71.64930725097656,99.06077575683594,15.00341796875
33144,0.06048583984375,0.9637908935546876,0.040130615234375,-0.0104036387056112,0.2737279534339905,0.0677465572953224,71.68208312988281,99.1506805419922,15.23968505859375
33145,0.059478759765625,0.976959228515625,0.030517578125,-0.0448343157768249,0.1905651539564133,0.0220413859933614,71.615966796875,99.2130126953125,15.18374633789062
33146,0.059478759765625,0.976959228515625,0.030517578125,-0.0448343157768249,0.1905651539564133,0.0220413859933614,71.615966796875,99.2130126953125,15.18374633789062
33147,0.0704803466796875,0.992340087890625,0.0207977294921875,-0.0483590103685855,0.1495127975940704,-0.0224768128246069,71.54180908203125,99.35719299316406,14.85697937011719
33148,0.0704803466796875,0.992340087890625,0.0207977294921875,-0.0483590103685855,0.1495127975940704,-0.0224768128246069,71.54180908203125,99.35719299316406,14.85697937011719
33149,0.0709991455078125,0.9889373779296876,0.04345703125,-0.0555719174444675,0.1556798666715622,-0.0412560924887657,71.48756408691406,99.27322387695312,14.80690002441406
33150,0.0743255615234375,0.9753875732421876,0.0368804931640625,-0.0504155047237873,0.1602242887020111,-0.0414603576064109,71.47520446777344,99.23695373535156,14.89970397949219
33151,0.1019439697265625,0.96405029296875,0.0186309814453125,-0.0331632792949676,0.1324632316827774,-0.0128577416762709,71.43675231933594,99.168701171875,15.03125
33152,0.1253204345703125,0.9730224609375,0.059112548828125,-0.0212357807904481,0.1886657923460007,0.0187465231865644,71.31309509277344,99.24623107910156,14.90336608886719
33153,0.131561279296875,0.9934234619140624,0.0708770751953125,-0.0260635577142238,0.3200379312038422,0.0275029968470335,71.25495910644531,99.21525573730467,14.96371459960938
33154,0.122314453125,0.9920806884765624,0.04339599609375,-0.0471270307898521,0.3817154169082642,0.010145578533411,71.30166625976562,99.32185363769533,15.1016845703125
33155,0.0903167724609375,0.9759979248046876,0.02764892578125,-0.0593296363949775,0.3877184391021729,-0.0060997041873633,71.24009704589844,99.41297912597656,15.31527709960938
33156,0.0583953857421875,0.9645233154296876,0.0181121826171875,-0.0523351095616817,0.3923888206481934,0.0098907137289643,71.16641235351562,99.29843139648438,15.37385559082031
33157,0.04278564453125,0.9686126708984376,0.0175323486328125,-0.0490743368864059,0.4056122004985809,0.0197646506130695,71.16557312011719,99.37307739257812,15.46937561035156
33158,0.0320892333984375,0.97589111328125,0.0147857666015625,-0.0490743368864059,0.4056122004985809,0.0197646506130695,71.18551635742188,99.28546142578124,15.53038024902344
33159,0.022308349609375,0.99151611328125,0.002716064453125,-0.0595378950238227,0.2907972037792206,0.0955869778990745,70.90579223632812,99.16603088378906,15.61070251464844
33160,0.022308349609375,0.99151611328125,0.002716064453125,-0.0595378950238227,0.2907972037792206,0.0955869778990745,70.90579223632812,99.16603088378906,15.61070251464844
33161,0.012420654296875,1.006103515625,-0.0062103271484375,-0.0595378950238227,0.2907972037792206,0.0955869778990745,70.90623474121094,99.14309692382812,15.61651611328125
33162,0.04998779296875,1.021469116210938,0.004791259765625,-0.0474644526839256,0.1762416064739227,0.1215794309973717,70.884033203125,99.10743713378906,15.64149475097656
33163,0.1331634521484375,1.002639770507812,0.0484161376953125,0.2243662625551224,0.3450956046581268,0.1529573202133179,70.79052734375,99.015869140625,15.809326171875
33164,0.1331634521484375,1.002639770507812,0.0484161376953125,0.2243662625551224,0.3450956046581268,0.1529573202133179,70.79052734375,99.015869140625,15.809326171875
33165,0.14501953125,0.98974609375,-0.0159149169921875,0.2168494910001755,0.2977898716926575,0.1625415086746216,70.82373046875,99.03929138183594,15.8546142578125
33166,0.1489715576171875,0.988006591796875,0.023651123046875,0.1680462658405304,0.320431262254715,0.1410916149616241,70.79354858398438,99.14089965820312,15.89321899414062
33167,0.1428070068359375,1.00634765625,-0.006134033203125,0.111068993806839,0.2221076339483261,0.102222241461277,70.84721374511719,99.14956665039062,15.95991516113281
33168,0.15087890625,0.97808837890625,0.0786895751953125,0.1092039868235588,0.3004985749721527,0.0645763278007507,70.75743103027344,99.27772521972656,15.65383911132812
33169,0.15087890625,0.97808837890625,0.0786895751953125,0.1092039868235588,0.3004985749721527,0.0645763278007507,70.75743103027344,99.27772521972656,15.65383911132812
33170,0.1121063232421875,0.985321044921875,-0.0075225830078125,0.0763919800519943,0.2853574454784393,0.0520469546318054,70.70390319824219,99.20465087890624,15.82112121582031
33171,0.07733154296875,0.9998626708984376,0.012725830078125,0.0940109193325042,0.4180073738098145,0.0579170957207679,70.69692993164062,99.27995300292967,15.89605712890625
33172,0.038543701171875,0.9898681640625,-0.063507080078125,0.1756160259246826,0.4451417922973633,-0.0225332714617252,70.61631774902344,99.36752319335938,15.88093566894531
33173,0.038543701171875,0.9898681640625,-0.063507080078125,0.1756160259246826,0.4451417922973633,-0.0225332714617252,70.61631774902344,99.36752319335938,15.88093566894531
33174,0.0477142333984375,1.0213623046875,-0.0188446044921875,0.1756160259246826,0.4451417922973633,-0.0225332714617252,70.58644104003906,99.37840270996094,15.8861083984375
33175,0.0562286376953125,1.060226440429688,0.0339202880859375,0.1259613931179047,0.388125091791153,-0.075718730688095,70.52337646484375,99.39901733398438,15.92691040039062
33176,0.0910186767578125,1.09063720703125,0.1078948974609375,0.0665281638503074,0.3693546056747437,-0.0836823806166648,70.34521484375,99.4578094482422,16.08515930175781
33177,0.0910186767578125,1.09063720703125,0.1078948974609375,0.0665281638503074,0.3693546056747437,-0.0836823806166648,70.34521484375,99.4578094482422,16.08515930175781
33178,0.1049652099609375,1.093338012695312,0.129364013671875,0.0665281638503074,0.3693546056747437,-0.0836823806166648,70.176513671875,99.54383850097656,16.06344604492188
33179,0.1091461181640625,1.0989990234375,0.13616943359375,0.0827228426933288,0.3803137838840485,-0.0742063224315643,70.11921691894531,99.54823303222656,16.25970458984375
33180,0.110382080078125,1.100143432617188,0.14581298828125,0.1375240385532379,0.3918599188327789,-0.0641411691904068,69.998291015625,99.55543518066406,16.20870971679688
33181,0.113739013671875,1.103118896484375,0.155853271484375,0.2191730886697769,0.4124693274497986,-0.0640689954161644,69.8958740234375,99.78726196289062,16.11039733886719
33182,0.1154327392578125,1.093063354492188,0.1495819091796875,0.2900294363498688,0.4318432807922363,-0.0657547786831855,69.86117553710938,99.81581115722656,16.15571594238281
33183,0.1087646484375,1.079437255859375,0.1468048095703125,0.3262433707714081,0.4127020835876465,-0.0532746724784374,69.78050231933594,99.90994262695312,16.06840515136719
33184,0.1032867431640625,1.066757202148438,0.1329803466796875,0.346240758895874,0.3848105370998383,-0.0204482842236757,69.69361877441406,99.97181701660156,16.04005432128906
33185,0.11083984375,1.052276611328125,0.1262969970703125,0.3833995759487152,0.3989095687866211,0.0484213270246982,69.68910217285156,100.0156860351562,15.85885620117188
33186,0.123931884765625,1.03082275390625,0.2071990966796875,0.3833995759487152,0.3989095687866211,0.0484213270246982,69.6419677734375,100.0220489501953,15.84295654296875
33187,0.1361846923828125,1.03759765625,0.13897705078125,0.3999524712562561,0.4434005916118622,0.0525819845497608,69.57798767089844,100.0991821289062,15.743408203125
33188,0.1127777099609375,1.046630859375,0.1088104248046875,0.3865836560726166,0.3247732818126678,0.0396435484290123,69.43760681152344,100.1495666503906,15.57803344726562
33189,0.100860595703125,1.050491333007812,0.1498565673828125,0.3433879911899567,0.3094678521156311,0.0511305630207061,69.41938781738281,100.2182922363281,15.43362426757812
33190,0.0889739990234375,1.032943725585938,0.142669677734375,0.3433879911899567,0.3094678521156311,0.0511305630207061,69.24330139160156,100.3559875488281,15.35737609863281
33191,0.0717010498046875,1.006973266601562,0.1420135498046875,0.2882701456546783,0.2116744369268417,0.0491989701986312,69.2470703125,100.2583160400391,15.32754516601562
33192,0.02740478515625,0.944610595703125,0.2128448486328125,0.1337253004312515,0.140335276722908,0.0568172112107276,69.16506958007812,100.4509735107422,15.15885925292969
33193,0.02740478515625,0.944610595703125,0.2128448486328125,0.1337253004312515,0.140335276722908,0.0568172112107276,69.16506958007812,100.4509735107422,15.15885925292969
33194,0.017822265625,0.8995513916015625,0.21142578125,0.1256316900253296,0.1535759717226028,0.0472213067114353,69.0926513671875,100.4114074707031,15.10929870605469
33195,0.0024871826171875,0.84796142578125,0.23529052734375,0.1537666618824005,0.2296105623245239,0.0272135119885206,69.03895568847656,100.5138549804688,15.07568359375
33196,-0.0127716064453125,0.80352783203125,0.2640838623046875,0.1275515705347061,0.3794815540313721,0.0011803129455074,69.06158447265625,100.5182342529297,15.18400573730469
33197,-0.019500732421875,0.780487060546875,0.2855987548828125,0.0577810071408748,0.3771736621856689,0.0037273601628839,69.03884887695312,100.6181945800781,15.17022705078125
33198,-0.0390777587890625,0.781036376953125,0.299560546875,0.0577810071408748,0.3771736621856689,0.0037273601628839,68.97032165527344,100.5811920166016,15.27641296386719
33199,-0.0476226806640625,0.7866973876953125,0.3291778564453125,-0.0212632101029157,0.3661652207374573,-0.0060275322757661,68.9573974609375,100.6950378417969,15.39851379394531
33200,-0.0850982666015625,0.84063720703125,0.3689727783203125,-0.2144126892089844,0.4185232222080231,-0.0657396018505096,68.83921813964844,100.7393035888672,15.19355773925781
33201,-0.0850982666015625,0.84063720703125,0.3689727783203125,-0.2144126892089844,0.4185232222080231,-0.0657396018505096,68.83921813964844,100.7393035888672,15.19355773925781
33202,-0.1109771728515625,0.8734130859375,0.341705322265625,-0.3291472792625427,0.3545229434967041,-0.1019620522856712,68.68310546875,100.7591552734375,15.17366027832031
33203,-0.1291046142578125,0.9232177734375,0.313690185546875,-0.4576498568058014,0.2448963075876236,-0.1202861964702606,68.5513916015625,100.7063293457031,15.48664855957031
33204,-0.1220703125,0.9756927490234376,0.2698974609375,-0.5742142796516418,0.1194875165820122,-0.1179045289754868,68.49917602539062,100.7085723876953,15.63078308105469
33205,-0.088714599609375,1.021728515625,0.221405029296875,-0.6735073328018188,-0.0442156642675399,-0.0876046866178512,68.41671752929688,100.6685180664062,15.85279846191406
33206,-0.0508880615234375,1.045745849609375,0.1885528564453125,-0.6735073328018188,-0.0442156642675399,-0.0876046866178512,68.4072265625,100.5372009277344,16.19635009765625
33207,-0.021514892578125,1.055023193359375,0.164642333984375,-0.6423890590667725,-0.0474490076303482,-0.0421091057360172,68.25131225585938,100.3514556884766,16.43711853027344
33208,-0.0183563232421875,1.046035766601562,0.1424407958984375,-0.5066027641296387,0.0280518736690282,0.0610732063651084,68.19291687011719,100.1078338623047,16.90272521972656
33209,-0.009185791015625,1.04913330078125,0.12677001953125,-0.5066027641296387,0.0280518736690282,0.0610732063651084,68.21353149414062,99.82429504394533,17.20726013183594
33210,-0.009185791015625,1.04913330078125,0.12677001953125,-0.5066027641296387,0.0280518736690282,0.0610732063651084,68.21353149414062,99.82429504394533,17.20726013183594
33211,-0.0012664794921875,1.047042846679688,0.1459197998046875,-0.4760914444923401,0.0649347901344299,0.0889245495200157,68.250244140625,99.58583068847656,17.63923645019531
33212,-0.0002593994140625,1.029693603515625,0.1468658447265625,-0.4138309955596924,0.1389850527048111,0.1016571223735809,68.29791259765625,99.34562683105467,17.76956176757812
33213,-0.0030975341796875,0.994293212890625,0.141937255859375,-0.327520877122879,0.1498760432004929,0.1025727167725563,68.31541442871094,99.2388916015625,17.93193054199219
33214,-0.00445556640625,0.9560089111328124,0.167449951171875,-0.2538748979568481,0.1229099407792091,0.1064369603991508,68.30842590332031,99.1864013671875,18.1170654296875
33215,-0.0062408447265625,0.9252166748046876,0.2017059326171875,-0.2252962291240692,0.0812581032514572,0.1231280565261841,68.3880615234375,99.14495849609376,18.28825378417969
33216,-0.0020599365234375,0.855865478515625,0.2638397216796875,-0.2991070747375488,-0.008209460414946,0.1530739665031433,68.47187805175781,98.8991241455078,18.6064453125
33217,-0.0020599365234375,0.855865478515625,0.2638397216796875,-0.2991070747375488,-0.008209460414946,0.1530739665031433,68.47187805175781,98.8991241455078,18.6064453125
33218,0.0276336669921875,0.827484130859375,0.2823944091796875,-0.3692701756954193,-0.0447166040539741,0.1659061461687088,68.48605346679688,98.8605499267578,18.74903869628906
33219,0.0581817626953125,0.8127593994140625,0.297271728515625,-0.4379203617572784,-0.0797395706176757,0.1699437648057938,68.62994384765625,98.7064208984375,18.90354919433594
33220,0.078765869140625,0.7759857177734375,0.3300933837890625,-0.53392094373703,-0.0430848859250545,0.2518602013587952,68.83486938476562,98.4528350830078,19.24099731445312
33221,0.078765869140625,0.7759857177734375,0.3300933837890625,-0.53392094373703,-0.0430848859250545,0.2518602013587952,68.83486938476562,98.4528350830078,19.24099731445312
33222,0.0984649658203125,0.7559814453125,0.3353729248046875,-0.5963637828826904,-0.0660019218921661,0.2978484630584717,68.87382507324219,98.42933654785156,19.40113830566406
33223,0.1050262451171875,0.7301483154296875,0.3820953369140625,-0.7138451337814331,-0.0503699630498886,0.3682930767536163,69.13929748535156,98.134521484375,19.91970825195312
33224,0.1050262451171875,0.7301483154296875,0.3820953369140625,-0.7138451337814331,-0.0503699630498886,0.3682930767536163,69.13929748535156,98.134521484375,19.91970825195312
33225,0.1010284423828125,0.7378692626953125,0.3790283203125,-0.7177522778511047,0.0471845567226409,0.4161950945854187,69.36746215820312,97.93043518066406,20.26771545410156
33226,0.0988311767578125,0.7512054443359375,0.31268310546875,-0.7372386455535889,-0.0491347908973693,0.4767380654811859,69.52574157714844,97.83845520019533,20.51123046875
33227,0.097442626953125,0.7975616455078125,0.35064697265625,-0.7260469794273376,-0.1186142638325691,0.5233564376831055,69.63578796386719,97.51382446289062,20.87469482421875
33228,0.0989532470703125,0.8376312255859375,0.3863983154296875,-0.72611004114151,-0.0672607943415641,0.5580779314041138,69.92076110839844,97.24009704589844,21.24024963378906
33229,0.10736083984375,0.8892059326171875,0.3930511474609375,-0.7212098240852356,0.0955158695578575,0.590486466884613,70.18544006347656,97.1733856201172,21.63609313964844
33230,0.1080474853515625,0.9484405517578124,0.3531341552734375,-0.702268660068512,0.2669022679328918,0.6134437322616577,70.47647094726562,97.00509643554688,22.14889526367188
33231,0.1076202392578125,1.053192138671875,0.25091552734375,-0.5927578806877136,0.4361349642276764,0.662511944770813,70.97146606445312,96.69618225097656,23.0361328125
33232,0.1076202392578125,1.053192138671875,0.25091552734375,-0.5927578806877136,0.4361349642276764,0.662511944770813,70.97146606445312,96.69618225097656,23.0361328125
33233,0.091461181640625,1.102066040039062,0.2079010009765625,-0.4661719501018524,0.4485407769680023,0.6836094856262207,71.18768310546875,96.60934448242188,23.43611145019531
33234,0.0637969970703125,1.154251098632812,0.1737823486328125,-0.4661719501018524,0.4485407769680023,0.6836094856262207,71.28459167480469,96.42276000976562,23.91273498535156
33235,0.01995849609375,1.185745239257812,0.1480255126953125,-0.3928183913230896,0.358346164226532,0.6627987623214722,71.64521789550781,96.27018737792967,24.79801940917969
33236,0.01995849609375,1.185745239257812,0.1480255126953125,-0.3928183913230896,0.358346164226532,0.6627987623214722,71.64521789550781,96.27018737792967,24.79801940917969
33237,0.0024566650390625,1.19061279296875,0.155517578125,-0.3579959571361542,0.3011790215969086,0.6137374639511108,71.80496215820312,96.28477478027344,25.05860900878906
33238,-0.015472412109375,1.160781860351562,0.174285888671875,-0.2710171043872833,0.1919707655906677,0.4646992385387421,72.10549926757812,96.11119079589844,25.96853637695312
33239,-0.015472412109375,1.160781860351562,0.174285888671875,-0.2710171043872833,0.1919707655906677,0.4646992385387421,72.10549926757812,96.11119079589844,25.96853637695312
33240,-0.011505126953125,1.143051147460938,0.187774658203125,-0.2490492314100266,0.1869448572397232,0.4332374632358551,72.23233032226562,95.97477722167967,26.30253601074219
33241,-0.011505126953125,1.143051147460938,0.187774658203125,-0.2490492314100266,0.1869448572397232,0.4332374632358551,72.23233032226562,95.97477722167967,26.30253601074219
33242,-0.0171661376953125,1.106002807617188,0.19091796875,-0.2417766749858856,0.1649322211742401,0.4178853929042816,72.5367431640625,95.75572204589844,26.78244018554688
33243,-0.01422119140625,1.088150024414062,0.20184326171875,-0.2229103147983551,0.1817104071378708,0.3997551202774048,72.70552062988281,95.694091796875,27.17489624023438
33244,-0.0127716064453125,1.072784423828125,0.19903564453125,-0.2002726346254349,0.2201243788003922,0.3904860019683838,72.87055969238281,95.54237365722656,27.64649963378906
33245,-0.0154571533203125,1.053329467773438,0.1940460205078125,-0.1830257475376129,0.2491584271192551,0.3764671087265015,73.01187133789062,95.40223693847656,27.95220947265625
33246,-0.010986328125,1.020034790039062,0.1947784423828125,-0.166508823633194,0.2650575041770935,0.3700425028800964,73.05500793457031,95.34356689453124,28.00857543945312
33247,-0.006103515625,0.9920501708984376,0.19561767578125,-0.1710524410009384,0.2329690754413605,0.3723117709159851,73.1240234375,95.45004272460938,27.93194580078125
33248,-0.006195068359375,0.9819488525390624,0.20428466796875,-0.1710524410009384,0.2329690754413605,0.3723117709159851,73.21168518066406,95.44650268554688,27.91419982910156
33249,0.0028076171875,0.98150634765625,0.219696044921875,-0.1869805455207825,0.1979136168956757,0.3870148360729218,73.2860107421875,95.378662109375,28.04550170898438
33250,0.021484375,0.9916534423828124,0.2418670654296875,-0.2023419141769409,0.1633023768663406,0.4090753793716431,73.29698181152344,95.29743957519533,28.06123352050781
33251,0.045440673828125,1.013626098632812,0.2718658447265625,-0.1853323131799698,0.1527812927961349,0.4251244068145752,73.36921691894531,95.18785095214844,28.11790466308594
33252,0.1083984375,1.0343017578125,0.3127593994140625,-0.0460620336234569,0.3193668127059937,0.3866331875324249,73.54426574707031,94.84568786621094,28.46635437011719
33253,0.1083984375,1.0343017578125,0.3127593994140625,-0.0460620336234569,0.3193668127059937,0.3866331875324249,73.54426574707031,94.84568786621094,28.46635437011719
33254,0.1242218017578125,1.026046752929688,0.2846527099609375,-0.0460620336234569,0.3193668127059937,0.3866331875324249,73.61811828613281,94.76579284667967,28.61029052734375
33255,0.1325836181640625,1.026870727539062,0.31689453125,0.0066837351769208,0.4056625366210938,0.3457272946834564,73.68693542480469,94.59616088867188,28.75389099121094
33256,0.12506103515625,1.029373168945312,0.3008575439453125,0.0392544604837894,0.4381203651428223,0.3020946085453033,73.79214477539062,94.50320434570312,28.69947814941406
33257,0.0946807861328125,0.9930419921875,0.289093017578125,0.0129030151292681,0.4397281110286713,0.2318023443222046,73.79666137695312,94.3194580078125,28.75321960449219
33258,0.0946807861328125,0.9930419921875,0.289093017578125,0.0129030151292681,0.4397281110286713,0.2318023443222046,73.79666137695312,94.3194580078125,28.75321960449219
33259,0.0874481201171875,0.96978759765625,0.276580810546875,0.0149674974381923,0.4369499087333679,0.2137021571397781,73.71348571777344,94.30484008789062,28.81367492675781
33260,0.109588623046875,0.9430389404296876,0.284332275390625,-0.0009060074225999,0.3819769322872162,0.169665202498436,73.69015502929688,94.31787109375,28.89231872558594
33261,0.109588623046875,0.9430389404296876,0.284332275390625,-0.0009060074225999,0.3819769322872162,0.169665202498436,73.69015502929688,94.31787109375,28.89231872558594
33262,0.1724395751953125,0.9157867431640624,0.3040313720703125,0.0046088667586445,0.3747949004173279,0.1411262303590775,73.54029846191406,94.11424255371094,29.30308532714844
33263,0.1724395751953125,0.9157867431640624,0.3040313720703125,0.0046088667586445,0.3747949004173279,0.1411262303590775,73.54029846191406,94.11424255371094,29.30308532714844
33264,0.193206787109375,0.896240234375,0.304534912109375,0.0071806809864938,0.3444758951663971,0.0979697033762931,73.54545593261719,94.03630065917967,29.298095703125
33265,0.20562744140625,0.878082275390625,0.3037567138671875,0.0003723099071066,0.3208864033222198,0.0801933705806732,73.473876953125,94.05508422851562,29.16488647460938
33266,0.216339111328125,0.8733062744140625,0.2901763916015625,-0.0106438556686043,0.3081889748573303,0.0662852823734283,73.3746337890625,94.02603149414062,29.25126647949219
33267,0.216339111328125,0.8733062744140625,0.2901763916015625,-0.0106438556686043,0.3081889748573303,0.0662852823734283,73.3746337890625,94.02603149414062,29.25126647949219
33268,0.2126007080078125,0.8839263916015625,0.279937744140625,-0.0203087329864502,0.2408733367919922,0.0469962693750858,73.38380432128906,93.92579650878906,29.39566040039062
33269,0.205291748046875,0.905120849609375,0.2736968994140625,-0.0146351354196667,0.198222279548645,0.0517196543514728,73.23658752441406,93.90972900390624,29.36856079101562
33270,0.200592041015625,0.92779541015625,0.274444580078125,-0.0146351354196667,0.198222279548645,0.0517196543514728,73.19227600097656,93.79122924804688,29.2777099609375
33271,0.1954498291015625,0.9515533447265624,0.276397705078125,-0.0100329266861081,0.1471772044897079,0.0646088197827339,73.11405944824219,93.76017761230467,29.22366333007812
33272,0.2038116455078125,0.9670562744140624,0.329193115234375,0.0336639545857906,0.135517880320549,0.0892350673675537,73.00146484375,93.53254699707033,29.18220520019531
33273,0.2038116455078125,0.9670562744140624,0.329193115234375,0.0336639545857906,0.135517880320549,0.0892350673675537,73.00146484375,93.53254699707033,29.18220520019531
33274,0.2278900146484375,0.9763641357421876,0.3415374755859375,0.0953390374779701,0.177270919084549,0.0733088329434394,73.00704956054688,93.51620483398438,29.11964416503906
33275,0.245574951171875,0.9654998779296876,0.33892822265625,0.1370654404163361,0.1992047131061554,0.0546962693333625,73.03450012207031,93.51100158691406,29.069091796875
33276,0.215850830078125,0.9347686767578124,0.3336944580078125,0.1617731899023056,0.3445009291172028,0.0238648522645235,72.93386840820312,93.42991638183594,28.84002685546875
33277,0.215850830078125,0.9347686767578124,0.3336944580078125,0.1617731899023056,0.3445009291172028,0.0238648522645235,72.93386840820312,93.42991638183594,28.84002685546875
33278,0.1948089599609375,0.9206085205078124,0.3333587646484375,0.1617731899023056,0.3445009291172028,0.0238648522645235,72.83303833007812,93.5644073486328,28.72932434082031
33279,0.179779052734375,0.9106597900390624,0.3338470458984375,0.1721810847520828,0.3792463839054108,0.0149166313931345,72.80078125,93.48411560058594,28.6767578125
33280,0.17303466796875,0.9089813232421876,0.3286285400390625,0.1362044364213943,0.352444589138031,-0.0191012565046548,72.68710327148438,93.42243957519533,28.64993286132812
33281,0.174224853515625,0.9141845703125,0.3329315185546875,0.1362044364213943,0.352444589138031,-0.0191012565046548,72.58598327636719,93.39645385742188,28.70103454589844
33282,0.19293212890625,0.9325408935546876,0.3318023681640625,0.1223853006958961,0.3067900240421295,-0.0131634725257754,72.36518859863281,93.51544189453124,28.61981201171875
33283,0.19293212890625,0.9325408935546876,0.3318023681640625,0.1223853006958961,0.3067900240421295,-0.0131634725257754,72.36518859863281,93.51544189453124,28.61981201171875
33284,0.21014404296875,0.9295654296875,0.3282318115234375,0.1351602226495743,0.2640287280082703,0.003957191016525,72.2691650390625,93.48602294921876,28.54808044433594
33285,0.2337188720703125,0.9192657470703124,0.333831787109375,0.1429931074380875,0.2237492054700851,0.0207620039582252,72.14395141601562,93.57858276367188,28.42137145996094
33286,0.27069091796875,0.9149322509765624,0.3740081787109375,0.1382199227809906,0.1753869950771332,0.0608633495867252,72.03935241699219,93.54598999023438,28.40113830566406
33287,0.27069091796875,0.9149322509765624,0.3740081787109375,0.1382199227809906,0.1753869950771332,0.0608633495867252,72.03935241699219,93.54598999023438,28.40113830566406
33288,0.2807769775390625,0.906585693359375,0.4000244140625,0.1398228853940964,0.186210885643959,0.1008496508002281,72.01828002929688,93.61212158203124,28.39654541015625
33289,0.2807769775390625,0.906585693359375,0.4000244140625,0.1398228853940964,0.186210885643959,0.1008496508002281,72.01828002929688,93.61212158203124,28.39654541015625
33290,0.2755889892578125,0.9066314697265624,0.3991546630859375,0.1212633103132248,0.2420741468667984,0.127818688750267,71.95622253417969,93.57920837402344,28.35542297363281
33291,0.2755889892578125,0.9066314697265624,0.3991546630859375,0.1212633103132248,0.2420741468667984,0.127818688750267,71.95622253417969,93.57920837402344,28.35542297363281
33292,0.27001953125,0.909698486328125,0.3804473876953125,0.1229392364621162,0.2735266089439392,0.1424538195133209,71.94119262695312,93.69552612304688,28.27165222167969
33293,0.270477294921875,0.9167022705078124,0.338958740234375,0.1186715215444565,0.2810351252555847,0.1505018919706345,71.85635375976562,93.62913513183594,28.3736572265625
33294,0.278839111328125,0.9091949462890624,0.2990264892578125,0.1537488102912903,0.3097695708274841,0.1447204351425171,71.88148498535156,93.61843872070312,28.49676513671875
33295,0.278839111328125,0.9091949462890624,0.2990264892578125,0.1537488102912903,0.3097695708274841,0.1447204351425171,71.88148498535156,93.61843872070312,28.49676513671875
33296,0.277099609375,0.9036865234375,0.275787353515625,0.1816108077764511,0.3100015223026276,0.1398372650146484,71.72650146484375,93.71565246582033,28.32112121582031
33297,0.2707672119140625,0.898468017578125,0.269805908203125,0.1991152316331863,0.3071218729019165,0.1373996734619141,71.6871337890625,93.80006408691406,28.17927551269531
33298,0.260955810546875,0.90338134765625,0.2792510986328125,0.1888687163591385,0.3087471723556519,0.1336885541677475,71.61854553222656,93.86422729492188,28.32606506347656
33299,0.260955810546875,0.90338134765625,0.2792510986328125,0.1888687163591385,0.3087471723556519,0.1336885541677475,71.61854553222656,93.86422729492188,28.32606506347656
33300,0.2491607666015625,0.9225921630859376,0.293609619140625,0.1722173094749451,0.3394909799098969,0.1405954658985138,71.49688720703125,93.95372009277344,28.17454528808594
33301,0.244140625,0.93121337890625,0.29925537109375,0.1553805321455002,0.3491891622543335,0.1404455304145813,71.51881408691406,94.00521850585938,28.36451721191406
33302,0.244140625,0.93121337890625,0.29925537109375,0.1553805321455002,0.3491891622543335,0.1404455304145813,71.51881408691406,94.00521850585938,28.36451721191406
33303,0.2404327392578125,0.943511962890625,0.3060760498046875,0.1376822292804718,0.3441946506500244,0.1370337456464767,71.42153930664062,93.96519470214844,28.38841247558594
33304,0.2389373779296875,0.9479827880859376,0.3199005126953125,0.1362209618091583,0.3607768416404724,0.1340640634298325,71.46463012695312,93.98643493652344,28.33749389648438
33305,0.2403564453125,0.9474639892578124,0.319580078125,0.1496720463037491,0.3634580969810486,0.1300735771656036,71.41551208496094,93.93524169921876,28.35868835449219
33306,0.2411956787109375,0.9422149658203124,0.31939697265625,0.1631066352128983,0.3635057806968689,0.121779166162014,71.35403442382812,93.9281768798828,28.26396179199219
33307,0.2418060302734375,0.9344635009765624,0.3169708251953125,0.1681479960680008,0.367642730474472,0.1153633445501328,71.30047607421875,93.93402099609376,28.38215637207031
33308,0.2431488037109375,0.92669677734375,0.3095855712890625,0.1669913828372955,0.36984783411026,0.1041474416851997,71.22705078125,94.05690002441406,28.22682189941406
33309,0.24462890625,0.9186553955078124,0.2967681884765625,0.1728423535823822,0.361745685338974,0.1012123748660088,71.09765625,93.97610473632812,28.30439758300781
33310,0.244781494140625,0.9130096435546876,0.283843994140625,0.1763380169868469,0.3443182408809662,0.097670629620552,71.1014404296875,94.0641632080078,28.21774291992188
33311,0.2509918212890625,0.9117584228515624,0.2795867919921875,0.1823588907718658,0.3278114199638367,0.0991561412811279,71.15432739257812,93.99481201171876,28.18707275390625
33312,0.2547454833984375,0.910888671875,0.281036376953125,0.18819360435009,0.3268431127071381,0.1012730896472931,71.14469909667969,94.03103637695312,28.22073364257812
33313,0.2558135986328125,0.9124908447265624,0.2844696044921875,0.199811652302742,0.3265040814876556,0.1008911952376366,71.04196166992188,94.04069519042967,28.12528991699219
33314,0.2556610107421875,0.9166259765625,0.291351318359375,0.1973005533218384,0.3236022889614105,0.099091961979866,70.88116455078125,94.05525207519533,28.15940856933594
33315,0.2552642822265625,0.9203338623046876,0.2960968017578125,0.1873184889554977,0.3167944550514221,0.0961462408304214,70.88462829589844,94.0757293701172,28.19943237304688
33316,0.25537109375,0.924224853515625,0.2941131591796875,0.1785553693771362,0.3142048120498657,0.089296855032444,70.78028869628906,94.16433715820312,28.20756530761719
33317,0.2561187744140625,0.9251556396484376,0.287200927734375,0.1728814989328384,0.3053836226463318,0.0941451415419578,70.69305419921875,94.16586303710938,28.19789123535156
33318,0.258270263671875,0.925567626953125,0.2818450927734375,0.1682169735431671,0.3075394332408905,0.0915927663445472,70.70619201660156,94.24061584472656,28.20089721679688
33319,0.2587890625,0.9242401123046876,0.2765655517578125,0.1734700500965118,0.298763781785965,0.0975337475538253,70.64791870117188,94.32192993164062,28.3050537109375
33320,0.2535858154296875,0.9302825927734376,0.2743682861328125,0.1713552474975586,0.2844445109367371,0.1053495928645134,70.4384765625,94.49299621582033,28.20816040039062
33321,0.2535858154296875,0.9302825927734376,0.2743682861328125,0.1713552474975586,0.2844445109367371,0.1053495928645134,70.4384765625,94.49299621582033,28.20816040039062
33322,0.2449951171875,0.9330291748046876,0.28216552734375,0.1684092581272125,0.2897599041461945,0.1054766252636909,70.37286376953125,94.57275390625,28.21987915039062
33323,0.225799560546875,0.936798095703125,0.286712646484375,0.1650206446647644,0.2964884042739868,0.0969430580735206,70.28666687011719,94.51583862304688,28.093017578125
33324,0.225799560546875,0.936798095703125,0.286712646484375,0.1650206446647644,0.2964884042739868,0.0969430580735206,70.28666687011719,94.51583862304688,28.093017578125
33325,0.2201995849609375,0.9337310791015624,0.2874755859375,0.1607348173856735,0.3074086904525757,0.0793672576546669,70.31547546386719,94.45924377441406,28.076904296875
33326,0.216583251953125,0.9289093017578124,0.280914306640625,0.1607348173856735,0.3074086904525757,0.0793672576546669,70.259521484375,94.41188049316406,28.37104797363281
33327,0.21435546875,0.9211883544921876,0.2733001708984375,0.1516486406326294,0.2862261533737183,0.0713556706905365,70.12919616699219,94.63424682617188,28.19189453125
33328,0.211273193359375,0.916900634765625,0.2769317626953125,0.1267587393522263,0.2868258953094482,0.0604292564094066,70.0623779296875,94.67738342285156,28.14152526855469
33329,0.209136962890625,0.91693115234375,0.2791290283203125,0.1137430742383003,0.2948042154312134,0.0621728263795375,69.97787475585938,94.74093627929688,28.03828430175781
33330,0.2124481201171875,0.9215545654296876,0.27362060546875,0.1137430742383003,0.2948042154312134,0.0621728263795375,69.87409973144531,94.74372863769533,27.9427490234375
33331,0.216827392578125,0.9290771484375,0.2709503173828125,0.1045354604721069,0.3118415176868439,0.0550555288791656,69.8944091796875,94.81634521484376,27.98443603515625
33332,0.2118377685546875,0.9356689453125,0.254150390625,0.1039804592728615,0.3494823575019836,0.0487233288586139,69.69065856933594,95.03494262695312,27.85588073730469
33333,0.2118377685546875,0.9356689453125,0.254150390625,0.1039804592728615,0.3494823575019836,0.0487233288586139,69.69065856933594,95.03494262695312,27.85588073730469
33334,0.2068328857421875,0.9404449462890624,0.248016357421875,0.1146783754229546,0.379115104675293,0.038913045078516,69.60514831542969,94.9369659423828,27.9766845703125
33335,0.203399658203125,0.9437255859375,0.2355499267578125,0.1342169195413589,0.4102152287960052,0.0285600051283836,69.45185852050781,94.90106201171876,28.02690124511719
33336,0.1851806640625,0.9461822509765624,0.216278076171875,0.1823634207248688,0.4750794470310211,0.0096398442983627,69.29957580566406,95.05061340332033,27.99079895019531
33337,0.1851806640625,0.9461822509765624,0.216278076171875,0.1823634207248688,0.4750794470310211,0.0096398442983627,69.29957580566406,95.05061340332033,27.99079895019531
33338,0.1658477783203125,0.951690673828125,0.212188720703125,0.2403241842985153,0.5373563766479492,-0.0209465604275465,69.07601928710938,95.2900390625,27.85188293457031
33339,0.1658477783203125,0.951690673828125,0.212188720703125,0.2403241842985153,0.5373563766479492,-0.0209465604275465,69.07601928710938,95.2900390625,27.85188293457031
33340,0.16326904296875,0.9514923095703124,0.218963623046875,0.2517752349376678,0.5609186887741089,-0.032627984881401,68.86445617675781,95.22990417480467,27.92955017089844
33341,0.16326904296875,0.9514923095703124,0.218963623046875,0.2517752349376678,0.5609186887741089,-0.032627984881401,68.86445617675781,95.22990417480467,27.92955017089844
33342,0.17529296875,0.9614105224609376,0.2401275634765625,0.2580219507217407,0.5762526392936707,-0.0423706248402595,68.56927490234375,95.3411102294922,27.91313171386719
33343,0.1847991943359375,0.9691314697265624,0.2621002197265625,0.26894810795784,0.5680552124977112,-0.0450622849166393,68.46455383300781,95.40057373046876,28.122314453125
33344,0.1963348388671875,0.961181640625,0.303558349609375,0.3219822943210602,0.6725009083747864,-0.0578896664083004,68.10357666015625,95.47311401367188,28.16629028320312
33345,0.1963348388671875,0.961181640625,0.303558349609375,0.3219822943210602,0.6725009083747864,-0.0578896664083004,68.10357666015625,95.47311401367188,28.16629028320312
33346,0.194549560546875,0.9615631103515624,0.259368896484375,0.336119145154953,0.6981508731842041,-0.0615179538726806,67.85794067382812,95.54547119140624,27.95683288574219
33347,0.215423583984375,0.96575927734375,0.2583465576171875,0.3150138854980469,0.7074093222618103,-0.0548464693129062,67.55503845214844,95.7583465576172,27.55392456054688
33348,0.215423583984375,0.96575927734375,0.2583465576171875,0.3150138854980469,0.7074093222618103,-0.0548464693129062,67.55503845214844,95.7583465576172,27.55392456054688
33349,0.2159881591796875,0.97186279296875,0.26092529296875,0.3269757330417633,0.7266658544540405,-0.0347505249083042,67.29402160644531,95.87840270996094,27.3251953125
33350,0.2089080810546875,0.978363037109375,0.263214111328125,0.3457866907119751,0.7311370372772217,-0.0126670589670538,66.9742431640625,95.99055480957033,27.23225402832031
33351,0.18408203125,0.9836273193359376,0.2610321044921875,0.3774937689304352,0.7737804055213928,0.0247921645641326,66.56880187988281,96.09646606445312,27.07379150390625
33352,0.18408203125,0.9836273193359376,0.2610321044921875,0.3774937689304352,0.7737804055213928,0.0247921645641326,66.56880187988281,96.09646606445312,27.07379150390625
33353,0.1719970703125,0.9868927001953124,0.2504119873046875,0.3634162843227386,0.7271193861961365,0.0244707223027944,66.30850219726562,96.1840362548828,26.8818359375
33354,0.170654296875,0.979217529296875,0.2400054931640625,0.3634162843227386,0.7271193861961365,0.0244707223027944,66.10585021972656,96.19343566894533,26.85122680664062
33355,0.1727294921875,0.9752960205078124,0.2401885986328125,0.356435090303421,0.6823782920837402,0.0174226667732,65.906494140625,96.2130126953125,26.71403503417969
33356,0.18182373046875,0.9719085693359376,0.2452545166015625,0.3558345437049866,0.6580002307891846,0.005675462540239,65.68594360351562,96.45472717285156,26.67550659179688
33357,0.1905059814453125,0.9652252197265624,0.247467041015625,0.3645729124546051,0.6251538991928101,-0.0077681746333837,65.39398193359375,96.48265075683594,26.64466857910156
33358,0.1974029541015625,0.9579925537109376,0.2455291748046875,0.3645729124546051,0.6251538991928101,-0.0077681746333837,65.3052978515625,96.593017578125,26.74986267089844
33359,0.1997528076171875,0.952178955078125,0.2430572509765625,0.356359452009201,0.6117062568664551,-5.219795639277436e-05,65.236328125,96.67958068847656,26.66447448730469
33360,0.2006378173828125,0.9400634765625,0.24188232421875,0.3389245271682739,0.6117110252380371,0.0143999783322215,64.93331909179688,96.81794738769533,26.43013000488281
33361,0.19781494140625,0.9254150390625,0.247314453125,0.3429003655910492,0.6234025955200195,0.0196964722126722,64.75022888183594,97.1001434326172,26.12107849121094
33362,0.19012451171875,0.9177703857421876,0.236358642578125,0.3429003655910492,0.6234025955200195,0.0196964722126722,64.60319519042969,97.06126403808594,25.96255493164062
33363,0.179718017578125,0.91656494140625,0.23614501953125,0.3367798924446106,0.6180962324142456,0.0243617985397577,64.44651794433594,97.11184692382812,25.8663330078125
33364,0.1652069091796875,0.9311676025390624,0.24261474609375,0.308842808008194,0.6230774521827698,0.030011162161827,64.20463562011719,97.43666076660156,25.53543090820312
33365,0.1652069091796875,0.9311676025390624,0.24261474609375,0.308842808008194,0.6230774521827698,0.030011162161827,64.20463562011719,97.43666076660156,25.53543090820312
33366,0.15789794921875,0.9358978271484376,0.243743896484375,0.2868453562259674,0.625314474105835,0.0325688607990741,64.03199768066406,97.56576538085938,25.5106201171875
33367,0.15606689453125,0.9379119873046876,0.2395172119140625,0.2659981250762939,0.6208800673484802,0.0287442971020937,63.89767456054688,97.51119995117188,25.49081420898438
33368,0.15533447265625,0.93707275390625,0.2500762939453125,0.2582858800888062,0.6394904851913452,0.0251865796744823,63.73524475097656,97.5671844482422,25.49427795410156
33369,0.154693603515625,0.9331512451171876,0.2374114990234375,0.2670980095863342,0.6625753045082092,0.0200072638690471,63.50947570800781,97.73388671875,25.32637023925781
33370,0.1513519287109375,0.9308013916015624,0.224609375,0.2564067542552948,0.64033043384552,0.0195414777845144,63.30520629882812,97.7846221923828,25.23727416992188
33371,0.1528778076171875,0.9312591552734376,0.2257537841796875,0.2303415983915329,0.610145628452301,0.0195356179028749,63.11311340332031,97.9438934326172,25.22846984863281
33372,0.154327392578125,0.935791015625,0.230712890625,0.208181694149971,0.5854472517967224,0.0178727395832538,62.94090270996094,97.97175598144533,25.221435546875
33373,0.1579742431640625,0.94000244140625,0.2353973388671875,0.2144784778356552,0.5597037672996521,0.0087623326107859,62.72218322753906,97.955078125,25.00102233886719
33374,0.1580963134765625,0.942352294921875,0.242156982421875,0.2144784778356552,0.5597037672996521,0.0087623326107859,62.55464172363281,97.93170166015624,24.966552734375
33375,0.1439208984375,0.9499969482421876,0.229034423828125,0.1358574330806732,0.5022718906402588,0.0243420917540788,62.25776672363281,97.8689422607422,24.84979248046875
33376,0.1439208984375,0.9499969482421876,0.229034423828125,0.1358574330806732,0.5022718906402588,0.0243420917540788,62.25776672363281,97.8689422607422,24.84979248046875
33377,0.140869140625,0.9492645263671876,0.2370758056640625,0.1072300523519516,0.4901220500469208,0.0215332545340061,62.16999816894531,97.99583435058594,24.8382568359375
33378,0.141326904296875,0.9492950439453124,0.23822021484375,0.1091049164533615,0.5064879655838013,0.0220914538949728,62.03402709960938,97.9268798828125,24.80967712402344
33379,0.14068603515625,0.9492034912109376,0.227294921875,0.1075187399983406,0.5253844261169434,0.0254622157663106,61.85298156738281,97.90510559082033,24.69465637207031
33380,0.1420440673828125,0.9525909423828124,0.2132720947265625,0.0927749425172805,0.5305597186088562,0.0272497311234474,61.78166198730469,97.85043334960938,24.76556396484375
33381,0.14166259765625,0.954376220703125,0.202301025390625,0.0715815052390098,0.5083439350128174,0.0271370783448219,61.64616394042969,97.9665985107422,24.637451171875
33382,0.1415557861328125,0.9561920166015624,0.201873779296875,0.0495118908584117,0.4827775657176971,0.023578030988574,61.46157836914062,97.99252319335938,24.68824768066406
33383,0.14453125,0.95770263671875,0.19720458984375,0.0354983396828174,0.4545701742172241,0.020674118772149,61.39741516113281,98.0492706298828,24.73384094238281
33384,0.1515655517578125,0.9572296142578124,0.198272705078125,0.023101856932044,0.4376737475395203,0.0178016331046819,61.24954223632812,98.05825805664062,24.67433166503906
33385,0.158477783203125,0.9586181640625,0.198974609375,0.0183771438896656,0.4145063757896423,0.0188325438648462,61.08122253417969,97.97042846679688,24.62396240234375
33386,0.165802001953125,0.960968017578125,0.1977386474609375,0.010924020782113,0.4047727882862091,0.0229338109493255,61.01826477050781,97.97238159179688,24.70220947265625
33387,0.1700439453125,0.963165283203125,0.1938323974609375,0.0065798722207546,0.3905288577079773,0.0268832799047231,60.9447021484375,97.9665985107422,24.81648254394531
33388,0.167877197265625,0.9640045166015624,0.1941375732421875,0.007087470497936,0.356516569852829,0.0346724912524223,60.83479309082031,98.01805114746094,24.859130859375
33389,0.1631622314453125,0.964935302734375,0.19451904296875,0.0062227421440184,0.3475632965564728,0.0380288735032081,60.76768493652344,98.0186767578125,24.875244140625
33390,0.1585540771484375,0.963470458984375,0.196075439453125,0.0062227421440184,0.3475632965564728,0.0380288735032081,60.65837097167969,98.02798461914062,24.96896362304688
33391,0.15545654296875,0.958526611328125,0.1988677978515625,0.0018849853659048,0.3427011668682098,0.0451251342892646,60.70777893066406,97.9573211669922,25.0443115234375
33392,0.14703369140625,0.96160888671875,0.159820556640625,-0.0489944405853748,0.2660268843173981,0.0586475990712642,60.45986938476562,97.96653747558594,24.90754699707031
33393,0.14703369140625,0.96160888671875,0.159820556640625,-0.0489944405853748,0.2660268843173981,0.0586475990712642,60.45986938476562,97.96653747558594,24.90754699707031
33394,0.1415252685546875,0.9597625732421876,0.19622802734375,-0.0489944405853748,0.2660268843173981,0.0586475990712642,60.45350646972656,97.98863220214844,24.90104675292969
33395,0.144134521484375,0.95501708984375,0.21771240234375,-0.045161884278059,0.2911548912525177,0.0528301931917667,60.3282470703125,97.90716552734376,24.93450927734375
33396,0.144134521484375,0.95501708984375,0.21771240234375,-0.045161884278059,0.2911548912525177,0.0528301931917667,60.3282470703125,97.90716552734376,24.93450927734375
33397,0.15045166015625,0.961456298828125,0.2151947021484375,-0.045161884278059,0.2911548912525177,0.0528301931917667,60.26069641113281,97.87979125976562,24.87419128417969
33398,0.1524505615234375,0.961517333984375,0.2131500244140625,-0.0618234202265739,0.297786146402359,0.0611115582287311,60.16230773925781,97.8625946044922,24.98471069335938
33399,0.1514129638671875,0.9583282470703124,0.20782470703125,-0.093255914747715,0.279702216386795,0.0759613439440727,60.2088623046875,97.81663513183594,25.04167175292969
33400,0.151031494140625,0.9491119384765624,0.2075958251953125,-0.1139574646949768,0.2696370780467987,0.0853279456496238,60.15231323242188,97.72518920898438,25.13473510742188
33401,0.14410400390625,0.9438018798828124,0.1923370361328125,-0.1272977739572525,0.2350963950157166,0.0974165648221969,60.15667724609375,97.84475708007812,25.1173095703125
33402,0.1340179443359375,0.9395904541015624,0.185638427734375,-0.1405477970838547,0.1968283802270889,0.1074833199381828,60.03953552246094,97.77281188964844,25.29380798339844
33403,0.1250457763671875,0.9441986083984376,0.1883697509765625,-0.1530673056840897,0.172263115644455,0.1138527989387512,60.05435180664062,97.82823181152344,25.30401611328125
33404,0.1227874755859375,0.95660400390625,0.1918792724609375,-0.1580266505479813,0.199049711227417,0.1173668429255486,59.97706604003906,97.69444274902344,25.36454772949219
33405,0.1202239990234375,0.9608154296875,0.1908111572265625,-0.1580266505479813,0.199049711227417,0.1173668429255486,60.025634765625,97.67828369140624,25.29684448242188
33406,0.122314453125,0.9679412841796876,0.1956024169921875,-0.1436128318309784,0.2509762942790985,0.1311292499303818,59.99629211425781,97.59698486328124,25.36741638183594
33407,0.1280975341796875,0.9839630126953124,0.1900177001953125,-0.104628674685955,0.318149745464325,0.1288099139928818,60.00958251953125,97.5071258544922,25.48493957519531
33408,0.1168975830078125,0.99462890625,0.1755218505859375,-0.0784974694252014,0.3573115170001984,0.1091525852680206,59.93046569824219,97.49496459960938,25.59413146972656
33409,0.09478759765625,0.9957122802734376,0.163360595703125,-0.0680885091423988,0.3788442611694336,0.0911149978637695,59.88688659667969,97.438720703125,25.63404846191406
33410,0.059814453125,0.9855804443359376,0.1540374755859375,-0.0457983799278736,0.3617488741874695,0.0732273384928703,59.83596801757812,97.43179321289062,25.735107421875
33411,0.0340118408203125,0.978424072265625,0.1719512939453125,-0.0145949218422174,0.3292633891105652,0.0617437921464443,59.76799011230469,97.47421264648438,25.770263671875
33412,0.028167724609375,0.9864501953125,0.2073822021484375,0.0161448810249567,0.3307478129863739,0.0506133772432804,59.69232177734375,97.41984558105467,25.71186828613281
33413,0.0288238525390625,0.988739013671875,0.2388916015625,0.0494319982826709,0.4089717864990234,0.0465440675616264,59.64482116699219,97.38812255859376,25.70790100097656
33414,0.0333251953125,0.99029541015625,0.247894287109375,0.0494319982826709,0.4089717864990234,0.0465440675616264,59.54905700683594,97.39108276367188,25.585205078125
33415,0.0454254150390625,0.9849853515625,0.248199462890625,0.0534046366810798,0.4554072022438049,0.0488024279475212,59.48930358886719,97.2879638671875,25.56791687011719
33416,0.0584716796875,0.978973388671875,0.2415313720703125,0.0557886958122253,0.4971634447574615,0.045294776558876,59.34571838378906,97.31732177734376,25.56961059570312
33417,0.0721435546875,0.976226806640625,0.2314910888671875,0.0514637231826782,0.5375313758850098,0.0417008399963378,59.28300476074219,97.40101623535156,25.42463684082031
33418,0.0834197998046875,0.975189208984375,0.219207763671875,0.0532738752663135,0.5575215816497803,0.0411831215023994,59.11408996582031,97.314208984375,25.4788818359375
33419,0.0970611572265625,0.9761199951171876,0.21185302734375,0.0855516493320465,0.5747072100639343,0.0276348236948251,58.83866882324219,97.08949279785156,25.48599243164062
33420,0.0970611572265625,0.9761199951171876,0.21185302734375,0.0855516493320465,0.5747072100639343,0.0276348236948251,58.83866882324219,97.08949279785156,25.48599243164062
33421,0.0974884033203125,0.9741058349609376,0.2245330810546875,0.0855516493320465,0.5747072100639343,0.0276348236948251,58.69950866699219,97.1460418701172,25.35855102539062
33422,0.0994720458984375,0.9659881591796876,0.2359619140625,0.0978634431958198,0.598258912563324,0.0297504384070634,58.53215026855469,97.03392028808594,25.56356811523438
33423,0.1079559326171875,0.9513702392578124,0.258056640625,0.096505232155323,0.6391884684562683,0.0315438099205493,58.35972595214844,97.17225646972656,25.42198181152344
33424,0.1092376708984375,0.9464874267578124,0.2627716064453125,0.0871458202600479,0.6646560430526733,0.0404036156833171,58.17460632324219,97.16978454589844,25.30731201171875
33425,0.1092376708984375,0.9464874267578124,0.2627716064453125,0.0871458202600479,0.6646560430526733,0.0404036156833171,58.17460632324219,97.16978454589844,25.30731201171875
33426,0.112762451171875,0.93438720703125,0.2555999755859375,0.0705878809094429,0.6848174929618835,0.0526943691074848,57.82826232910156,97.1392822265625,25.30320739746094
33427,0.112762451171875,0.93438720703125,0.2555999755859375,0.0705878809094429,0.6848174929618835,0.0526943691074848,57.82826232910156,97.1392822265625,25.30320739746094
33428,0.1145477294921875,0.9357452392578124,0.25201416015625,0.0510533303022384,0.7058007717132568,0.0751730501651763,57.6875,97.2383270263672,25.20039367675781
33429,0.117034912109375,0.9387054443359376,0.246002197265625,0.0494269393384456,0.7157322764396667,0.0842648148536682,57.46090698242188,97.22552490234376,25.22123718261719
33430,0.1197967529296875,0.9464111328125,0.24078369140625,0.0494269393384456,0.7157322764396667,0.0842648148536682,57.22640991210938,97.3553466796875,25.14002990722656
33431,0.1231231689453125,0.9549713134765624,0.2354736328125,0.0491542294621467,0.7228844165802002,0.0946623235940933,57.06320190429688,97.40255737304688,25.11943054199219
33432,0.13067626953125,0.9684600830078124,0.23028564453125,0.0540254190564155,0.7381517887115479,0.1000762656331062,56.77626037597656,97.59806823730467,25.19366455078125
33433,0.13067626953125,0.9684600830078124,0.23028564453125,0.0540254190564155,0.7381517887115479,0.1000762656331062,56.77626037597656,97.59806823730467,25.19366455078125
33434,0.1352996826171875,0.9721527099609376,0.23101806640625,0.0617275461554527,0.7469879388809204,0.1052965968847275,56.69003295898438,97.59866333007812,25.22309875488281
33435,0.142364501953125,0.9781341552734376,0.219940185546875,0.0732614323496818,0.7437915802001953,0.1127638295292854,56.27333068847656,97.61408996582033,25.12654113769531
33436,0.142364501953125,0.9781341552734376,0.219940185546875,0.0732614323496818,0.7437915802001953,0.1127638295292854,56.27333068847656,97.61408996582033,25.12654113769531
33437,0.1407928466796875,0.9811248779296876,0.2154083251953125,0.0795717909932136,0.7045975923538208,0.111200287938118,56.13626098632812,97.62443542480467,25.01394653320312
33438,0.1418609619140625,0.9848175048828124,0.20904541015625,0.0795717909932136,0.7045975923538208,0.111200287938118,56.01654052734375,97.70449829101562,24.87808227539062
33439,0.141632080078125,0.986175537109375,0.2037353515625,0.0864946767687797,0.6824344992637634,0.1041325256228447,55.90895080566406,97.60028076171876,24.84170532226562
33440,0.1411590576171875,0.984649658203125,0.1995391845703125,0.1092274188995361,0.6322072744369507,0.091849498450756,55.71359252929688,97.68760681152344,24.74325561523438
33441,0.1411590576171875,0.984649658203125,0.1995391845703125,0.1092274188995361,0.6322072744369507,0.091849498450756,55.71359252929688,97.68760681152344,24.74325561523438
33442,0.136962890625,0.9846649169921876,0.2045745849609375,0.1264612674713135,0.5830042958259583,0.0733344033360481,55.37591552734375,97.82936096191406,24.798095703125
33443,0.1351318359375,0.9853668212890624,0.2045440673828125,0.1264612674713135,0.5830042958259583,0.0733344033360481,55.28245544433594,97.90586853027344,24.76727294921875
33444,0.1336212158203125,0.9900970458984376,0.211456298828125,0.1378425508737564,0.5671209692955017,0.0681193992495536,55.03250122070312,97.80140686035156,25.11088562011719
33445,0.134063720703125,0.994049072265625,0.2125396728515625,0.1548676043748856,0.5532341599464417,0.060094229876995,54.89186096191406,97.83058166503906,24.860107421875
33446,0.1358795166015625,1.0001220703125,0.20458984375,0.1758242845535278,0.5311309695243835,0.0526504293084144,54.70196533203125,97.89553833007812,24.57809448242188
33447,0.136322021484375,1.004486083984375,0.20233154296875,0.1865760087966919,0.5124955177307129,0.0462364703416824,54.55653381347656,97.91220092773438,24.46160888671875
33448,0.1375579833984375,1.005172729492188,0.1966705322265625,0.1961511373519897,0.4891787469387054,0.0391681753098964,54.4820556640625,97.92803955078124,24.18858337402344
33449,0.1425018310546875,1.002609252929688,0.1972198486328125,0.2128965556621552,0.4777274131774902,0.0287751890718936,54.29490661621094,98.05455017089844,24.01930236816406
33450,0.146728515625,1.00518798828125,0.18365478515625,0.281276673078537,0.4638283848762512,0.0097354520112276,54.12384033203125,98.08210754394533,23.94252014160156
33451,0.146728515625,1.00518798828125,0.18365478515625,0.281276673078537,0.4638283848762512,0.0097354520112276,54.12384033203125,98.08210754394533,23.94252014160156
33452,0.1427154541015625,1.016983032226562,0.160736083984375,0.2776113748550415,0.4144621789455414,0.0057540256530046,53.98123168945312,98.28410339355467,23.90034484863281
33453,0.1381988525390625,1.026779174804688,0.164764404296875,0.2722405791282654,0.3498019576072693,0.0065069012343883,53.93032836914062,98.1977081298828,23.90760803222656
33454,0.1558380126953125,1.026626586914062,0.17401123046875,0.3469251990318298,0.2818127870559692,-0.0260475799441337,53.74830627441406,98.3107452392578,23.78567504882812
33455,0.1558380126953125,1.026626586914062,0.17401123046875,0.3469251990318298,0.2818127870559692,-0.0260475799441337,53.74830627441406,98.3107452392578,23.78567504882812
33456,0.1616363525390625,1.024078369140625,0.1771392822265625,0.3943856656551361,0.2650487124919891,-0.0459488481283187,53.66166687011719,98.49205017089844,23.4302978515625
33457,0.16375732421875,1.021408081054688,0.1638946533203125,0.4190143048763275,0.2312816977500916,-0.060080911964178,53.56884765625,98.6099090576172,23.1986083984375
33458,0.1591033935546875,1.019119262695312,0.1614990234375,0.432872861623764,0.2044841647148132,-0.06973647326231,53.49386596679688,98.69660949707033,23.09120178222656
33459,0.1486358642578125,1.029861450195312,0.1526031494140625,0.4935601651668549,0.1871975809335709,-0.0794210582971572,53.23857116699219,98.86293029785156,22.70429992675781
33460,0.1486358642578125,1.029861450195312,0.1526031494140625,0.4935601651668549,0.1871975809335709,-0.0794210582971572,53.23857116699219,98.86293029785156,22.70429992675781
33461,0.1309661865234375,1.031631469726562,0.1436004638671875,0.5308473706245422,0.1927750408649445,-0.0713279768824577,53.109375,98.9510498046875,22.43327331542969
33462,0.108978271484375,1.062591552734375,0.132080078125,0.5898268222808838,0.1961319595575333,-0.0619137026369571,53.02647399902344,99.2381591796875,21.95790100097656
33463,0.104888916015625,1.07720947265625,0.1238250732421875,0.5963608622550964,0.1871192902326584,-0.0593416206538677,52.96171569824219,99.56144714355467,21.65512084960938
33464,0.104888916015625,1.07720947265625,0.1238250732421875,0.5963608622550964,0.1871192902326584,-0.0593416206538677,52.96171569824219,99.56144714355467,21.65512084960938
33465,0.103973388671875,1.09393310546875,0.123687744140625,0.6080372333526611,0.1633015722036362,-0.0471962727606296,52.89715576171875,99.71232604980467,21.38934326171875
33466,0.112518310546875,1.106491088867188,0.1262054443359375,0.6128575205802917,0.1377522796392441,-0.0258819311857223,52.83248901367188,99.712890625,21.13247680664062
33467,0.1193084716796875,1.11065673828125,0.125274658203125,0.6048190593719482,0.1209051162004471,0.0029497172217816,52.77287292480469,99.90591430664062,20.84849548339844
33468,0.1240692138671875,1.10400390625,0.11663818359375,0.6080681085586548,0.0856882706284523,0.0665329545736312,52.75413513183594,100.02001953125,20.56716918945312
33469,0.1275482177734375,1.104217529296875,0.11114501953125,0.6080681085586548,0.0856882706284523,0.0665329545736312,52.74050903320312,100.1647644042969,20.3529052734375
33470,0.12646484375,1.106689453125,0.110443115234375,0.6163665056228638,0.0823774337768554,0.0945840328931808,52.68896484375,100.3342590332031,20.18424987792969
33471,0.122314453125,1.11029052734375,0.11297607421875,0.6287568807601929,0.0994221940636634,0.1361623704433441,52.77055358886719,100.4851531982422,19.98788452148438
33472,0.1130523681640625,1.11199951171875,0.100494384765625,0.6247517466545105,0.1134890094399452,0.1802344918251038,52.79689025878906,100.415771484375,19.73774719238281
33473,0.09686279296875,1.08837890625,0.105316162109375,0.5804258584976196,0.2681164145469666,0.2410435080528259,52.86653137207031,100.5410461425781,19.42233276367188
33474,0.08013916015625,1.050384521484375,0.12274169921875,0.5804258584976196,0.2681164145469666,0.2410435080528259,52.851318359375,100.5273742675781,19.12782287597656
33475,0.046875,0.9968414306640624,0.1082305908203125,0.5276113748550415,0.4078338146209717,0.2450872510671616,52.95101928710938,100.8448181152344,18.68905639648438
33476,0.046875,0.9968414306640624,0.1082305908203125,0.5276113748550415,0.4078338146209717,0.2450872510671616,52.95101928710938,100.8448181152344,18.68905639648438
33477,0.041046142578125,0.981964111328125,0.1357421875,0.5418257117271423,0.3870081603527069,0.2532418370246887,52.92945861816406,100.839599609375,18.74388122558594
33478,0.046966552734375,0.9825897216796876,0.13916015625,0.5281767249107361,0.4043890237808228,0.2740366160869598,53.02120971679688,100.9040069580078,18.72352600097656
33479,0.0500030517578125,0.976287841796875,0.1166839599609375,0.4115108549594879,0.4286376237869263,0.3340347111225128,53.08473205566406,101.0187530517578,18.52944946289062
33480,0.060516357421875,0.97894287109375,0.111053466796875,0.37908074259758,0.4848881363868713,0.3420292437076569,53.27243041992188,101.25341796875,18.41065979003906
33481,0.060516357421875,0.97894287109375,0.111053466796875,0.37908074259758,0.4848881363868713,0.3420292437076569,53.27243041992188,101.25341796875,18.41065979003906
33482,0.064453125,0.98095703125,0.08648681640625,0.3461965620517731,0.5481240749359131,0.343328595161438,53.44841003417969,101.2650604248047,18.3555908203125
33483,0.0712890625,0.961578369140625,0.05419921875,0.3630892634391785,0.5540711879730225,0.3144554197788239,53.4140625,101.5531158447266,17.7066650390625
33484,0.078857421875,0.9417572021484376,0.0608367919921875,0.3552348017692566,0.5458601117134094,0.2908249199390411,53.40852355957031,101.5309143066406,17.54611206054688
33485,0.087646484375,0.908233642578125,0.0616302490234375,0.3552348017692566,0.5458601117134094,0.2908249199390411,53.51637268066406,101.5183258056641,17.59324645996094
33486,0.0984649658203125,0.8947601318359375,0.063720703125,0.4119785130023956,0.5837670564651489,0.2449050843715668,53.50245666503906,101.5872650146484,17.45759582519531
33487,0.0984649658203125,0.8947601318359375,0.063720703125,0.4119785130023956,0.5837670564651489,0.2449050843715668,53.50245666503906,101.5872650146484,17.45759582519531
33488,0.1145782470703125,0.87060546875,0.06854248046875,0.4618882834911346,0.6056760549545288,0.2340071648359299,53.4976806640625,101.7940063476562,16.98696899414062
33489,0.1145782470703125,0.87060546875,0.06854248046875,0.4618882834911346,0.6056760549545288,0.2340071648359299,53.4976806640625,101.7940063476562,16.98696899414062
33490,0.132232666015625,0.8727874755859375,0.0659027099609375,0.4993695914745331,0.6049277186393738,0.1953391432762146,53.59046936035156,101.8863983154297,16.86885070800781
33491,0.1509246826171875,0.876617431640625,0.071533203125,0.5151637196540833,0.6113581657409668,0.1626219302415848,53.52651977539062,101.9940643310547,16.58869934082031
33492,0.1654205322265625,0.87615966796875,0.07073974609375,0.5101777911186218,0.6087672114372253,0.1395808011293411,53.53768920898438,102.0770721435547,16.4296875
33493,0.1717376708984375,0.87042236328125,0.0744171142578125,0.495003342628479,0.6014272570610046,0.1132027208805084,53.5374755859375,102.2541351318359,16.202392578125
33494,0.1736907958984375,0.8735809326171875,0.0742645263671875,0.4845163524150848,0.5631629824638367,0.1061368212103844,53.46717834472656,102.3022308349609,15.96260070800781
33495,0.18157958984375,0.8695220947265625,0.07598876953125,0.4663802087306976,0.519133985042572,0.0252576861530542,53.46261596679688,102.3826141357422,15.58328247070312
33496,0.187774658203125,0.868621826171875,0.0776519775390625,0.4663802087306976,0.519133985042572,0.0252576861530542,53.38641357421875,102.4662322998047,15.32931518554688
33497,0.1902313232421875,0.8867645263671875,0.0814208984375,0.4385877549648285,0.5247228741645813,-0.0075921397656202,53.17561340332031,102.5479583740234,15.22413635253906
33498,0.198486328125,0.911041259765625,0.079559326171875,0.376838892698288,0.4977040588855743,-0.0352948755025863,53.12644958496094,102.6643829345703,14.8162841796875
33499,0.19952392578125,0.9302520751953124,0.078887939453125,0.376838892698288,0.4977040588855743,-0.0352948755025863,53.09086608886719,102.6561737060547,14.84841918945312
33500,0.194427490234375,0.931549072265625,0.075439453125,0.3482767641544342,0.4271518588066101,-0.0500581078231334,53.01016235351562,102.8013916015625,14.63034057617188
33501,0.194427490234375,0.931549072265625,0.075439453125,0.3482767641544342,0.4271518588066101,-0.0500581078231334,53.01016235351562,102.8013916015625,14.63034057617188
33502,0.188568115234375,0.93121337890625,0.0738067626953125,0.3299656510353088,0.4033338725566864,-0.0737477242946624,52.89942932128906,103.0463256835938,14.31878662109375
33503,0.1823272705078125,0.938385009765625,0.0564117431640625,0.3164048492908478,0.3723040521144867,-0.0895759537816047,52.66729736328125,103.3062896728516,13.19471740722656
33504,0.1823272705078125,0.938385009765625,0.0564117431640625,0.3164048492908478,0.3723040521144867,-0.0895759537816047,52.66729736328125,103.3062896728516,13.19471740722656
33505,0.1823272705078125,0.938385009765625,0.0564117431640625,0.3164048492908478,0.3723040521144867,-0.0895759537816047,52.66729736328125,103.3062896728516,13.19471740722656
33506,0.1863555908203125,0.9454803466796876,0.0535888671875,0.2680801749229431,0.3051942586898804,-0.102443553507328,52.33660888671875,103.4184722900391,12.73776245117188
33507,0.1846771240234375,0.9539031982421876,0.041595458984375,0.2680801749229431,0.3051942586898804,-0.102443553507328,52.23695373535156,103.4752502441406,12.65606689453125
33508,0.1770782470703125,0.94171142578125,0.0283966064453125,0.1846452057361603,0.3122343420982361,-0.1202244088053703,52.12081909179688,103.4638214111328,12.69879150390625
33509,0.1770782470703125,0.94171142578125,0.0283966064453125,0.1846452057361603,0.3122343420982361,-0.1202244088053703,52.12081909179688,103.4638214111328,12.69879150390625
33510,0.171539306640625,0.9498748779296876,0.0140228271484375,0.1666712760925293,0.2900693714618683,-0.1214430779218674,52.0528564453125,103.2964782714844,13.01347351074219
33511,0.1712493896484375,0.9540557861328124,-0.0023040771484375,0.1666712760925293,0.2900693714618683,-0.1214430779218674,52.00465393066406,103.3770599365234,12.95591735839844
33512,0.1685333251953125,0.956085205078125,-0.0081939697265625,0.1566159725189209,0.2623373568058014,-0.1227959617972374,51.85231018066406,103.5060729980469,12.4110107421875
33513,0.167999267578125,0.9672698974609376,-0.0108184814453125,0.1220894232392311,0.2055662125349045,-0.1136908754706383,51.79814147949219,103.6224060058594,12.16879272460938
33514,0.1705169677734375,0.9769287109375,-0.0050506591796875,0.1117598190903664,0.1956648379564285,-0.1121579632163048,51.69808959960938,103.5677642822266,12.09906005859375
33515,0.1704559326171875,0.974700927734375,0.00445556640625,0.1117598190903664,0.1956648379564285,-0.1121579632163048,51.65882873535156,103.7159271240234,11.82633972167969
33516,0.162445068359375,0.972381591796875,0.0099945068359375,0.1079696118831635,0.204763263463974,-0.1141444146633148,51.41082763671875,103.7908020019531,11.51939392089844
33517,0.162445068359375,0.972381591796875,0.0099945068359375,0.1079696118831635,0.204763263463974,-0.1141444146633148,51.41082763671875,103.7908020019531,11.51939392089844
33518,0.1551513671875,0.96673583984375,0.005279541015625,0.0970250815153121,0.1991149634122849,-0.114458404481411,51.22868347167969,103.8339233398438,11.5224609375
33519,0.1488800048828125,0.9605255126953124,0.0005340576171875,0.0891711562871933,0.1862199455499649,-0.1183282434940338,51.26396179199219,103.7034149169922,11.59716796875
33520,0.1418609619140625,0.95709228515625,-0.0079345703125,0.0850166231393814,0.1682329475879669,-0.1169154345989227,51.10317993164062,103.6875305175781,11.50642395019531
33521,0.1418609619140625,0.95709228515625,-0.0079345703125,0.0850166231393814,0.1682329475879669,-0.1169154345989227,51.10317993164062,103.6875305175781,11.50642395019531
33522,0.1414794921875,0.962249755859375,-0.00299072265625,0.0740625113248825,0.1373336166143417,-0.1167226210236549,50.90370178222656,103.6734466552734,11.33767700195312
33523,0.141143798828125,0.969207763671875,0.0027008056640625,0.0551013350486755,0.0947083979845047,-0.110963799059391,50.84294128417969,103.7731018066406,11.27914428710938
33524,0.14251708984375,0.9748077392578124,0.004241943359375,0.0551013350486755,0.0947083979845047,-0.110963799059391,50.86053466796875,103.7793579101562,11.11402893066406
33525,0.1431884765625,0.9779815673828124,0.00885009765625,0.0415421165525913,0.0897911414504051,-0.1080955788493156,50.75962829589844,103.6315765380859,11.16015625
33526,0.140960693359375,0.9782867431640624,0.0075531005859375,0.036967072635889,0.1007476523518562,-0.1041668802499771,50.772705078125,103.5599365234375,11.26536560058594
33527,0.1341552734375,0.987274169921875,-0.00347900390625,0.0320825688540935,0.1029359698295593,-0.0975625067949295,50.67626953125,103.5709533691406,11.48504638671875
33528,0.1341552734375,0.987274169921875,-0.00347900390625,0.0320825688540935,0.1029359698295593,-0.0975625067949295,50.67626953125,103.5709533691406,11.48504638671875
33529,0.130035400390625,0.98626708984375,-0.008148193359375,0.0254076216369867,0.1066838353872299,-0.0909125953912735,50.52336120605469,103.7516632080078,11.19804382324219
33530,0.1248321533203125,0.9848480224609376,-0.012908935546875,0.0251809861510992,0.1022075936198235,-0.0881745964288711,50.44694519042969,103.7834014892578,11.05122375488281
33531,0.1217193603515625,0.9859161376953124,-0.01751708984375,0.0177465062588453,0.0927179530262947,-0.0848216786980629,50.49232482910156,103.7897644042969,11.28628540039062
33532,0.1202239990234375,0.9897308349609376,-0.0186309814453125,0.0227298140525817,0.0861199721693992,-0.0829635933041572,50.37155151367188,103.8656921386719,11.12744140625
33533,0.12060546875,0.9939117431640624,-0.0210113525390625,0.0227298140525817,0.0861199721693992,-0.0829635933041572,50.29365539550781,103.9470062255859,10.88835144042969
33534,0.1220245361328125,0.996551513671875,-0.022674560546875,0.0260124262422323,0.0751022100448608,-0.0786122530698776,50.19459533691406,103.8879852294922,10.92070007324219
33535,0.1225738525390625,0.99322509765625,-0.02301025390625,0.032725989818573,0.0779515206813812,-0.0709833651781082,50.1771240234375,103.7936248779297,11.0054931640625
33536,0.1225738525390625,0.99322509765625,-0.02301025390625,0.032725989818573,0.0779515206813812,-0.0709833651781082,50.1771240234375,103.7936248779297,11.0054931640625
33537,0.1239471435546875,0.99041748046875,-0.0207061767578125,0.0227468572556972,0.0727240070700645,-0.065702848136425,50.0638427734375,103.8155517578125,10.91203308105469
33538,0.124267578125,0.989654541015625,-0.0192108154296875,0.0227468572556972,0.0727240070700645,-0.065702848136425,50.03353881835938,103.9266662597656,10.91645812988281
33539,0.1217041015625,0.988494873046875,-0.0174560546875,0.0154982656240463,0.0716861709952354,-0.0591948814690113,50.04893493652344,103.9199066162109,10.98199462890625
33540,0.120391845703125,0.98455810546875,-0.0214080810546875,-0.011984490789473,0.0392717719078064,-0.0413410477340221,49.86651611328125,103.9171295166016,11.1104736328125
33541,0.120391845703125,0.98455810546875,-0.0214080810546875,-0.011984490789473,0.0392717719078064,-0.0413410477340221,49.86651611328125,103.9171295166016,11.1104736328125
33542,0.1189422607421875,0.9869537353515624,-0.024810791015625,-0.011984490789473,0.0392717719078064,-0.0413410477340221,49.91801452636719,103.785888671875,11.3448486328125
33543,0.117431640625,0.9897003173828124,-0.0248260498046875,-0.0154095822945237,0.0250259917229414,-0.0405570119619369,49.92854309082031,103.7064971923828,11.43719482421875
33544,0.11602783203125,0.9820709228515624,-0.0195770263671875,-0.0170407686382532,-0.0110976584255695,-0.0316484719514846,49.8890380859375,103.7958068847656,11.24378967285156
33545,0.11602783203125,0.9820709228515624,-0.0195770263671875,-0.0170407686382532,-0.0110976584255695,-0.0316484719514846,49.8890380859375,103.7958068847656,11.24378967285156
33546,0.117156982421875,0.987518310546875,-0.0137481689453125,-0.0170407686382532,-0.0110976584255695,-0.0316484719514846,49.86105346679688,103.8809509277344,11.26106262207031
33547,0.120819091796875,0.991851806640625,-0.01446533203125,-0.0250273216515779,-0.0196112524718046,-0.0287181977182626,49.87709045410156,103.8404846191406,11.10931396484375
33548,0.128448486328125,0.9835968017578124,-0.01177978515625,-0.0264979191124439,-0.033127062022686,-0.0197907481342554,49.87353515625,103.8971252441406,10.98970031738281
33549,0.128448486328125,0.9835968017578124,-0.01177978515625,-0.0264979191124439,-0.033127062022686,-0.0197907481342554,49.87353515625,103.8971252441406,10.98970031738281
33550,0.134979248046875,0.9857330322265624,-0.00811767578125,-0.0257791336625814,-0.0373689420521259,-0.0011398328933864,49.84486389160156,103.9865264892578,11.19618225097656
33551,0.1420440673828125,0.98187255859375,-0.0078125,-0.030215160921216,-0.0522474907338619,0.016834907233715,49.78736877441406,103.9614715576172,11.13436889648438
33552,0.1420440673828125,0.98187255859375,-0.0078125,-0.030215160921216,-0.0522474907338619,0.016834907233715,49.78736877441406,103.9614715576172,11.13436889648438
33553,0.1420440673828125,0.98187255859375,-0.0078125,-0.030215160921216,-0.0522474907338619,0.016834907233715,49.78736877441406,103.9614715576172,11.13436889648438
33554,0.1423492431640625,0.982025146484375,-0.007659912109375,-0.030215160921216,-0.0522474907338619,0.016834907233715,49.78900146484375,103.9071807861328,11.15629577636719
33555,0.140106201171875,0.986572265625,-0.0081329345703125,-0.0323206558823585,-0.0580848753452301,0.032359804958105,49.85031127929688,103.9878387451172,11.11528015136719
33556,0.140106201171875,0.986572265625,-0.0081329345703125,-0.0323206558823585,-0.0580848753452301,0.032359804958105,49.85031127929688,103.9878387451172,11.11528015136719
33557,0.136199951171875,0.989471435546875,-0.009796142578125,-0.0323206558823585,-0.0580848753452301,0.032359804958105,49.9310302734375,103.8632965087891,11.15298461914062
33558,0.1333160400390625,0.9919281005859376,-0.01055908203125,-0.0355241708457469,-0.0656929910182952,0.034894336014986,49.95907592773438,103.8537292480469,11.28302001953125
33559,0.1295623779296875,0.9897613525390624,-0.0121002197265625,-0.038380678743124,-0.0708081275224685,0.03522989153862,50.07492065429688,103.7856750488281,11.44685363769531
33560,0.1244964599609375,0.9852294921875,-0.0145721435546875,-0.0410294570028781,-0.0716374367475509,0.0365276522934436,49.99131774902344,103.7178955078125,11.5228271484375
33561,0.121368408203125,0.9854583740234376,-0.016937255859375,-0.0455357916653156,-0.0841407105326652,0.0424569137394428,49.98956298828125,103.6528472900391,11.55783081054688
33562,0.118621826171875,0.98583984375,-0.0166015625,-0.0455357916653156,-0.0841407105326652,0.0424569137394428,50.04756164550781,103.7297515869141,11.64320373535156
33563,0.1185455322265625,0.988311767578125,-0.0142364501953125,-0.0514983460307121,-0.0919307246804237,0.0402347706258297,49.97242736816406,103.7650756835938,11.46434020996094
33564,0.122650146484375,0.996795654296875,-0.006683349609375,-0.0625107809901237,-0.0937129110097885,0.0454548336565494,49.92466735839844,103.9266662597656,11.30828857421875
33565,0.122650146484375,0.996795654296875,-0.006683349609375,-0.0625107809901237,-0.0937129110097885,0.0454548336565494,49.92466735839844,103.9266662597656,11.30828857421875
33566,0.12274169921875,0.9971466064453124,-0.0050506591796875,-0.0625107809901237,-0.0937129110097885,0.0454548336565494,50.09857177734375,103.9020385742188,11.53546142578125
33567,0.118927001953125,1.001495361328125,-0.0104522705078125,-0.0566528923809528,-0.0989361703395843,0.0426049828529357,50.24533081054688,103.8203125,11.41331481933594
33568,0.118927001953125,1.001495361328125,-0.0104522705078125,-0.0566528923809528,-0.0989361703395843,0.0426049828529357,50.24533081054688,103.8203125,11.41331481933594
33569,0.1163787841796875,1.00140380859375,-0.0117340087890625,-0.053687997162342,-0.0965204164385795,0.0380760133266449,50.2713623046875,103.8505706787109,11.40261840820312
33570,0.1156158447265625,0.997344970703125,-0.011322021484375,-0.0492093563079834,-0.1057410761713982,0.0385623052716255,50.24412536621094,103.8489685058594,11.44581604003906
33571,0.1145172119140625,0.9949188232421876,-0.00616455078125,-0.0450921095907688,-0.1055123135447502,0.0349659733474254,50.36463928222656,103.7614135742188,11.4686279296875
33572,0.11614990234375,0.9941253662109376,-0.0026397705078125,-0.0468370132148265,-0.1050979197025299,0.0378757417201995,50.31904602050781,103.7094421386719,11.66827392578125
33573,0.1171417236328125,0.9925079345703124,-0.00018310546875,-0.0492759384214878,-0.1036395728588104,0.0357657186686992,50.32756042480469,103.7964477539062,11.49981689453125
33574,0.115753173828125,0.989898681640625,-0.0011138916015625,-0.0505193658173084,-0.1009726896882057,0.0334570258855819,50.38999938964844,103.8092803955078,11.39872741699219
33575,0.11309814453125,0.9864959716796876,-0.004547119140625,-0.0467845499515533,-0.1031176000833511,0.0320103988051414,50.3619384765625,103.664306640625,11.59025573730469
33576,0.1159210205078125,0.98126220703125,-0.008392333984375,-0.0416909866034984,-0.103957287967205,0.0238299649208784,50.46214294433594,103.7784271240234,11.35629272460938
33577,0.1159210205078125,0.98126220703125,-0.008392333984375,-0.0416909866034984,-0.103957287967205,0.0238299649208784,50.46214294433594,103.7784271240234,11.35629272460938
33578,0.11865234375,0.9822998046875,-0.0066986083984375,-0.0436915531754493,-0.1081658825278282,0.0193183049559593,50.50303649902344,103.7625885009766,11.33139038085938
33579,0.12322998046875,0.98614501953125,-0.0042724609375,-0.0473960116505622,-0.1177585944533348,0.0192069839686155,50.44343566894531,103.8126068115234,11.38845825195312
33580,0.1269073486328125,0.9875030517578124,-0.004638671875,-0.0510522648692131,-0.1325926631689072,0.0177443753927946,50.52262878417969,103.8316345214844,11.36851501464844
33581,0.1282806396484375,0.987030029296875,-0.0062103271484375,-0.0510522648692131,-0.1325926631689072,0.0177443753927946,50.56301879882812,103.8497619628906,11.39202880859375
33582,0.1303253173828125,0.98516845703125,-0.0072784423828125,-0.0459445901215076,-0.1381419003009796,0.0168298464268446,50.64755249023438,103.7646026611328,11.60366821289062
33583,0.1361846923828125,0.990264892578125,-0.0051727294921875,-0.0288169998675584,-0.1639202237129211,0.01481410022825,50.60079956054688,103.6537322998047,11.95297241210938
33584,0.1361846923828125,0.990264892578125,-0.0051727294921875,-0.0288169998675584,-0.1639202237129211,0.01481410022825,50.60079956054688,103.6537322998047,11.95297241210938
33585,0.1400146484375,0.9941864013671876,-0.006103515625,-0.0288169998675584,-0.1639202237129211,0.01481410022825,50.60110473632812,103.7811431884766,11.67829895019531
33586,0.1459503173828125,0.9904937744140624,-0.0018463134765625,-0.0288899708539247,-0.184032678604126,0.0144415237009525,50.59231567382812,103.9235076904297,11.56578063964844
33587,0.1459503173828125,0.9904937744140624,-0.0018463134765625,-0.0288899708539247,-0.184032678604126,0.0144415237009525,50.59231567382812,103.9235076904297,11.56578063964844
33588,0.1485595703125,0.9865570068359376,-0.0041351318359375,-0.0212411060929298,-0.2041837573051453,0.0105618303641676,50.6834716796875,103.8953704833984,11.62518310546875
33589,0.1502532958984375,0.9863128662109376,-0.0032501220703125,-0.0240049343556165,-0.2077276259660721,0.011795406229794,50.72679138183594,103.9115142822266,11.61219787597656
33590,0.150634765625,0.9848785400390624,-0.003448486328125,-0.0240049343556165,-0.2077276259660721,0.011795406229794,50.7535400390625,103.8480834960938,11.75820922851562
33591,0.1495513916015625,0.988861083984375,-0.004364013671875,-0.0247269179672002,-0.2111034542322159,0.0144878625869751,50.76313781738281,103.7786560058594,11.73049926757812
33592,0.1452178955078125,0.9918975830078124,-0.005462646484375,-0.0349547863006591,-0.2298814058303833,0.0219186153262853,50.90336608886719,103.7396545410156,11.63044738769531
33593,0.1452178955078125,0.9918975830078124,-0.005462646484375,-0.0349547863006591,-0.2298814058303833,0.0219186153262853,50.90336608886719,103.7396545410156,11.63044738769531
33594,0.1407318115234375,0.9896392822265624,-0.00469970703125,-0.0343286804854869,-0.2294270694255829,0.022832877933979,51.04458618164062,103.9425048828125,11.75595092773438
33595,0.1403045654296875,0.9936676025390624,-0.00494384765625,-0.0368842482566833,-0.2355744391679764,0.0264909956604242,51.05787658691406,103.8722381591797,11.91215515136719
33596,0.1403045654296875,0.9936676025390624,-0.00494384765625,-0.0368842482566833,-0.2355744391679764,0.0264909956604242,51.05787658691406,103.8722381591797,11.91215515136719
33597,0.1390228271484375,0.9941558837890624,-0.0043182373046875,-0.0368842482566833,-0.2355744391679764,0.0264909956604242,51.08035278320312,103.8387145996094,11.91854858398438
33598,0.134246826171875,0.990386962890625,-0.0059967041015625,-0.0363835729658603,-0.2335600256919861,0.0251394417136907,51.22726440429688,103.7081146240234,11.95304870605469
33599,0.1310577392578125,0.987396240234375,-0.005401611328125,-0.0303989183157682,-0.2391736954450607,0.0216187424957752,51.261474609375,103.7164611816406,12.11643981933594
33600,0.1311187744140625,0.9881439208984376,-0.0032501220703125,-0.0284015480428934,-0.2395976781845093,0.0180844608694315,51.32492065429688,103.6764831542969,12.0904541015625
33601,0.131378173828125,0.9909820556640624,-0.000640869140625,-0.0290449671447277,-0.2426150441169739,0.0158125180751085,51.293212890625,103.8025665283203,11.94343566894531
33602,0.13128662109375,0.9933013916015624,0.000274658203125,-0.0290449671447277,-0.2426150441169739,0.0158125180751085,51.38584899902344,103.6852722167969,11.96302795410156
33603,0.132720947265625,1.001007080078125,-0.002532958984375,-0.0263711530715227,-0.2429500669240952,0.0165438223630189,51.52363586425781,103.6036529541016,12.119140625
33604,0.132720947265625,1.001007080078125,-0.002532958984375,-0.0263711530715227,-0.2429500669240952,0.0165438223630189,51.52363586425781,103.6036529541016,12.119140625
33605,0.132598876953125,1.000335693359375,-0.0053863525390625,-0.0263711530715227,-0.2429500669240952,0.0165438223630189,51.48635864257812,103.6074676513672,12.19261169433594
33606,0.134307861328125,0.9889678955078124,-0.004852294921875,-0.0182706173509359,-0.2467706352472305,0.0153746949508786,51.63217163085938,103.6231689453125,12.34056091308594
33607,0.134307861328125,0.9889678955078124,-0.004852294921875,-0.0182706173509359,-0.2467706352472305,0.0153746949508786,51.63217163085938,103.6231689453125,12.34056091308594
33608,0.1362457275390625,0.9855194091796876,-0.006011962890625,-0.0182932540774345,-0.2515009343624115,0.0125522771850228,51.63961791992188,103.5652923583984,12.34010314941406
33609,0.1448822021484375,0.9834136962890624,0.001373291015625,-0.0244667269289493,-0.2665736377239227,0.0067591029219329,51.772216796875,103.5414276123047,12.41436767578125
33610,0.1485595703125,0.984771728515625,0.001861572265625,-0.0258382558822631,-0.2731926441192627,0.0064847972244024,51.85247802734375,103.5872192382812,12.4278564453125
33611,0.1485595703125,0.984771728515625,0.001861572265625,-0.0258382558822631,-0.2731926441192627,0.0064847972244024,51.85247802734375,103.5872192382812,12.4278564453125
33612,0.1529998779296875,0.9826202392578124,0.0025634765625,-0.0256947111338377,-0.2855566442012787,0.0055622784420847,51.93223571777344,103.619140625,12.6263427734375
33613,0.1529998779296875,0.9826202392578124,0.0025634765625,-0.0256947111338377,-0.2855566442012787,0.0055622784420847,51.93223571777344,103.619140625,12.6263427734375
33614,0.15252685546875,0.979827880859375,0.0008544921875,-0.0264561083167791,-0.290355920791626,0.0010500843636691,52.11361694335938,103.5883026123047,12.69100952148438
33615,0.15252685546875,0.979827880859375,0.0008544921875,-0.0264561083167791,-0.290355920791626,0.0010500843636691,52.11361694335938,103.5883026123047,12.69100952148438
33616,0.147613525390625,0.9828033447265624,-0.0020751953125,-0.0208669323474168,-0.2798503041267395,-0.0005123922019265,52.15571594238281,103.4507598876953,12.78266906738281
33617,0.147613525390625,0.9828033447265624,-0.0020751953125,-0.0208669323474168,-0.2798503041267395,-0.0005123922019265,52.15571594238281,103.4507598876953,12.78266906738281
33618,0.1419525146484375,0.98577880859375,-0.00653076171875,-0.0191899389028549,-0.2759490311145782,-0.0021169467363506,52.3692626953125,103.3823852539062,12.89950561523438
33619,0.14129638671875,0.9863128662109376,-0.005279541015625,-0.0157126504927873,-0.272419810295105,-0.0053761233575642,52.45588684082031,103.3305816650391,12.87202453613281
33620,0.14129638671875,0.9863128662109376,-0.005279541015625,-0.0157126504927873,-0.272419810295105,-0.0053761233575642,52.45588684082031,103.3305816650391,12.87202453613281
33621,0.13958740234375,0.9840545654296876,0.00042724609375,-0.0121434815227985,-0.2728882431983948,-0.0077822892926633,52.3973388671875,103.4517364501953,12.92056274414062
33622,0.1390380859375,0.985198974609375,-4.57763671875e-05,-0.0086824381723999,-0.2746824324131012,-0.0094944359734654,52.53034973144531,103.3544921875,13.03276062011719
33623,0.138336181640625,0.9867706298828124,0.00030517578125,-0.008836368098855,-0.2769479751586914,-0.0136313894763588,52.55949401855469,103.3386535644531,13.02738952636719
33624,0.138336181640625,0.9867706298828124,0.00030517578125,-0.008836368098855,-0.2769479751586914,-0.0136313894763588,52.55949401855469,103.3386535644531,13.02738952636719
33625,0.1373748779296875,0.984375,0.000335693359375,-0.0193987321108579,-0.2795826494693756,-0.016547018662095,52.62693786621094,103.4130706787109,12.98548889160156
33626,0.1373748779296875,0.984375,0.000335693359375,-0.0193987321108579,-0.2795826494693756,-0.016547018662095,52.62693786621094,103.4130706787109,12.98548889160156
33627,0.135955810546875,0.9871826171875,-0.0029144287109375,-0.0193366799503564,-0.2828138470649719,-0.0258177481591701,52.65522766113281,103.4721221923828,12.91390991210938
33628,0.1361541748046875,0.986846923828125,-0.0057220458984375,-0.0157078560441732,-0.2847238779067993,-0.0294665452092886,52.66262817382812,103.4881286621094,12.92759704589844
33629,0.1351165771484375,0.9886932373046876,-0.0044403076171875,-0.0107453223317861,-0.280899852514267,-0.0333331897854805,52.69685363769531,103.4186859130859,13.00773620605469
33630,0.1367645263671875,0.98974609375,-0.002685546875,-0.007113036699593,-0.2722110152244568,-0.0377897247672081,52.74433898925781,103.5182800292969,13.033203125
33631,0.13671875,0.991180419921875,-0.0053558349609375,-0.0046400255523622,-0.2672905623912811,-0.0365103408694267,52.831298828125,103.5341644287109,13.10592651367188
33632,0.13671875,0.991180419921875,-0.0053558349609375,-0.0046400255523622,-0.2672905623912811,-0.0365103408694267,52.831298828125,103.5341644287109,13.10592651367188
33633,0.1382904052734375,0.993408203125,-0.0036468505859375,-0.0035353463608771,-0.2658545672893524,-0.035539086908102,52.77937316894531,103.4725494384766,13.10049438476562
33634,0.13970947265625,0.9939117431640624,-0.005523681640625,-0.0059524313546717,-0.2669011950492859,-0.0323635339736938,52.84120178222656,103.3606262207031,13.15226745605469
33635,0.138671875,0.99127197265625,-0.0057525634765625,-0.0073540532030165,-0.2549550533294678,-0.0352613180875778,52.78642272949219,103.2745208740234,13.31379699707031
33636,0.14007568359375,0.9882049560546876,-0.0060577392578125,-0.0073540532030165,-0.2549550533294678,-0.0352613180875778,52.90985107421875,103.2646179199219,13.30949401855469
33637,0.1401214599609375,0.9847412109375,-0.0067291259765625,-0.0032525185961276,-0.2388780862092972,-0.0373716056346893,52.90681457519531,103.4436645507812,13.32447814941406
33638,0.1401214599609375,0.9847412109375,-0.0067291259765625,-0.0032525185961276,-0.2388780862092972,-0.0373716056346893,52.90681457519531,103.4436645507812,13.32447814941406
33639,0.1413726806640625,0.9852447509765624,-0.0086517333984375,0.0003376888344064,-0.2254451066255569,-0.0369473658502101,52.914306640625,103.5142974853516,13.22601318359375
33640,0.1410675048828125,0.9853515625,-0.009765625,0.0093391733244061,-0.2144289463758469,-0.0348700992763042,52.99273681640625,103.4095916748047,13.48236083984375
33641,0.1410675048828125,0.9853515625,-0.009765625,0.0093391733244061,-0.2144289463758469,-0.0348700992763042,52.99273681640625,103.4095916748047,13.48236083984375
33642,0.1393280029296875,0.984710693359375,-0.00823974609375,0.0146295428276062,-0.2087492197751999,-0.0339798033237457,53.00035095214844,103.3744964599609,13.6790771484375
33643,0.1380157470703125,0.9833984375,-0.005401611328125,0.0107397297397255,-0.2062237411737442,-0.0370847843587398,52.96733093261719,103.5020446777344,13.83271789550781
33644,0.1358489990234375,0.984283447265625,-0.0012359619140625,0.0025156219489872,-0.2084477543830872,-0.0362418927252292,52.99250793457031,103.6091156005859,13.62173461914062
33645,0.1358489990234375,0.984283447265625,-0.0012359619140625,0.0025156219489872,-0.2084477543830872,-0.0362418927252292,52.99250793457031,103.6091156005859,13.62173461914062
33646,0.1332550048828125,0.987060546875,-0.0020294189453125,0.0062397862784564,-0.2073140442371368,-0.0399881638586521,53.08726501464844,103.5032958984375,13.54820251464844
33647,0.1338043212890625,0.9934234619140624,-0.0037841796875,0.0023952471092343,-0.206891655921936,-0.0392933450639247,53.02569580078125,103.4974517822266,13.56661987304688
33648,0.134002685546875,0.9956512451171876,-0.004547119140625,-0.0055162054486572,-0.2086096704006195,-0.0375654846429824,53.05657958984375,103.4935150146484,13.37606811523438
33649,0.13275146484375,0.9925384521484376,-0.005401611328125,-0.0087364995852112,-0.2061574310064316,-0.0412030965089798,53.06260681152344,103.4134826660156,13.40269470214844
33650,0.1321258544921875,0.989715576171875,-0.006195068359375,-0.0049087386578321,-0.2043203860521317,-0.0398526079952716,53.08453369140625,103.4144287109375,13.42721557617188
33651,0.131500244140625,0.990570068359375,-0.0012359619140625,-0.007047523278743,-0.1841522604227066,-0.0465339459478855,53.07579040527344,103.4970703125,13.22322082519531
33652,0.131500244140625,0.990570068359375,-0.0012359619140625,-0.007047523278743,-0.1841522604227066,-0.0465339459478855,53.07579040527344,103.4970703125,13.22322082519531
33653,0.1331634521484375,0.988739013671875,-0.001251220703125,-0.007047523278743,-0.1841522604227066,-0.0465339459478855,53.17062377929688,103.4528045654297,13.25172424316406
33654,0.131591796875,0.990142822265625,-0.0035247802734375,-0.0060176788829267,-0.1740668714046478,-0.0465254224836826,53.18302917480469,103.3586730957031,13.40391540527344
33655,0.1300201416015625,0.9915771484375,-0.0074310302734375,-0.0043223104439675,-0.164057120680809,-0.0462894663214683,53.16163635253906,103.4505310058594,13.50869750976562
33656,0.1293487548828125,0.990997314453125,-0.0076751708984375,-0.0009017463307827,-0.1588394492864609,-0.0449986346065998,53.19325256347656,103.4443969726562,13.43373107910156
33657,0.1270294189453125,0.98944091796875,-0.008514404296875,0.003810983384028,-0.1450208425521851,-0.0432558618485927,53.1983642578125,103.4518737792969,13.39036560058594
33658,0.1216583251953125,0.9878692626953124,-0.009857177734375,0.0052429651841521,-0.1377498805522919,-0.0457842648029327,53.25611877441406,103.5387268066406,13.33509826660156
33659,0.1204071044921875,0.9906158447265624,-0.00775146484375,0.0072240908630192,-0.1225323081016541,-0.0418603643774986,53.25823974609375,103.5417022705078,13.27972412109375
33660,0.1204071044921875,0.9906158447265624,-0.00775146484375,0.0072240908630192,-0.1225323081016541,-0.0418603643774986,53.25823974609375,103.5417022705078,13.27972412109375
33661,0.121337890625,0.991241455078125,-0.0058746337890625,0.0059899818152189,-0.1184811070561409,-0.0401511490345001,53.32992553710938,103.4683532714844,13.37124633789062
33662,0.1198883056640625,0.991851806640625,-0.005401611328125,0.0045079328119754,-0.1128937974572182,-0.0398835018277168,53.31173706054688,103.3788452148438,13.54093933105469
33663,0.1197662353515625,0.988739013671875,-0.00738525390625,0.0045079328119754,-0.1128937974572182,-0.0398835018277168,53.29988098144531,103.4020690917969,13.53752136230469
33664,0.1203155517578125,0.98577880859375,-0.00640869140625,0.0020937772933393,-0.1019276976585388,-0.0380999818444252,53.19808959960938,103.603271484375,13.43980407714844
33665,0.1222076416015625,0.9844818115234376,-0.0052642822265625,-0.0008298410102725,-0.0937219634652137,-0.0405831113457679,53.16612243652344,103.5313720703125,13.36753845214844
33666,0.1243133544921875,0.98626708984375,-0.00616455078125,-0.0008298410102725,-0.0937219634652137,-0.0405831113457679,53.09303283691406,103.4647521972656,13.33078002929688
33667,0.1234283447265625,0.98919677734375,-0.0045928955078125,0.0022762038279324,-0.0725128129124641,-0.0388786904513835,53.17695617675781,103.7192840576172,13.37406921386719
33668,0.1224822998046875,0.988311767578125,-0.00469970703125,0.0022762038279324,-0.0725128129124641,-0.0388786904513835,53.12727355957031,103.6165466308594,13.34190368652344
33669,0.1224822998046875,0.988311767578125,-0.00469970703125,0.0022762038279324,-0.0725128129124641,-0.0388786904513835,53.12727355957031,103.6165466308594,13.34190368652344
33670,0.12176513671875,0.9865875244140624,-0.0054779052734375,0.0070943948812782,-0.0607171431183815,-0.0384171642363071,53.08706665039062,103.517822265625,13.41229248046875
33671,0.12017822265625,0.9888153076171876,-0.007110595703125,0.0065162223763763,-0.0456423200666904,-0.0385910682380199,53.087646484375,103.6391754150391,13.37483215332031
33672,0.12017822265625,0.9888153076171876,-0.007110595703125,0.0065162223763763,-0.0456423200666904,-0.0385910682380199,53.087646484375,103.6391754150391,13.37483215332031
33673,0.116912841796875,0.99078369140625,-0.007415771484375,0.0025515747256577,-0.0387186333537101,-0.0388672389090061,53.03569030761719,103.6078643798828,13.301513671875
33674,0.1151885986328125,0.99383544921875,-0.00799560546875,0.0025515747256577,-0.0387186333537101,-0.0388672389090061,53.03518676757812,103.6231231689453,13.33169555664062
33675,0.1133575439453125,0.9946746826171876,-0.00732421875,0.0032850091811269,-0.0358323007822036,-0.0334599539637565,53.07200622558594,103.5754089355469,13.5052490234375
33676,0.1134185791015625,0.9918060302734376,-0.008575439453125,0.0064877266995608,-0.0183989815413951,-0.0365401692688465,52.89315795898438,103.8506774902344,12.4765625
33677,0.112701416015625,0.98956298828125,-0.0087127685546875,0.0086563387885689,-0.0092539517208933,-0.033803503960371,53.03129577636719,103.7756958007812,12.52667236328125
33678,0.1145477294921875,0.9893951416015624,-0.0079193115234375,0.0114950025454163,-0.0130084762349724,-0.0373207405209541,52.92544555664062,103.783447265625,12.574951171875
33679,0.113983154296875,0.988800048828125,-0.0076141357421875,0.0114950025454163,-0.0130084762349724,-0.0373207405209541,52.94508361816406,103.8734893798828,12.61241149902344
33680,0.1142730712890625,0.9901275634765624,-0.009521484375,0.01168302167207,-0.004880775231868,-0.0325832441449165,52.90657043457031,103.7667236328125,12.49295043945312
33681,0.1151123046875,0.9912872314453124,-0.0085296630859375,0.0118723716586828,0.0007190534961409,-0.0363026149570941,52.89195251464844,103.9132843017578,12.43312072753906
33682,0.1151123046875,0.9912872314453124,-0.0085296630859375,0.0118723716586828,0.0007190534961409,-0.0363026149570941,52.89195251464844,103.9132843017578,12.43312072753906
33683,0.1160430908203125,0.9907379150390624,-0.0088043212890625,0.0118723716586828,0.0007190534961409,-0.0363026149570941,52.85395812988281,103.8944702148438,12.46087646484375
33684,0.1153411865234375,0.9912872314453124,-0.006927490234375,0.0092305159196257,0.0125602670013904,-0.0319097302854061,52.93948364257812,103.6241302490234,12.68896484375
33685,0.1163330078125,0.9899139404296876,-0.0050506591796875,0.008741027675569,0.020401943475008,-0.0308969300240278,52.9881591796875,103.5306396484375,13.06788635253906
33686,0.115478515625,0.9888153076171876,-0.0038909912109375,0.0082054659724235,0.0253231991082429,-0.0340149588882923,52.91654968261719,103.4977874755859,13.42413330078125
33687,0.1136474609375,0.9937744140625,-0.010284423828125,0.0063527044840157,0.0379338003695011,-0.0296772010624408,52.77764892578125,103.6516876220703,12.84478759765625
33688,0.1136474609375,0.9937744140625,-0.010284423828125,0.0063527044840157,0.0379338003695011,-0.0296772010624408,52.77764892578125,103.6516876220703,12.84478759765625
33689,0.1136474609375,0.9937744140625,-0.010284423828125,0.0063527044840157,0.0379338003695011,-0.0296772010624408,52.77764892578125,103.6516876220703,12.84478759765625
33690,0.1139068603515625,0.9937286376953124,-0.008880615234375,0.0062584285624325,0.0449858494102954,-0.0263503808528184,52.78634643554688,103.7464904785156,12.81105041503906
33691,0.1125335693359375,0.994873046875,-0.0068359375,0.0062584285624325,0.0449858494102954,-0.0263503808528184,52.85423278808594,103.6982727050781,12.71958923339844
33692,0.11053466796875,0.9932098388671876,-0.00579833984375,0.0061620222404599,0.0572023019194603,-0.0270220302045345,52.75628662109375,103.6595458984375,12.81687927246094
33693,0.11053466796875,0.9932098388671876,-0.00579833984375,0.0061620222404599,0.0572023019194603,-0.0270220302045345,52.75628662109375,103.6595458984375,12.81687927246094
33694,0.1089935302734375,0.9935760498046876,-0.007049560546875,0.0094262585043907,0.0586494654417038,-0.0233804229646921,52.79698181152344,103.7007751464844,12.81852722167969
33695,0.1077117919921875,0.9943695068359376,-0.0086212158203125,0.0106292087584734,0.0567317232489585,-0.0220235437154769,52.75527954101562,103.7401580810547,12.62471008300781
33696,0.11126708984375,0.9890594482421876,-0.005035400390625,0.0115498630329966,0.0522323101758956,-0.0183361303061246,52.73149108886719,103.7032775878906,12.63026428222656
33697,0.11126708984375,0.9890594482421876,-0.005035400390625,0.0115498630329966,0.0522323101758956,-0.0183361303061246,52.73149108886719,103.7032775878906,12.63026428222656
33698,0.112335205078125,0.9888916015625,-0.0033111572265625,0.0002522013674024,0.0519747845828533,-0.0190357435494661,52.62240600585938,103.6849365234375,12.63092041015625
33699,0.1137542724609375,0.98907470703125,-0.00323486328125,0.0002522013674024,0.0519747845828533,-0.0190357435494661,52.63594055175781,103.8280792236328,12.74821472167969
33700,0.1170654296875,0.986785888671875,-0.005401611328125,-0.0050586746074259,0.0444108732044696,-0.0119418809190392,52.59283447265625,103.8273010253906,12.62254333496094
33701,0.1170654296875,0.986785888671875,-0.005401611328125,-0.0050586746074259,0.0444108732044696,-0.0119418809190392,52.59283447265625,103.8273010253906,12.62254333496094
33702,0.117218017578125,0.988067626953125,-0.0053253173828125,-0.0013448963873088,0.0402534119784832,-0.0099453087896108,52.60099792480469,103.6759948730469,12.6824951171875
33703,0.1141204833984375,0.9883575439453124,-0.005126953125,0.0024655545130372,0.0433195121586322,-0.0053998255170881,52.59683227539062,103.8766784667969,12.65997314453125
33704,0.1141204833984375,0.9883575439453124,-0.005126953125,0.0024655545130372,0.0433195121586322,-0.0053998255170881,52.59683227539062,103.8766784667969,12.65997314453125
33705,0.113800048828125,0.986907958984375,-0.0070037841796875,0.0042349589057266,0.0409881807863712,-0.0045425537973642,52.58607482910156,103.7364044189453,12.63444519042969
33706,0.1130218505859375,0.985748291015625,-0.0086212158203125,0.0074307518079876,0.0447520241141319,-0.0055649415589869,52.64642333984375,103.7620697021484,12.54531860351562
33707,0.108978271484375,0.989837646484375,-0.00830078125,0.014519820921123,0.0437062010169029,-0.0052677327767014,52.51005554199219,103.8645629882812,12.5892333984375
33708,0.108978271484375,0.989837646484375,-0.00830078125,0.014519820921123,0.0437062010169029,-0.0052677327767014,52.51005554199219,103.8645629882812,12.5892333984375
33709,0.106719970703125,0.9926910400390624,-0.007415771484375,0.0145043740049004,0.0451264642179012,-0.008076568134129,52.54206848144531,103.7125854492188,12.69798278808594
33710,0.105560302734375,0.9937744140625,-0.0068206787109375,0.0136913107708096,0.0517825037240982,-0.0115498630329966,52.60185241699219,103.6080169677734,12.84832763671875
33711,0.1044921875,0.9938507080078124,-0.0062408447265625,0.0136913107708096,0.0517825037240982,-0.0115498630329966,52.6502685546875,103.5637969970703,12.98895263671875
33712,0.1047821044921875,0.99072265625,-0.0091400146484375,0.0139597579836845,0.0494743436574935,-0.0145983835682272,52.6893310546875,103.5186462402344,13.05825805664062
33713,0.1047821044921875,0.99072265625,-0.0091400146484375,0.0139597579836845,0.0494743436574935,-0.0145983835682272,52.6893310546875,103.5186462402344,13.05825805664062
33714,0.1047821044921875,0.99072265625,-0.0091400146484375,0.0139597579836845,0.0494743436574935,-0.0145983835682272,52.6893310546875,103.5186462402344,13.05825805664062
33715,0.10687255859375,0.989410400390625,-0.0095062255859375,0.0147214215248823,0.0527644120156765,-0.012793293222785,52.58596801757812,103.4459228515625,13.30891418457031
33716,0.11126708984375,0.9916229248046876,-0.010528564453125,0.0287442971020937,0.0589405484497547,-0.0078009315766394,52.62493896484375,103.5990753173828,13.12307739257812
33717,0.1119537353515625,0.9912567138671876,-0.007965087890625,0.0290239285677671,0.0536480471491813,-0.0079364860430359,52.63714599609375,103.5453033447266,13.20993041992188
33718,0.1131134033203125,0.99066162109375,-0.00787353515625,0.0290239285677671,0.0536480471491813,-0.0079364860430359,52.6343994140625,103.5389099121094,13.16766357421875
33719,0.1143951416015625,0.9910736083984376,-0.0076751708984375,0.0243285093456506,0.0456250086426734,-0.0061875884421169,52.65878295898438,103.3516998291016,13.345458984375
33720,0.11468505859375,0.990631103515625,-0.007354736328125,0.0231231618672609,0.0405487567186355,-0.0054027549922466,52.59027099609375,103.4753723144531,13.2559814453125
33721,0.11468505859375,0.990631103515625,-0.007354736328125,0.0231231618672609,0.0405487567186355,-0.0054027549922466,52.59027099609375,103.4753723144531,13.2559814453125
33722,0.1157379150390625,0.9909210205078124,-0.0063323974609375,0.0206584073603153,0.0354381501674652,-0.0059662796556949,52.55622863769531,103.4542541503906,13.12809753417969
33723,0.1153106689453125,0.993133544921875,-0.00555419921875,0.0238089263439178,0.0300351306796073,-0.0033736925106495,52.38682556152344,103.4926910400391,12.70751953125
33724,0.1153106689453125,0.993133544921875,-0.00555419921875,0.0238089263439178,0.0300351306796073,-0.0033736925106495,52.38682556152344,103.4926910400391,12.70751953125
33725,0.1137847900390625,0.99261474609375,-0.005828857421875,0.0238089263439178,0.0300351306796073,-0.0033736925106495,52.38215637207031,103.5635223388672,12.64524841308594
33726,0.1137847900390625,0.9954833984375,-0.0063629150390625,0.0222086329013109,0.0273067224770784,-0.00605123443529,52.38139343261719,103.5566101074219,12.63934326171875
33727,0.1139984130859375,0.9936370849609376,-0.0058746337890625,0.0222086329013109,0.0273067224770784,-0.00605123443529,52.48756408691406,103.5272827148438,12.70915222167969
33728,0.1155853271484375,0.9869384765625,-0.0108184814453125,0.0212717335671186,0.0141461789608001,-0.0100302631035447,52.49951171875,103.5560760498047,12.6221923828125
33729,0.1155853271484375,0.9869384765625,-0.0108184814453125,0.0212717335671186,0.0141461789608001,-0.0100302631035447,52.49951171875,103.5560760498047,12.6221923828125
33730,0.1160888671875,0.9866180419921876,-0.01116943359375,0.0212717335671186,0.0141461789608001,-0.0100302631035447,52.40042114257812,103.5437622070312,12.69415283203125
33731,0.1165771484375,0.988250732421875,-0.0111083984375,0.0192863456904888,0.0090984236449003,-0.0059883841313421,52.35739135742188,103.5877380371094,12.61454772949219
33732,0.1161956787109375,0.990325927734375,-0.0070648193359375,0.016728913411498,0.0061795990914106,-0.0042008701711893,52.34092712402344,103.6452484130859,12.47566223144531
33733,0.1161956787109375,0.990325927734375,-0.0070648193359375,0.016728913411498,0.0061795990914106,-0.0042008701711893,52.34092712402344,103.6452484130859,12.47566223144531
33734,0.11474609375,0.990081787109375,-0.0076751708984375,0.0160982757806778,0.0041795647703111,-0.0047249803319573,52.43209838867188,103.5570373535156,12.45631408691406
33735,0.1142578125,0.99249267578125,-0.0064544677734375,0.0132718635722994,-0.0024634238798171,-0.0052938316948711,52.46311950683594,103.4875335693359,12.38314819335938
33736,0.1142578125,0.99249267578125,-0.0064544677734375,0.0132718635722994,-0.0024634238798171,-0.0052938316948711,52.46311950683594,103.4875335693359,12.38314819335938
33737,0.1128387451171875,0.992218017578125,-0.00775146484375,0.0100137516856193,-0.0051718587055802,-0.0050331079401075,52.44880676269531,103.5219573974609,12.4302978515625
33738,0.1107330322265625,0.991241455078125,-0.0105438232421875,0.0040988712571561,-0.0025222797412425,-0.0106164254248142,52.44894409179688,103.4263916015625,12.45732116699219
33739,0.1067962646484375,0.9880523681640624,-0.01116943359375,0.0047137951478362,-0.0029731530230492,-0.014274276793003,52.41014099121094,103.646240234375,12.67868041992188
33740,0.1067962646484375,0.9880523681640624,-0.01116943359375,0.0047137951478362,-0.0029731530230492,-0.014274276793003,52.41014099121094,103.646240234375,12.67868041992188
33741,0.1067962646484375,0.9880523681640624,-0.01116943359375,0.0047137951478362,-0.0029731530230492,-0.014274276793003,52.41014099121094,103.646240234375,12.67868041992188
33742,0.1066741943359375,0.987030029296875,-0.01116943359375,0.0047137951478362,-0.0029731530230492,-0.014274276793003,52.41061401367188,103.4391479492188,13.09222412109375
33743,0.1053466796875,0.9829254150390624,-0.008270263671875,0.0078027956187725,0.0073702982626855,-0.0157866869121789,52.43191528320312,103.4830627441406,12.99462890625
33744,0.1053466796875,0.9829254150390624,-0.008270263671875,0.0078027956187725,0.0073702982626855,-0.0157866869121789,52.43191528320312,103.4830627441406,12.99462890625
33745,0.105194091796875,0.97979736328125,-0.008026123046875,0.0160599257797002,0.0188818126916885,-0.0228951964527368,52.31228637695312,103.4722900390625,12.88803100585938
33746,0.105224609375,0.9809112548828124,-0.0105743408203125,0.0232414063066244,0.0264326725155115,-0.0253682062029838,52.36672973632812,103.4925231933594,12.70002746582031
33747,0.106170654296875,0.9930877685546876,-0.0036163330078125,0.0255911145359277,0.0240030698478221,-0.0339515767991542,52.29505920410156,103.6472930908203,12.65846252441406
33748,0.106170654296875,0.9930877685546876,-0.0036163330078125,0.0255911145359277,0.0240030698478221,-0.0339515767991542,52.29505920410156,103.6472930908203,12.65846252441406
33749,0.1087646484375,0.99249267578125,-0.0012359619140625,0.0263328049331903,0.0219947807490825,-0.0328357107937336,52.27790832519531,103.7402191162109,12.42100524902344
33750,0.1126861572265625,0.98974609375,-0.003021240234375,0.0240065325051546,0.0212869122624397,-0.0394432805478572,52.28466796875,103.7906494140625,12.31715393066406
33751,0.1165771484375,0.9891815185546876,-0.003143310546875,0.021630460396409,0.0178200099617242,-0.0439520105719566,52.27186584472656,103.7565155029297,12.45703125
33752,0.120147705078125,0.9824371337890624,-0.00531005859375,0.0277235060930252,0.0120862238109111,-0.0464625731110572,52.13137817382812,103.7245483398438,12.51063537597656
33753,0.120147705078125,0.9824371337890624,-0.00531005859375,0.0277235060930252,0.0120862238109111,-0.0464625731110572,52.13137817382812,103.7245483398438,12.51063537597656
33754,0.1221771240234375,0.980133056640625,-0.005157470703125,0.0262861978262662,0.0088563421741127,-0.046659380197525,52.18443298339844,103.7743225097656,12.43232727050781
33755,0.12371826171875,0.9712982177734376,-0.0024566650390625,0.0039622508920729,-0.0153153063729405,-0.0521657317876815,52.16184997558594,103.6675262451172,12.42669677734375
33756,0.12371826171875,0.9712982177734376,-0.0024566650390625,0.0039622508920729,-0.0153153063729405,-0.0521657317876815,52.16184997558594,103.6675262451172,12.42669677734375
33757,0.125396728515625,0.97039794921875,-0.000762939453125,0.0039622508920729,-0.0153153063729405,-0.0521657317876815,52.1480712890625,103.7311096191406,12.42849731445312
33758,0.1250457763671875,0.9734039306640624,0.0001220703125,0.0017196030821651,-0.0277978088706731,-0.0490455739200115,52.23860168457031,103.5941314697266,12.42387390136719
33759,0.125457763671875,0.9804229736328124,0.004547119140625,-0.0041116545908153,-0.0356224440038204,-0.0463810823857784,52.28211975097656,103.57373046875,12.62362670898438
33760,0.126007080078125,0.9976959228515624,0.0029144287109375,-0.0227441936731338,-0.0538789443671703,-0.0313304923474788,52.16757202148438,103.5353851318359,12.45730590820312
33761,0.126007080078125,0.9976959228515624,0.0029144287109375,-0.0227441936731338,-0.0538789443671703,-0.0313304923474788,52.16757202148438,103.5353851318359,12.45730590820312
33762,0.12603759765625,0.9986572265625,-0.001617431640625,-0.0297557655721902,-0.0634210482239723,-0.0299717467278242,52.18937683105469,103.4347839355469,12.44418334960938
33763,0.1248779296875,0.996337890625,-0.0023193359375,-0.0297557655721902,-0.0634210482239723,-0.0299717467278242,52.12458801269531,103.5014343261719,12.4678955078125
33764,0.12799072265625,0.9966278076171876,0.0127105712890625,-0.0367982275784015,-0.0741410702466964,-0.0236073248088359,52.10464477539062,103.4542541503906,12.48490905761719
33765,0.1292266845703125,1.00054931640625,0.0122833251953125,-0.0509686432778835,-0.0751509442925453,-0.0176879167556762,52.01776123046875,103.3946685791016,12.6575927734375
33766,0.1292266845703125,1.00054931640625,0.0122833251953125,-0.0509686432778835,-0.0751509442925453,-0.0176879167556762,52.01776123046875,103.3946685791016,12.6575927734375
33767,0.118072509765625,1.001052856445312,-0.0070953369140625,-0.054870706051588,-0.0909634605050087,-0.0098853874951601,52.03050231933594,103.3144378662109,12.63236999511719
33768,0.10943603515625,1.005767822265625,-0.0271453857421875,-0.0369383096694946,-0.1081853285431862,-0.0041542649269104,52.05653381347656,103.2416381835938,12.71464538574219
33769,0.10943603515625,1.005767822265625,-0.0271453857421875,-0.0369383096694946,-0.1081853285431862,-0.0041542649269104,52.05653381347656,103.2416381835938,12.71464538574219
33770,0.09979248046875,1.004241943359375,-0.050689697265625,-0.023666713386774,-0.1286309510469437,-0.0049958238378167,52.10621643066406,103.2354583740234,12.71437072753906
33771,0.09283447265625,0.9958648681640624,-0.0587615966796875,-0.0128454910591244,-0.206333190202713,-0.0242550056427717,52.150634765625,103.2176208496094,12.78398132324219
33772,0.094207763671875,0.960357666015625,-0.024658203125,-0.0250411704182624,-0.2360777705907822,-0.0308591127395629,52.30540466308594,103.2180786132812,13.08877563476562
33773,0.094207763671875,0.960357666015625,-0.024658203125,-0.0250411704182624,-0.2360777705907822,-0.0308591127395629,52.30540466308594,103.2180786132812,13.08877563476562
33774,0.10113525390625,0.945220947265625,-0.0133514404296875,-0.0522829107940197,-0.2474257797002792,-0.0300263427197933,52.32167053222656,103.1302032470703,13.37095642089844
33775,0.111114501953125,0.9337921142578124,-0.0074615478515625,-0.0815606415271759,-0.2419292777776718,-0.0227388683706522,52.37586975097656,103.0092468261719,13.90679931640625
33776,0.1224365234375,0.9311065673828124,0.001129150390625,-0.1310925036668777,-0.1642821580171585,-0.0002284992224304,52.325439453125,103.1302337646484,13.59078979492188
33777,0.1215362548828125,0.9347686767578124,-0.0048980712890625,-0.1450501382350922,-0.1037522256374359,0.0076704365201294,52.37318420410156,102.9287719726562,13.70103454589844
33778,0.1215362548828125,0.9347686767578124,-0.0048980712890625,-0.1450501382350922,-0.1037522256374359,0.0076704365201294,52.37318420410156,102.9287719726562,13.70103454589844
33779,0.1076202392578125,0.9482574462890624,-0.014556884765625,-0.1275518387556076,-0.0443935617804527,0.0096736662089824,52.36930847167969,102.8661193847656,13.80354309082031
33780,0.1076202392578125,0.9482574462890624,-0.014556884765625,-0.1275518387556076,-0.0443935617804527,0.0096736662089824,52.36930847167969,102.8661193847656,13.80354309082031
33781,0.1007232666015625,0.9556732177734376,-0.01129150390625,-0.0860267579555511,-0.0519633330404758,0.0021891184151172,52.45571899414062,102.8580169677734,13.79144287109375
33782,0.097137451171875,0.973480224609375,-0.007598876953125,-0.0860267579555511,-0.0519633330404758,0.0021891184151172,52.47300720214844,102.9591674804688,14.02638244628906
33783,0.0938720703125,0.98870849609375,-0.0058441162109375,-0.0596031434834003,-0.0673500150442123,-0.010571151971817,52.51936340332031,102.8714141845703,14.2303466796875
33784,0.102142333984375,1.035400390625,-0.0106658935546875,-0.0119136506691575,-0.1131923347711563,-0.030487336218357,52.49978637695312,102.8305969238281,14.19972229003906
33785,0.102142333984375,1.035400390625,-0.0106658935546875,-0.0119136506691575,-0.1131923347711563,-0.030487336218357,52.49978637695312,102.8305969238281,14.19972229003906
33786,0.10986328125,1.053543090820312,-0.0111083984375,-0.0029947245493531,-0.1343434303998947,-0.0436497442424297,52.48466491699219,102.7982482910156,14.14656066894531
33787,0.119842529296875,1.052337646484375,-0.018890380859375,0.0315728411078453,-0.1736255884170532,-0.0727162808179855,52.50399780273438,102.927001953125,14.02545166015625
33788,0.1229400634765625,1.036865234375,-0.0253753662109375,0.0436161868274211,-0.1978073567152023,-0.0762652084231376,52.50665283203125,102.8279266357422,14.16848754882812
33789,0.1229400634765625,1.036865234375,-0.0253753662109375,0.0436161868274211,-0.1978073567152023,-0.0762652084231376,52.50665283203125,102.8279266357422,14.16848754882812
33790,0.12200927734375,1.015411376953125,-0.024017333984375,0.0423937961459159,-0.2353195697069168,-0.0788263753056526,52.51228332519531,102.8349151611328,14.26031494140625
33791,0.1068115234375,0.9819488525390624,-0.0094146728515625,0.0493164174258709,-0.2296694070100784,-0.0745554640889167,52.57540893554688,102.9232940673828,14.21913146972656
33792,0.1068115234375,0.9819488525390624,-0.0094146728515625,0.0493164174258709,-0.2296694070100784,-0.0745554640889167,52.57540893554688,102.9232940673828,14.21913146972656
33793,0.0974578857421875,0.971221923828125,-0.003143310546875,0.0378472469747066,-0.2230354845523834,-0.0684072896838188,52.54910278320312,102.8001251220703,14.1866455078125
33794,0.088958740234375,0.973388671875,0.0109710693359375,0.0378472469747066,-0.2230354845523834,-0.0684072896838188,52.52371215820312,102.8595886230469,14.19084167480469
33795,0.07781982421875,0.977447509765625,0.0136260986328125,0.0131562817841768,-0.2020348608493805,-0.0683252587914466,52.51248168945312,103.0175170898438,14.08340454101562
33796,0.07635498046875,0.97808837890625,0.0163421630859375,-0.0060522998683154,-0.1722761541604996,-0.0779603123664856,52.48431396484375,103.0032653808594,14.09808349609375
33797,0.07635498046875,0.97808837890625,0.0163421630859375,-0.0060522998683154,-0.1722761541604996,-0.0779603123664856,52.48431396484375,103.0032653808594,14.09808349609375
33798,0.0753173828125,0.9772491455078124,0.010284423828125,-0.0060522998683154,-0.1722761541604996,-0.0779603123664856,52.48663330078125,102.9603271484375,14.22502136230469
33799,0.0602264404296875,0.96563720703125,0.0014495849609375,0.0412291958928108,-0.113505519926548,-0.103080578148365,52.45388793945312,102.9934387207031,14.02534484863281
33800,0.0602264404296875,0.96563720703125,0.0014495849609375,0.0412291958928108,-0.113505519926548,-0.103080578148365,52.45388793945312,102.9934387207031,14.02534484863281
33801,0.05755615234375,0.9430999755859376,-0.027679443359375,0.116553507745266,-0.0743927434086799,-0.1416338235139847,52.50285339355469,103.0124206542969,14.08529663085938
33802,0.0682373046875,0.97357177734375,-0.01666259765625,0.1109214574098587,-0.1223807707428932,-0.1095011904835701,52.50442504882812,102.8854827880859,14.03016662597656
33803,0.103240966796875,1.02008056640625,0.0123138427734375,-0.0293064899742603,-0.1223256438970566,-0.0466226302087307,52.4005126953125,102.873291015625,14.04241943359375
33804,0.103240966796875,1.02008056640625,0.0123138427734375,-0.0293064899742603,-0.1223256438970566,-0.0466226302087307,52.4005126953125,102.873291015625,14.04241943359375
33805,0.103240966796875,1.02008056640625,0.0123138427734375,-0.0293064899742603,-0.1223256438970566,-0.0466226302087307,52.4005126953125,102.873291015625,14.04241943359375
33806,0.1083221435546875,1.031356811523438,-0.0073089599609375,-0.012531504034996,-0.1141689196228981,-0.0427218973636627,52.36201477050781,102.7809600830078,14.23260498046875
33807,0.1055450439453125,1.030242919921875,-0.0192718505859375,0.0032866070978343,-0.1169157028198242,-0.0335821956396102,52.4783935546875,102.7754821777344,14.38543701171875
33808,0.099822998046875,1.018814086914062,-0.0080108642578125,0.0192557200789451,-0.1244934573769569,-0.0251479633152484,52.32206726074219,102.7776641845703,14.21492004394531
33809,0.099822998046875,1.018814086914062,-0.0080108642578125,0.0192557200789451,-0.1244934573769569,-0.0251479633152484,52.32206726074219,102.7776641845703,14.21492004394531
33810,0.0966339111328125,1.004562377929688,0.001495361328125,0.0274737030267715,-0.1279244124889374,-0.0120239062234759,52.3409423828125,102.8531646728516,13.8502197265625
33811,0.098724365234375,0.9776153564453124,0.01373291015625,0.0132526885718107,-0.1227099373936653,0.0104808704927563,52.40794372558594,102.8549957275391,13.79183959960938
33812,0.098724365234375,0.9776153564453124,0.01373291015625,0.0132526885718107,-0.1227099373936653,0.0104808704927563,52.40794372558594,102.8549957275391,13.79183959960938
33813,0.1022186279296875,0.97869873046875,0.0132598876953125,-0.0006290386663749,-0.1187748536467552,0.0164034739136695,52.41722106933594,102.8436431884766,13.71133422851562
33814,0.1037750244140625,0.981689453125,0.008758544921875,-0.0184860657900571,-0.1252593845129013,0.022030733525753,52.46328735351562,102.8837738037109,13.72308349609375
33815,0.113525390625,0.991424560546875,0.001007080078125,-0.0487797893583774,-0.170823946595192,0.0260885916650295,52.45806884765625,103.0318756103516,13.66062927246094
33816,0.113525390625,0.991424560546875,0.001007080078125,-0.0487797893583774,-0.170823946595192,0.0260885916650295,52.45806884765625,103.0318756103516,13.66062927246094
33817,0.1133270263671875,0.9835052490234376,-0.0014801025390625,-0.0487797893583774,-0.170823946595192,0.0260885916650295,52.58808898925781,102.8876953125,13.74443054199219
33818,0.11517333984375,0.9751129150390624,0.000579833984375,-0.0519385635852813,-0.1869115680456161,0.0335909835994243,52.60934448242188,102.7920074462891,14.06771850585938
33819,0.11627197265625,0.956024169921875,0.01202392578125,-0.0700078457593917,-0.2369257211685181,0.0492623560130596,52.681884765625,102.9155883789062,13.964599609375
33820,0.11627197265625,0.956024169921875,0.01202392578125,-0.0700078457593917,-0.2369257211685181,0.0492623560130596,52.681884765625,102.9155883789062,13.964599609375
33821,0.1182708740234375,0.9561920166015624,0.0153961181640625,-0.0944934785366058,-0.2615333497524261,0.056994043290615,52.66023254394531,102.8930053710938,13.80392456054688
33822,0.121185302734375,0.9673919677734376,0.010223388671875,-0.0944934785366058,-0.2615333497524261,0.056994043290615,52.7869873046875,102.7295227050781,13.84375
33823,0.1259918212890625,1.00604248046875,-0.00079345703125,-0.0994781181216239,-0.2972228825092316,0.0408496968448162,52.94644165039062,102.6256713867188,14.04051208496094
33824,0.1259918212890625,1.00604248046875,-0.00079345703125,-0.0994781181216239,-0.2972228825092316,0.0408496968448162,52.94644165039062,102.6256713867188,14.04051208496094
33825,0.1271514892578125,1.022293090820312,-0.003753662109375,-0.0994781181216239,-0.2972228825092316,0.0408496968448162,52.98939514160156,102.6006164550781,14.00790405273438
33826,0.12469482421875,1.023834228515625,-0.009765625,-0.0915102064609527,-0.3266159296035767,0.040200151503086,53.0382080078125,102.6101837158203,14.08412170410156
33827,0.114593505859375,1.018600463867188,0.0025177001953125,-0.0855346098542213,-0.3816083371639252,0.041180457919836,53.21919250488281,102.5210266113281,14.34382629394531
33828,0.1121673583984375,1.009567260742188,0.0100555419921875,-0.084858700633049,-0.3950525224208832,0.0401660613715648,53.35647583007812,102.4951324462891,14.50234985351562
33829,0.1121673583984375,1.009567260742188,0.0100555419921875,-0.084858700633049,-0.3950525224208832,0.0401660613715648,53.35647583007812,102.4951324462891,14.50234985351562
33830,0.1093292236328125,0.99969482421875,0.0167999267578125,-0.084183320403099,-0.398879200220108,0.0422105714678764,53.39656066894531,102.4839630126953,14.59268188476562
33831,0.1018829345703125,0.9867706298828124,0.021148681640625,-0.0976264253258705,-0.4067538976669312,0.0422169603407383,53.50558471679688,102.4717407226562,14.39715576171875
33832,0.1018829345703125,0.9867706298828124,0.021148681640625,-0.0976264253258705,-0.4067538976669312,0.0422169603407383,53.50558471679688,102.4717407226562,14.39715576171875
33833,0.0970001220703125,0.9813232421875,0.0190582275390625,-0.1098332926630974,-0.405341625213623,0.0461355373263359,53.5460205078125,102.4292602539062,14.4837646484375
33834,0.0931396484375,0.980072021484375,0.0205078125,-0.1150131374597549,-0.4015698134899139,0.048333179205656,53.68753051757812,102.3835296630859,14.66627502441406
33835,0.0807952880859375,0.98583984375,0.0144500732421875,-0.1095936074852943,-0.3810759782791138,0.0448747985064983,53.92778015136719,102.2896270751953,14.88935852050781
33836,0.0807952880859375,0.98583984375,0.0144500732421875,-0.1095936074852943,-0.3810759782791138,0.0448747985064983,53.92778015136719,102.2896270751953,14.88935852050781
33837,0.07611083984375,0.988006591796875,0.0135650634765625,-0.1079640164971352,-0.3727141916751862,0.0376413837075233,54.04188537597656,102.21435546875,14.99517822265625
33838,0.0743408203125,0.9939727783203124,0.0104522705078125,-0.1098631173372269,-0.3592734634876251,0.029496906325221,54.17814636230469,102.1260070800781,15.274658203125
33839,0.0790863037109375,0.9994964599609376,0.0096282958984375,-0.1020161136984825,-0.3549546301364899,0.0132779888808727,54.35606384277344,102.0712585449219,15.32640075683594
33840,0.0790863037109375,0.9994964599609376,0.0096282958984375,-0.1020161136984825,-0.3549546301364899,0.0132779888808727,54.35606384277344,102.0712585449219,15.32640075683594
33841,0.0878448486328125,1.008590698242188,0.0152740478515625,-0.0989809110760688,-0.3587197959423065,0.0070680296048522,54.30158996582031,102.0846710205078,15.23780822753906
33842,0.0919036865234375,1.014938354492188,0.0203704833984375,-0.0961465090513229,-0.347804844379425,0.003212571144104,54.43768310546875,102.0470275878906,15.46176147460938
33843,0.0946502685546875,1.023483276367188,0.0179901123046875,-0.0993987619876861,-0.3271110057830811,0.0125195197761058,54.66050720214844,101.9474945068359,15.84140014648438
33844,0.0946502685546875,1.023483276367188,0.0179901123046875,-0.0993987619876861,-0.3271110057830811,0.0125195197761058,54.66050720214844,101.9474945068359,15.84140014648438
33845,0.0915679931640625,1.02362060546875,0.0130767822265625,-0.0877863094210624,-0.3098569214344025,0.0173449013382196,54.769775390625,101.9308319091797,15.84196472167969
33846,0.08782958984375,1.024383544921875,0.010650634765625,-0.0608801282942295,-0.2697614431381226,0.0244829729199409,54.79939270019531,102.0134429931641,15.72515869140625
33847,0.0818939208984375,1.019729614257812,0.012359619140625,-0.0483848415315151,-0.2497669607400894,0.0237170476466417,54.80123901367188,101.9561920166016,15.54209899902344
33848,0.0775146484375,1.018310546875,0.015228271484375,-0.0448963679373264,-0.2258368581533432,0.0281456168740987,54.78083801269531,101.9745483398438,15.43731689453125
33849,0.072265625,1.020126342773438,0.01617431640625,-0.0448963679373264,-0.2258368581533432,0.0281456168740987,54.80166625976562,102.0469665527344,15.41441345214844
33850,0.0678558349609375,1.024124145507812,0.01446533203125,-0.0399293079972267,-0.1974821835756302,0.02899063937366,54.91719055175781,102.1163482666016,15.41920471191406
33851,0.060150146484375,1.027145385742188,0.0106964111328125,-0.0326958931982517,-0.1635436564683914,0.028645759448409,55.04949951171875,102.1025238037109,15.57427978515625
33852,0.060150146484375,1.027145385742188,0.0106964111328125,-0.0326958931982517,-0.1635436564683914,0.028645759448409,55.04949951171875,102.1025238037109,15.57427978515625
33853,0.058929443359375,1.013336181640625,0.0093536376953125,-0.0287586767226457,-0.1591353267431259,0.0093815177679061,55.0679931640625,102.1408843994141,15.5360107421875
33854,0.0631561279296875,0.996429443359375,0.0117950439453125,-0.0287586767226457,-0.1591353267431259,0.0093815177679061,55.14537048339844,102.1246643066406,15.55929565429688
33855,0.0767669677734375,0.9775238037109376,0.01702880859375,-0.0372203402221202,-0.1485609710216522,-0.0096046905964612,55.189697265625,102.0393676757812,15.44943237304688
33856,0.0767669677734375,0.9775238037109376,0.01702880859375,-0.0372203402221202,-0.1485609710216522,-0.0096046905964612,55.189697265625,102.0393676757812,15.44943237304688
33857,0.0818023681640625,0.974639892578125,0.0201263427734375,-0.0384802818298339,-0.1376058012247086,-0.0163243785500526,55.24504089355469,102.0970916748047,15.59318542480469
33858,0.08624267578125,0.9713592529296876,0.0221099853515625,-0.0392443425953388,-0.1230327114462852,-0.0201390907168388,55.18806457519531,102.0781402587891,15.61100769042969
33859,0.0926361083984375,0.9672698974609376,0.033203125,-0.0263786111027002,-0.0920004993677139,-0.0362954214215278,55.18354797363281,102.0371704101562,15.890380859375
33860,0.0926361083984375,0.9672698974609376,0.033203125,-0.0263786111027002,-0.0920004993677139,-0.0362954214215278,55.18354797363281,102.0371704101562,15.890380859375
33861,0.0947723388671875,0.969268798828125,0.0411376953125,-0.0198940802365541,-0.0764471068978309,-0.0426728948950767,55.2230224609375,102.2402648925781,15.87469482421875
33862,0.096282958984375,0.974090576171875,0.04736328125,-0.0220589637756347,-0.0588225685060024,-0.0464447289705276,55.35050964355469,102.2243194580078,15.94819641113281
33863,0.0966949462890625,0.979766845703125,0.0380096435546875,-0.0497142933309078,-0.0513372235000133,-0.0453365892171859,55.33161926269531,102.0809478759766,15.89656066894531
33864,0.095916748046875,0.986053466796875,0.03253173828125,-0.0484053492546081,-0.0568313263356685,-0.0411474369466304,55.3106689453125,102.1469879150391,15.76837158203125
33865,0.095916748046875,0.986053466796875,0.03253173828125,-0.0484053492546081,-0.0568313263356685,-0.0411474369466304,55.3106689453125,102.1469879150391,15.76837158203125
33866,0.097686767578125,0.9868316650390624,0.027374267578125,-0.0484053492546081,-0.0568313263356685,-0.0411474369466304,55.41361999511719,102.0979766845703,15.81336975097656
33867,0.101715087890625,0.9936065673828124,0.0208587646484375,-0.0350293554365634,-0.05122696980834,-0.0357819646596908,55.32408142089844,101.9460906982422,16.05477905273438
33868,0.101715087890625,0.9936065673828124,0.0208587646484375,-0.0350293554365634,-0.05122696980834,-0.0357819646596908,55.32408142089844,101.9460906982422,16.05477905273438
33869,0.104156494140625,0.9988861083984376,0.0208740234375,-0.0242289062589407,-0.0403381027281284,-0.0328506231307983,55.43678283691406,102.0547027587891,16.054443359375
33870,0.1032562255859375,1.011459350585938,0.016571044921875,-0.0231987964361906,-0.0351164415478706,-0.0232581850141286,55.373046875,102.0195770263672,16.17938232421875
33871,0.1029510498046875,1.019607543945312,0.016815185546875,-0.0192197673022747,-0.0424918010830879,-0.0137064913287758,55.27571105957031,102.0345611572266,16.19558715820312
33872,0.1029510498046875,1.019607543945312,0.016815185546875,-0.0192197673022747,-0.0424918010830879,-0.0137064913287758,55.27571105957031,102.0345611572266,16.19558715820312
33873,0.1035919189453125,1.014236450195312,0.0163421630859375,-0.0184977836906909,-0.0442114025354385,-0.0103333313018083,55.23101806640625,102.0480041503906,16.24301147460938
33874,0.1059417724609375,1.003265380859375,0.018829345703125,-0.0179017689079046,-0.0412020310759544,-0.0104425204917788,55.20339965820312,101.9782562255859,16.3118896484375
33875,0.1099090576171875,0.9816131591796876,0.02276611328125,-0.0096241310238838,-0.0297523029148578,-0.0124074006453156,55.28497314453125,102.0840911865234,16.0540771484375
33876,0.1099090576171875,0.9816131591796876,0.02276611328125,-0.0096241310238838,-0.0297523029148578,-0.0124074006453156,55.28497314453125,102.0840911865234,16.0540771484375
33877,0.109954833984375,0.9848175048828124,0.0257110595703125,-0.0060640177689492,-0.0233548581600189,-0.0142140891402959,55.32632446289062,102.0756072998047,15.86299133300781
33878,0.1094207763671875,0.9870758056640624,0.029693603515625,0.0003581951605156,-0.0152436681091785,-0.0131421675905585,55.28732299804688,101.99609375,15.97630310058594
33879,0.1068572998046875,0.9937591552734376,0.03082275390625,0.0061247376725077,-0.0082472767680883,-0.0078270304948091,55.38145446777344,102.0804595947266,15.93521118164062
33880,0.1068572998046875,0.9937591552734376,0.03082275390625,0.0061247376725077,-0.0082472767680883,-0.0078270304948091,55.38145446777344,102.0804595947266,15.93521118164062
33881,0.1061553955078125,0.992462158203125,0.035308837890625,0.0071055800653994,-0.0064485780894756,-0.0100869890302419,55.32487487792969,101.96484375,15.90235900878906
33882,0.1064910888671875,0.99029541015625,0.0357666015625,0.0021608888637274,-0.0053010219708085,-0.01000043656677,55.36012268066406,101.9000091552734,16.06777954101562
33883,0.1118927001953125,0.9898529052734376,0.0370635986328125,-0.0045896917581558,-0.0085056042298674,-0.0041598575189709,55.37158203125,101.9330291748047,16.05418395996094
33884,0.1118927001953125,0.9898529052734376,0.0370635986328125,-0.0045896917581558,-0.0085056042298674,-0.0041598575189709,55.37158203125,101.9330291748047,16.05418395996094
33885,0.1106719970703125,0.9884490966796876,0.034698486328125,-0.005256547126919,-0.0038983351550996,-0.0016106797847896,55.42347717285156,102.0122222900391,15.99409484863281
33886,0.1099090576171875,0.9882049560546876,0.03118896484375,-0.0061351242475211,-0.0093839140608906,-0.0014247911749407,55.45785522460938,102.0852966308594,15.97581481933594
33887,0.1111907958984375,0.9910125732421876,0.02545166015625,-0.0050565437413752,-0.0045974147506058,0.0009070726810023,55.41316223144531,102.0938568115234,15.963134765625
33888,0.1111907958984375,0.9910125732421876,0.02545166015625,-0.0050565437413752,-0.0045974147506058,0.0009070726810023,55.41316223144531,102.0938568115234,15.963134765625
33889,0.1121673583984375,0.99212646484375,0.024505615234375,-0.0003243730170652,-0.0045196507126092,0.0039254995062947,55.41853332519531,102.1709289550781,15.90277099609375
33890,0.1128692626953125,0.9924163818359376,0.02593994140625,0.0106744822114706,-0.0002692455891519,0.0080832261592149,55.3228759765625,102.1924896240234,15.98086547851562
33891,0.1162567138671875,0.9944305419921876,0.03448486328125,0.0188629031181335,0.0006404902087524,0.010252371430397,55.33990478515625,102.1236267089844,15.97097778320312
33892,0.1162567138671875,0.9944305419921876,0.03448486328125,0.0188629031181335,0.0006404902087524,0.010252371430397,55.33990478515625,102.1236267089844,15.97097778320312
33893,0.1179046630859375,0.99664306640625,0.036346435546875,0.014527809806168,-0.0110917994752526,0.0164460856467485,55.33909606933594,102.070556640625,16.0147705078125
33894,0.119293212890625,0.9949493408203124,0.036285400390625,0.014527809806168,-0.0110917994752526,0.0164460856467485,55.35835266113281,102.0398406982422,16.12913513183594
33895,0.119384765625,0.98004150390625,0.0344085693359375,0.0103511745110154,-0.0299341976642608,0.0141762727871537,55.33932495117188,102.1718597412109,16.03457641601562
33896,0.119384765625,0.98004150390625,0.0344085693359375,0.0103511745110154,-0.0299341976642608,0.0141762727871537,55.33932495117188,102.1718597412109,16.03457641601562
33897,0.122467041015625,0.9694671630859376,0.0371246337890625,0.0044429516419768,-0.0453392527997493,0.005968942772597,55.26904296875,102.0952453613281,15.97760009765625
33898,0.129180908203125,0.9633636474609376,0.0399017333984375,-0.0083428844809532,-0.0672341659665107,0.0043952809646725,55.28092956542969,102.1116027832031,15.91995239257812
33899,0.1411895751953125,0.9661865234375,0.0408782958984375,-0.039547674357891,-0.1037964373826981,0.0082454131916165,55.33332824707031,102.0025329589844,15.86448669433594
33900,0.1411895751953125,0.9661865234375,0.0408782958984375,-0.039547674357891,-0.1037964373826981,0.0082454131916165,55.33332824707031,102.0025329589844,15.86448669433594
33901,0.141754150390625,0.9809417724609376,0.0385284423828125,-0.039547674357891,-0.1037964373826981,0.0082454131916165,55.2479248046875,101.9452972412109,15.96116638183594
33902,0.1376953125,1.001739501953125,0.0356292724609375,-0.0294199399650096,-0.1015031859278679,0.0117394803091883,55.26240539550781,101.9610290527344,16.01679992675781
33903,0.1300201416015625,1.032485961914062,0.0260162353515625,0.0112846121191978,-0.0879729986190795,0.0167422275990247,55.45579528808594,101.7946624755859,16.06948852539062
33904,0.1300201416015625,1.032485961914062,0.0260162353515625,0.0112846121191978,-0.0879729986190795,0.0167422275990247,55.45579528808594,101.7946624755859,16.06948852539062
33905,0.1235809326171875,1.027069091796875,0.02191162109375,0.0271969996392726,-0.087096020579338,0.0217921137809753,55.575927734375,101.79638671875,15.86837768554688
33906,0.1195220947265625,1.0091552734375,0.02392578125,0.0271969996392726,-0.087096020579338,0.0217921137809753,55.60562133789062,101.9371032714844,15.84228515625
33907,0.1194610595703125,0.980316162109375,0.0374603271484375,0.0136380475014448,-0.1022275686264038,0.01909033767879,55.66371154785156,101.8768920898438,16.001220703125
33908,0.1194610595703125,0.980316162109375,0.0374603271484375,0.0136380475014448,-0.1022275686264038,0.01909033767879,55.66371154785156,101.8768920898438,16.001220703125
33909,0.122161865234375,0.9770355224609376,0.038818359375,0.0017355820164084,-0.1135148406028748,0.0266254860907793,55.68498229980469,101.7723236083984,16.04867553710938
33910,0.12286376953125,0.981201171875,0.036712646484375,0.0011273160343989,-0.1125992462038994,0.0311816222965717,55.67486572265625,101.7247467041016,16.18775939941406
33911,0.116943359375,1.00384521484375,0.0401458740234375,0.0350775606930255,-0.0646500959992408,0.0482125356793403,55.75149536132812,101.8870239257812,16.22760009765625
33912,0.116943359375,1.00384521484375,0.0401458740234375,0.0350775606930255,-0.0646500959992408,0.0482125356793403,55.75149536132812,101.8870239257812,16.22760009765625
33913,0.110198974609375,1.0086669921875,0.041229248046875,0.0490825921297073,-0.0434241741895675,0.0509830228984355,55.74880981445312,101.9649200439453,15.99974060058594
33914,0.1031951904296875,1.005477905273438,0.04266357421875,0.0490825921297073,-0.0434241741895675,0.0509830228984355,55.72785949707031,102.0391387939453,15.97099304199219
33915,0.0882110595703125,0.99346923828125,0.0461883544921875,0.0599016845226287,0.0124478815123438,0.0583147071301937,55.8109130859375,101.9374084472656,16.01644897460938
33916,0.0882110595703125,0.99346923828125,0.0461883544921875,0.0599016845226287,0.0124478815123438,0.0583147071301937,55.8109130859375,101.9374084472656,16.01644897460938
33917,0.0848541259765625,0.984161376953125,0.0518951416015625,0.0599016845226287,0.0124478815123438,0.0583147071301937,55.8109130859375,101.9374084472656,16.01644897460938
33918,0.0822296142578125,0.9781646728515624,0.0529937744140625,0.0536661595106124,0.0222067683935165,0.0573258735239505,55.86456298828125,101.9671630859375,15.98530578613281
33919,0.083770751953125,0.9792633056640624,0.0493316650390625,0.037993986159563,0.0398073345422744,0.0541750863194465,55.879150390625,102.0233459472656,15.770751953125
33920,0.08551025390625,0.9835662841796876,0.0457305908203125,0.0372645482420921,0.0502120368182659,0.061551246792078,55.92845153808594,102.0089874267578,15.76918029785156
33921,0.08551025390625,0.9835662841796876,0.0457305908203125,0.0372645482420921,0.0502120368182659,0.061551246792078,55.92845153808594,102.0089874267578,15.76918029785156
33922,0.089508056640625,0.9888458251953124,0.0419464111328125,0.0372645482420921,0.0502120368182659,0.061551246792078,55.92648315429688,101.9710235595703,15.83135986328125
33923,0.0937957763671875,0.98968505859375,0.0417022705078125,0.0427748933434486,0.0633443519473075,0.0606103502213954,56.03904724121094,102.0210113525391,15.84190368652344
33924,0.0937957763671875,0.98968505859375,0.0417022705078125,0.0427748933434486,0.0633443519473075,0.0606103502213954,56.03904724121094,102.0210113525391,15.84190368652344
33925,0.096282958984375,0.9876556396484376,0.042510986328125,0.0427748933434486,0.0633443519473075,0.0606103502213954,56.00198364257812,102.0791778564453,15.74484252929688
33926,0.1017608642578125,0.988372802734375,0.0416107177734375,0.0368373766541481,0.0652053654193878,0.0535838641226291,56.018310546875,101.9602966308594,15.81353759765625
33927,0.1120452880859375,0.9865264892578124,0.0419158935546875,0.0135656101629138,0.0559191927313804,0.0393878854811191,56.03367614746094,102.0815124511719,15.76783752441406
33928,0.1120452880859375,0.9865264892578124,0.0419158935546875,0.0135656101629138,0.0559191927313804,0.0393878854811191,56.03367614746094,102.0815124511719,15.76783752441406
33929,0.1153717041015625,0.9901580810546876,0.038604736328125,0.0095040230080485,0.0505430698394775,0.0295317936688661,56.03169250488281,102.0747985839844,15.85221862792969
33930,0.1197357177734375,0.9949493408203124,0.037689208984375,0.0044400221668183,0.0436840988695621,0.0221236776560545,56.04487609863281,102.0631408691406,15.84042358398438
33931,0.1294403076171875,0.9933319091796876,0.03662109375,0.0002519350382499,0.0200219117105007,0.010259561240673,56.126708984375,102.0187683105469,15.81097412109375
33932,0.1294403076171875,0.9933319091796876,0.03662109375,0.0002519350382499,0.0200219117105007,0.010259561240673,56.126708984375,102.0187683105469,15.81097412109375
33933,0.132537841796875,0.98681640625,0.0412750244140625,0.0003470098890829,0.0080193104222416,0.0057854512706398,56.12042236328125,101.9560089111328,15.88923645019531
33934,0.13409423828125,0.98095703125,0.0380706787109375,-5.193164179218002e-05,-0.0040780985727906,0.000157392816618,56.18455505371094,101.9937286376953,15.97178649902344
33935,0.13397216796875,0.9825286865234376,0.0340423583984375,-0.0139624206349253,-0.0246400982141494,-0.0169552806764841,56.04605102539062,102.0497131347656,15.85121154785156
33936,0.13397216796875,0.9825286865234376,0.0340423583984375,-0.0139624206349253,-0.0246400982141494,-0.0169552806764841,56.04605102539062,102.0497131347656,15.85121154785156
33937,0.1313018798828125,0.9907684326171876,0.026885986328125,-0.0139624206349253,-0.0246400982141494,-0.0169552806764841,56.07618713378906,102.0250091552734,15.8419189453125
33938,0.1287994384765625,0.998809814453125,0.022705078125,-0.0113463979214429,-0.0299741439521312,-0.0206767823547124,56.12969970703125,102.0128631591797,15.90336608886719
33939,0.1216583251953125,1.0078125,0.013885498046875,-0.0099948430433869,-0.0310260932892561,-0.0269850119948387,56.11801147460938,102.0374450683594,16.00544738769531
33940,0.1223297119140625,1.006240844726562,0.01092529296875,0.001668204087764,-0.035909529775381,-0.0254121497273445,56.1612548828125,102.0815124511719,16.05990600585938
33941,0.1223297119140625,1.006240844726562,0.01092529296875,0.001668204087764,-0.035909529775381,-0.0254121497273445,56.1612548828125,102.0815124511719,16.05990600585938
33942,0.12451171875,1.002731323242188,0.01373291015625,0.0339611619710922,-0.0440619997680187,-0.0255421120673418,56.16653442382812,101.9895324707031,16.21470642089844
33943,0.1262054443359375,0.99945068359375,0.01727294921875,0.0339611619710922,-0.0440619997680187,-0.0255421120673418,56.08967590332031,101.9599761962891,16.29304504394531
33944,0.12420654296875,0.9952239990234376,0.0227203369140625,0.0502165667712688,-0.0416331961750984,-0.0292857177555561,56.0718994140625,102.0406341552734,16.04365539550781
33945,0.12420654296875,0.9952239990234376,0.0227203369140625,0.0502165667712688,-0.0416331961750984,-0.0292857177555561,56.0718994140625,102.0406341552734,16.04365539550781
33946,0.121307373046875,0.9922332763671876,0.026031494140625,0.0564704649150371,-0.0404419638216495,-0.0315169133245945,56.02719116210938,101.9478759765625,16.11378479003906
33947,0.116241455078125,0.992523193359375,0.0256195068359375,0.0580736882984638,-0.0287448298186063,-0.0341491810977459,56.07113647460938,102.1793975830078,15.88981628417969
33948,0.116241455078125,0.992523193359375,0.0256195068359375,0.0580736882984638,-0.0287448298186063,-0.0341491810977459,56.07113647460938,102.1793975830078,15.88981628417969
33949,0.116241455078125,0.9897613525390624,0.0240631103515625,0.0584191009402275,-0.0242195855826139,-0.0295280646532774,56.02682495117188,102.2247619628906,15.9989013671875
33950,0.11572265625,0.9901885986328124,0.0174407958984375,0.0683388411998748,-0.019356120377779,-0.0228440631181001,56.08695983886719,102.2413482666016,15.80906677246094
33951,0.115997314453125,0.988616943359375,0.0139617919921875,0.0734864696860313,-0.0203103311359882,-0.0160178486257791,56.06329345703125,102.1757354736328,15.81773376464844
33952,0.115997314453125,0.988616943359375,0.0139617919921875,0.0734864696860313,-0.0203103311359882,-0.0160178486257791,56.06329345703125,102.1757354736328,15.81773376464844
33953,0.1157379150390625,0.9843292236328124,0.018463134765625,0.0626223683357238,-0.0379865318536758,-0.0155086517333984,56.00724792480469,102.2139892578125,15.72157287597656
33954,0.1149139404296875,0.9814453125,0.02337646484375,0.0490961745381355,-0.0420108325779438,-0.0138036962598562,55.94577026367188,102.2869262695312,15.70098876953125
33955,0.1142730712890625,0.9832611083984376,0.0197601318359375,0.0296516362577676,-0.0475318320095539,-0.0092845782637596,55.96676635742188,102.1873016357422,15.64529418945312
33956,0.1149444580078125,0.988494873046875,0.0199432373046875,0.0296516362577676,-0.0475318320095539,-0.0092845782637596,56.00337219238281,102.2286834716797,15.72804260253906
33957,0.1149444580078125,0.988494873046875,0.0199432373046875,0.0296516362577676,-0.0475318320095539,-0.0092845782637596,56.00337219238281,102.2286834716797,15.72804260253906
33958,0.1158599853515625,0.9942474365234376,0.011962890625,0.0396595299243927,-0.0470290258526802,-0.0090709924697875,56.02301025390625,102.2256164550781,15.72752380371094
33959,0.1136474609375,1.001846313476562,0.00250244140625,0.0726507678627967,-0.0556930899620056,-0.0044024717062711,55.9444580078125,102.32763671875,15.56910705566406
33960,0.1136474609375,1.001846313476562,0.00250244140625,0.0726507678627967,-0.0556930899620056,-0.0044024717062711,55.9444580078125,102.32763671875,15.56910705566406
33961,0.1130218505859375,1.000030517578125,0.001708984375,0.0801773965358734,-0.057556502521038,-0.0008692557457834,55.96965026855469,102.3267211914062,15.51554870605469
33962,0.112060546875,0.99896240234375,0.010162353515625,0.0836637392640113,-0.0534461811184883,-0.000224238159717,55.9466552734375,102.2698974609375,15.54922485351562
33963,0.1111297607421875,0.9954376220703124,0.0131988525390625,0.0931198224425315,-0.0301746800541877,-0.0063108927570283,55.97230529785156,102.3670043945312,15.36854553222656
33964,0.1111297607421875,0.9954376220703124,0.0131988525390625,0.0931198224425315,-0.0301746800541877,-0.0063108927570283,55.97230529785156,102.3670043945312,15.36854553222656
33965,0.1123809814453125,0.9899749755859376,0.0107269287109375,0.088059015572071,-0.0282100662589073,-0.011149856261909,55.92678833007812,102.3170318603516,15.32833862304688
33966,0.111846923828125,0.9848175048828124,0.0072784423828125,0.0817366763949394,-0.0372770652174949,-0.0115405423566699,55.98426818847656,102.2913818359375,15.43748474121094
33967,0.1119842529296875,0.9841461181640624,0.015838623046875,0.0624601803719997,-0.0470854863524437,-0.0048448224551975,55.92703247070312,102.4871215820312,15.26023864746094
33968,0.1119842529296875,0.9841461181640624,0.015838623046875,0.0624601803719997,-0.0470854863524437,-0.0048448224551975,55.92703247070312,102.4871215820312,15.26023864746094
33969,0.111724853515625,0.9864349365234376,0.0128936767578125,0.0601139366626739,-0.054495733231306,-0.0068480521440505,55.95291137695312,102.4596099853516,15.32347106933594
33970,0.1138458251953125,0.9889068603515624,0.0142059326171875,0.0558797754347324,-0.0617746859788894,-0.0081186462193727,55.9749755859375,102.5753479003906,15.30690002441406
33971,0.1141510009765625,0.9890289306640624,0.0144500732421875,0.0373662821948528,-0.0706408768892288,-0.0036258937325328,55.91114807128906,102.5264892578125,15.27839660644531
33972,0.1141510009765625,0.9890289306640624,0.0144500732421875,0.0373662821948528,-0.0706408768892288,-0.0036258937325328,55.91114807128906,102.5264892578125,15.27839660644531
33973,0.11151123046875,0.9861602783203124,0.0109100341796875,0.0240619257092475,-0.0661680996417999,-0.0066432552412152,55.9678955078125,102.4986114501953,15.32705688476562
33974,0.109466552734375,0.983306884765625,0.0074615478515625,0.0141962468624115,-0.0640482231974601,-0.0056054214946925,55.90586853027344,102.5639495849609,15.32716369628906
33975,0.1068267822265625,0.984954833984375,0.0066680908203125,0.0066003785468637,-0.0493654198944568,-0.0030008498579263,56.060302734375,102.4947204589844,15.55667114257812
33976,0.1068267822265625,0.984954833984375,0.0066680908203125,0.0066003785468637,-0.0493654198944568,-0.0030008498579263,56.060302734375,102.4947204589844,15.55667114257812
33977,0.1060333251953125,0.9875946044921876,0.0064849853515625,0.0162583328783512,-0.0361542738974094,-0.0052964948117733,56.07374572753906,102.4197692871094,15.55914306640625
33978,0.1060943603515625,0.9881134033203124,0.00775146484375,0.0162583328783512,-0.0361542738974094,-0.0052964948117733,56.03834533691406,102.4599304199219,15.52079772949219
33979,0.1091156005859375,0.9850921630859376,0.0107421875,0.0101666171103715,-0.0337070971727371,-0.004482100252062,56.11363220214844,102.5434875488281,15.62187194824219
33980,0.1091156005859375,0.9850921630859376,0.0107421875,0.0101666171103715,-0.0337070971727371,-0.004482100252062,56.11363220214844,102.5434875488281,15.62187194824219
33981,0.1107635498046875,0.9817657470703124,0.0098419189453125,0.0008937568636611,-0.0355305634438991,-0.0036663739010691,56.04034423828125,102.6195220947266,15.63484191894531
33982,0.111175537109375,0.98138427734375,0.008819580078125,-0.0174684729427099,-0.0383452586829662,-0.0044069988653063,56.05595397949219,102.6481781005859,15.64743041992188
33983,0.11346435546875,0.978424072265625,0.004669189453125,-0.0629595220088958,-0.0307760220021009,-0.0087996171787381,56.12089538574219,102.6103363037109,15.73890686035156
33984,0.11346435546875,0.978424072265625,0.004669189453125,-0.0629595220088958,-0.0307760220021009,-0.0087996171787381,56.12089538574219,102.6103363037109,15.73890686035156
33985,0.1143341064453125,0.973114013671875,0.0040435791015625,-0.0629595220088958,-0.0307760220021009,-0.0087996171787381,56.22470092773438,102.5417633056641,15.74009704589844
33986,0.114715576171875,0.9741973876953124,0.0073699951171875,-0.111934520304203,-0.0276670474559068,-0.0177105534821748,56.18315124511719,102.3393096923828,15.76925659179688
33987,0.118316650390625,0.9792938232421876,0.01531982421875,-0.1439917981624603,-0.0125418910756707,-0.0195079203695058,56.19818115234375,102.4631500244141,15.76043701171875
33988,0.118316650390625,0.9792938232421876,0.01531982421875,-0.1439917981624603,-0.0125418910756707,-0.0195079203695058,56.19818115234375,102.4631500244141,15.76043701171875
33989,0.116607666015625,0.9793243408203124,0.0175933837890625,-0.1439917981624603,-0.0125418910756707,-0.0195079203695058,56.13584899902344,102.4270935058594,15.7901611328125
33990,0.1168060302734375,0.978912353515625,0.0195770263671875,-0.1641916036605835,-0.0174439717084169,-0.0184589028358459,56.03729248046875,102.2821350097656,15.86351013183594
33991,0.1195526123046875,0.994171142578125,0.02960205078125,-0.1942277997732162,-0.0374810621142387,-0.0279069989919662,56.14442443847656,102.3284759521484,15.91218566894531
33992,0.1195526123046875,0.994171142578125,0.02960205078125,-0.1942277997732162,-0.0374810621142387,-0.0279069989919662,56.14442443847656,102.3284759521484,15.91218566894531
33993,0.1207427978515625,0.999664306640625,0.0322723388671875,-0.1942277997732162,-0.0374810621142387,-0.0279069989919662,56.11634826660156,102.1968994140625,16.06100463867188
33994,0.1182861328125,1.004074096679688,0.0286712646484375,-0.1490262299776077,-0.0250488948076963,-0.022106634452939,56.10653686523438,102.2956390380859,16.1669921875
33995,0.11822509765625,1.005859375,0.015594482421875,-0.0146479187533259,0.0058709387667477,0.0129730561748147,56.06187438964844,102.1723022460938,16.31024169921875
33996,0.11822509765625,1.005859375,0.015594482421875,-0.0146479187533259,0.0058709387667477,0.0129730561748147,56.06187438964844,102.1723022460938,16.31024169921875
33997,0.114227294921875,1.010498046875,0.00140380859375,-0.0146479187533259,0.0058709387667477,0.0129730561748147,56.09074401855469,102.1008911132812,16.42709350585938
33998,0.1121368408203125,1.00970458984375,-0.0041656494140625,0.0139664160087704,-0.0053921020589768,0.0110680973157286,56.166259765625,102.1051788330078,16.53349304199219
33999,0.120849609375,1.0030517578125,0.0066986083984375,0.0076073193922638,-0.0373178124427795,0.0118838232010603,56.1617431640625,102.3085174560547,16.28378295898438
34000,0.120849609375,1.0030517578125,0.0066986083984375,0.0076073193922638,-0.0373178124427795,0.0118838232010603,56.1617431640625,102.3085174560547,16.28378295898438
34001,0.1237640380859375,1.001129150390625,0.011749267578125,0.0080504696816205,-0.0502882041037082,0.0145461857318878,56.1641845703125,102.2402496337891,16.30784606933594
34002,0.121917724609375,1.001754760742188,0.015533447265625,0.0130329774692654,-0.0432007350027561,0.0176548939198255,56.1727294921875,102.21923828125,16.28964233398438
34003,0.1099853515625,1.000595092773438,0.0113677978515625,0.0398600660264492,-0.0348935350775718,0.0109019158408045,56.243896484375,102.0780334472656,16.41592407226562
34004,0.1099853515625,1.000595092773438,0.0113677978515625,0.0398600660264492,-0.0348935350775718,0.0109019158408045,56.243896484375,102.0780334472656,16.41592407226562
34005,0.10125732421875,1.00042724609375,0.01556396484375,0.0457341969013214,-0.0270345471799373,0.0143208820372819,56.23641967773438,102.2702026367188,16.13679504394531
34006,0.0968170166015625,0.999114990234375,0.0159454345703125,0.0498141609132289,-0.0273389462381601,0.0108739528805017,56.26309204101562,102.2451477050781,16.2562255859375
34007,0.0946044921875,0.9931793212890624,0.02056884765625,0.0459967851638793,-0.031701736152172,0.0062605589628219,56.32376098632812,102.2482147216797,16.25459289550781
34008,0.0946044921875,0.9931793212890624,0.02056884765625,0.0459967851638793,-0.031701736152172,0.0062605589628219,56.32376098632812,102.2482147216797,16.25459289550781
34009,0.09429931640625,0.9879608154296876,0.0149383544921875,0.0457445867359638,-0.0358429513871669,0.0013883059145882,56.27470397949219,102.3695220947266,16.25831604003906
34010,0.0922088623046875,0.9850616455078124,0.0106964111328125,0.047656200826168,-0.0411418452858924,-0.0033446638844907,56.25482177734375,102.3153686523438,16.21908569335938
34011,0.08917236328125,0.9884490966796876,0.0115814208984375,0.0495145544409751,-0.0594846308231353,-0.0184415914118289,56.25288391113281,102.2740325927734,16.04296875
34012,0.08917236328125,0.9884490966796876,0.0115814208984375,0.0495145544409751,-0.0594846308231353,-0.0184415914118289,56.25288391113281,102.2740325927734,16.04296875
34013,0.087890625,0.9901885986328124,0.0208892822265625,0.0463043823838233,-0.0627954751253128,-0.0295168794691562,56.41148376464844,102.2146148681641,16.09455871582031
34014,0.0862274169921875,0.9909210205078124,0.0281524658203125,0.0363044776022434,-0.0546371452510356,-0.0357175171375274,56.38436889648438,102.3371429443359,15.98495483398438
34015,0.0845489501953125,0.9891510009765624,0.03057861328125,-0.0137935765087604,-0.0329124107956886,-0.0761637464165687,56.40449523925781,102.2166900634766,16.09219360351562
34016,0.0845489501953125,0.9891510009765624,0.03057861328125,-0.0137935765087604,-0.0329124107956886,-0.0761637464165687,56.40449523925781,102.2166900634766,16.09219360351562
34017,0.0852203369140625,0.9864044189453124,0.0286865234375,-0.0137935765087604,-0.0329124107956886,-0.0761637464165687,56.42266845703125,102.3403015136719,15.97303771972656
34018,0.0858612060546875,0.9810943603515624,0.021820068359375,-0.0271677058190107,-0.0229607094079256,-0.098597414791584,56.39646911621094,102.4267883300781,16.12129211425781
34019,0.08447265625,0.9723663330078124,0.0117034912109375,-0.0256007015705108,-0.0143504431471228,-0.1428205370903015,56.26182556152344,102.3723754882812,16.21861267089844
34020,0.08447265625,0.9723663330078124,0.0117034912109375,-0.0256007015705108,-0.0143504431471228,-0.1428205370903015,56.26182556152344,102.3723754882812,16.21861267089844
34021,0.0829620361328125,0.9727325439453124,0.01593017578125,-0.0219292677938938,0.0003281014505773,-0.1558982580900192,56.22406005859375,102.3667755126953,16.228515625
34022,0.0812530517578125,0.97186279296875,0.0241241455078125,-0.0082888221368193,0.0056123454123735,-0.1693924963474274,56.25018310546875,102.2517242431641,16.23893737792969
34023,0.0786895751953125,0.9691162109375,0.0344696044921875,0.003899933071807,0.0256845913827419,-0.1797905415296555,56.15840148925781,102.2683563232422,16.26228332519531
34024,0.0786895751953125,0.9691162109375,0.0344696044921875,0.003899933071807,0.0256845913827419,-0.1797905415296555,56.15840148925781,102.2683563232422,16.26228332519531
34025,0.077545166015625,0.966796875,0.048675537109375,0.0116097843274474,0.0436753071844577,-0.18946473300457,56.076171875,102.3860931396484,16.07472229003906
34026,0.078277587890625,0.9737091064453124,0.058502197265625,0.0050751860253512,0.0563069470226764,-0.1969189196825027,55.88877868652344,102.2434234619141,16.28315734863281
34027,0.0912322998046875,0.97259521484375,0.053558349609375,-0.0282204523682594,0.0579048432409763,-0.2033161073923111,55.75091552734375,102.1593170166016,16.46429443359375
34028,0.0912322998046875,0.97259521484375,0.053558349609375,-0.0282204523682594,0.0579048432409763,-0.2033161073923111,55.75091552734375,102.1593170166016,16.46429443359375
34029,0.1001739501953125,0.9733428955078124,0.0489654541015625,-0.0534192807972431,0.0556376948952674,-0.2014276534318924,55.64259338378906,102.1723022460938,16.38418579101562
34030,0.1106414794921875,0.9735565185546876,0.0396270751953125,-0.083324983716011,0.0436902232468128,-0.201100617647171,55.52301025390625,102.1590881347656,16.5023193359375
34031,0.1252288818359375,0.9801788330078124,0.0251007080078125,-0.1294306963682175,0.021870145574212,-0.1726886779069901,55.28152465820312,102.1335754394531,16.44517517089844
34032,0.1252288818359375,0.9801788330078124,0.0251007080078125,-0.1294306963682175,0.021870145574212,-0.1726886779069901,55.28152465820312,102.1335754394531,16.44517517089844
34033,0.12969970703125,0.985992431640625,0.0184783935546875,-0.1466461718082428,0.0251109451055526,-0.1501005589962006,55.18583679199219,102.0154266357422,16.405517578125
34034,0.131561279296875,0.9891510009765624,0.006683349609375,-0.1450440138578415,0.0332018956542015,-0.1331103891134262,55.05718994140625,102.1241149902344,16.41940307617188
34035,0.1245269775390625,0.9888153076171876,0.0055389404296875,-0.1104862987995148,0.0677851736545562,-0.0938015952706337,55.02560424804688,102.2428894042969,16.75344848632812
34036,0.1245269775390625,0.9888153076171876,0.0055389404296875,-0.1104862987995148,0.0677851736545562,-0.0938015952706337,55.02560424804688,102.2428894042969,16.75344848632812
34037,0.1261138916015625,0.986785888671875,0.0100250244140625,-0.0931957215070724,0.0748564004898071,-0.0811257436871528,54.98423767089844,102.1375122070312,16.7452392578125
34038,0.1227264404296875,0.9913787841796876,0.017181396484375,-0.0796120017766952,0.056435577571392,-0.0634844303131103,54.86537170410156,102.2096099853516,16.728271484375
34039,0.1183013916015625,0.9958953857421876,0.0282135009765625,-0.0796120017766952,0.056435577571392,-0.0634844303131103,54.91502380371094,102.1464996337891,16.72972106933594
34040,0.1183013916015625,0.9958953857421876,0.0282135009765625,-0.0796120017766952,0.056435577571392,-0.0634844303131103,54.91502380371094,102.1464996337891,16.72972106933594
34041,0.10919189453125,1.010406494140625,0.0266265869140625,-0.0763504281640052,-0.0035619779955595,-0.0493558309972286,54.84260559082031,102.0749664306641,16.94279479980469
34042,0.1006927490234375,1.023666381835938,0.024383544921875,-0.0763504281640052,-0.0035619779955595,-0.0493558309972286,54.84384155273438,101.8974456787109,17.20292663574219
34043,0.10260009765625,1.030853271484375,0.0254364013671875,-0.0722371786832809,-0.0399993471801281,-0.0365628041326999,54.84562683105469,101.88916015625,17.42971801757812
34044,0.1063995361328125,1.03277587890625,0.0295257568359375,-0.0637576729059219,-0.075658805668354,-0.0129381688311696,54.74917602539062,101.9155120849609,17.57278442382812
34045,0.1182861328125,1.020858764648438,0.03387451171875,-0.0488524958491325,-0.1031588762998581,-0.0001533980830572,54.67076110839844,101.9635772705078,17.3995361328125
34046,0.1263580322265625,1.007659912109375,0.0379486083984375,-0.0398371629416942,-0.1241602972149849,0.0149171641096472,54.74072265625,101.9063415527344,17.34927368164062
34047,0.1350250244140625,0.9825592041015624,0.0431671142578125,-0.0227202251553535,-0.1540015488862991,0.015763783827424,54.74359130859375,101.8900451660156,17.44810485839844
34048,0.1350250244140625,0.9825592041015624,0.0431671142578125,-0.0227202251553535,-0.1540015488862991,0.015763783827424,54.74359130859375,101.8900451660156,17.44810485839844
34049,0.1351776123046875,0.986114501953125,0.0408935546875,-0.0305866710841655,-0.171737939119339,0.0150125054642558,54.89717102050781,101.9980926513672,17.26997375488281
34050,0.13140869140625,0.9925689697265624,0.038848876953125,-0.0361263118684291,-0.1942139565944672,0.0144758783280849,54.86494445800781,101.9937286376953,17.38691711425781
34051,0.1005706787109375,1.004669189453125,0.0369720458984375,-0.036648292094469,-0.1557134240865707,0.0139949116855859,54.98101806640625,102.0477142333984,17.42449951171875
34052,0.1005706787109375,1.004669189453125,0.0369720458984375,-0.036648292094469,-0.1557134240865707,0.0139949116855859,54.98101806640625,102.0477142333984,17.42449951171875
34053,0.0871734619140625,1.0089111328125,0.030426025390625,-0.036648292094469,-0.1557134240865707,0.0139949116855859,55.0374755859375,102.0002593994141,17.4600830078125
34054,0.080780029296875,1.0152587890625,0.0225372314453125,-0.0299637578427791,-0.1506670117378235,0.0116505306214094,55.0789794921875,101.9638977050781,17.50331115722656
34055,0.073150634765625,1.005157470703125,0.0179443359375,-0.0012229235144332,-0.1586045622825623,-0.0005941512063145,55.21794128417969,101.8386383056641,17.56431579589844
34056,0.06878662109375,1.001724243164062,0.0186920166015625,0.0172266568988561,-0.1638597697019577,-0.0017646105261519,55.21176147460938,101.8585357666016,17.54777526855469
34057,0.06878662109375,1.001724243164062,0.0186920166015625,0.0172266568988561,-0.1638597697019577,-0.0017646105261519,55.21176147460938,101.8585357666016,17.54777526855469
34058,0.0677642822265625,1.002639770507812,0.027252197265625,0.0293309912085533,-0.162418469786644,-0.0006977482116781,55.23377990722656,101.8666687011719,17.52804565429688
34059,0.0638580322265625,1.000579833984375,0.0352020263671875,0.0585301555693149,-0.1440402567386627,0.008088020607829,55.23301696777344,101.8393707275391,17.44879150390625
34060,0.0638580322265625,1.000579833984375,0.0352020263671875,0.0585301555693149,-0.1440402567386627,0.008088020607829,55.23301696777344,101.8393707275391,17.44879150390625
34061,0.0599365234375,0.996490478515625,0.037567138671875,0.0585301555693149,-0.1440402567386627,0.008088020607829,55.31297302246094,101.7512512207031,17.53981018066406
34062,0.0569915771484375,0.99462890625,0.0376129150390625,0.0616428591310977,-0.1315835863351822,0.0119181787595152,55.37211608886719,101.7829132080078,17.70794677734375
34063,0.0532379150390625,0.9948577880859376,0.0342254638671875,0.0628482028841972,-0.0914817154407501,0.0218096915632486,55.42002868652344,101.6768493652344,17.5068359375
34064,0.0532379150390625,0.9948577880859376,0.0342254638671875,0.0628482028841972,-0.0914817154407501,0.0218096915632486,55.42002868652344,101.6768493652344,17.5068359375
34065,0.0497589111328125,0.99169921875,0.03204345703125,0.0620820112526416,-0.0617203563451767,0.0222858637571334,55.49208068847656,101.8182830810547,17.39225769042969
34066,0.04656982421875,0.9896087646484376,0.0273284912109375,0.0667476058006286,-0.0327856428921222,0.0217319261282682,55.54876708984375,101.7411041259766,17.41293334960938
34067,0.042694091796875,0.9880218505859376,0.028167724609375,0.073844663798809,0.0364695936441421,0.0253927074372768,55.5474853515625,101.7144775390625,17.28793334960938
34068,0.042694091796875,0.9880218505859376,0.028167724609375,0.073844663798809,0.0364695936441421,0.0253927074372768,55.5474853515625,101.7144775390625,17.28793334960938
34069,0.0402984619140625,0.9858551025390624,0.03216552734375,0.0703535228967666,0.0658109709620475,0.0271096490323543,55.50985717773438,101.8357391357422,17.17576599121094
34070,0.0390777587890625,0.983551025390625,0.0350341796875,0.0691154226660728,0.0901032611727714,0.0303768143057823,55.55438232421875,101.8442840576172,17.24626159667969
34071,0.03826904296875,0.98931884765625,0.0355987548828125,0.0618913322687149,0.1244907975196838,0.0207108706235885,55.598388671875,101.6991424560547,17.12104797363281
34072,0.03826904296875,0.98931884765625,0.0355987548828125,0.0618913322687149,0.1244907975196838,0.0207108706235885,55.598388671875,101.6991424560547,17.12104797363281
34073,0.0395660400390625,0.99456787109375,0.038848876953125,0.0668067261576652,0.1389480382204056,0.0181635580956935,55.65414428710938,101.8818969726562,17.04917907714844
34074,0.0416412353515625,1.002960205078125,0.038330078125,0.0756233856081962,0.1552361845970154,-9.081379539566116e-05,55.56350708007812,101.9315185546875,16.994873046875
34075,0.049163818359375,1.007217407226562,0.0477142333984375,0.1022257059812546,0.1940144747495651,-0.0063551012426614,55.48031616210938,101.8701934814453,16.97926330566406
34076,0.0518798828125,1.00836181640625,0.046905517578125,0.1022257059812546,0.1940144747495651,-0.0063551012426614,55.49006652832031,101.7892150878906,17.16630554199219
34077,0.0559844970703125,1.007064819335938,0.0518798828125,0.1258554011583328,0.2110845446586609,-0.0183332003653049,55.51219177246094,101.9890441894531,16.9801025390625
34078,0.0626678466796875,1.002700805664062,0.0589141845703125,0.1258554011583328,0.2110845446586609,-0.0183332003653049,55.53616333007812,101.9417419433594,16.99612426757812
34079,0.076019287109375,0.9928436279296876,0.0487518310546875,0.0908806398510932,0.1580053418874741,-0.0490410439670085,55.43864440917969,101.9613952636719,17.05061340332031
34080,0.076019287109375,0.9928436279296876,0.0487518310546875,0.0908806398510932,0.1580053418874741,-0.0490410439670085,55.43864440917969,101.9613952636719,17.05061340332031
34081,0.085693359375,0.9886474609375,0.0477142333984375,0.0908806398510932,0.1580053418874741,-0.0490410439670085,55.36781311035156,102.1065063476562,16.890380859375
34082,0.0963592529296875,0.9843902587890624,0.04400634765625,0.0715029463171958,0.1401419341564178,-0.0548946745693683,55.28933715820312,102.1077117919922,16.82479858398438
34083,0.121490478515625,0.975860595703125,0.041839599609375,0.0404651351273059,0.0741674378514289,-0.0530480369925499,55.32061767578125,102.0455017089844,16.77629089355469
34084,0.121490478515625,0.975860595703125,0.041839599609375,0.0404651351273059,0.0741674378514289,-0.0530480369925499,55.32061767578125,102.0455017089844,16.77629089355469
34085,0.1376800537109375,0.972320556640625,0.0337066650390625,-0.012851882725954,-0.0176879167556762,-0.06087426841259,55.39013671875,102.075927734375,16.77249145507812
34086,0.148101806640625,0.976043701171875,0.0373687744140625,-0.025759158656001,-0.0601291172206401,-0.0584422722458839,55.34468078613281,102.1665802001953,16.85978698730469
34087,0.1554412841796875,0.9752349853515624,0.032379150390625,-0.0296572279185056,-0.078076958656311,-0.0745376199483871,55.38603210449219,102.1169586181641,16.94993591308594
34088,0.1554412841796875,0.9752349853515624,0.032379150390625,-0.0296572279185056,-0.078076958656311,-0.0745376199483871,55.38603210449219,102.1169586181641,16.94993591308594
34089,0.1576995849609375,0.9689788818359376,0.022216796875,-0.0186754167079925,-0.1125185564160347,-0.0846602916717529,55.401611328125,102.1053924560547,17.00346374511719
34090,0.1741485595703125,0.94830322265625,0.0748138427734375,-0.0043526706285774,-0.1203253418207169,-0.0896907374262809,55.47817993164062,102.1907501220703,17.02761840820312
34091,0.221893310546875,1.014480590820312,0.00775146484375,0.4353458881378174,0.4041141867637634,-0.1762770265340805,55.47476196289062,102.1607971191406,16.91416931152344
34092,0.221893310546875,1.014480590820312,0.00775146484375,0.4353458881378174,0.4041141867637634,-0.1762770265340805,55.47476196289062,102.1607971191406,16.91416931152344
34093,0.1181640625,1.08184814453125,-0.0276641845703125,0.4353458881378174,0.4041141867637634,-0.1762770265340805,55.41151428222656,102.2087554931641,17.07627868652344
34094,0.0462493896484375,1.018447875976562,0.0185089111328125,0.2113183736801147,-0.1557331383228302,-0.0302985180169343,55.15333557128906,102.2584075927734,16.8182373046875
34095,0.08489990234375,1.0164794921875,0.100982666015625,0.0941752344369888,-0.1433598250150681,-0.0381585694849491,55.06402587890625,102.3690948486328,16.51521301269531
34096,0.08489990234375,1.0164794921875,0.100982666015625,0.0941752344369888,-0.1433598250150681,-0.0381585694849491,55.06402587890625,102.3690948486328,16.51521301269531
34097,0.0660247802734375,0.976959228515625,0.01556396484375,-0.0093833813443779,-0.2408589571714401,-0.0512525364756584,55.08857727050781,102.3922729492188,16.42158508300781
34098,0.0677337646484375,0.96826171875,0.01568603515625,-0.1059709042310715,-0.3025436103343964,-0.0418917909264564,55.07783508300781,102.3433380126953,16.43734741210938
34099,0.05169677734375,1.001617431640625,0.012847900390625,-0.1243850663304329,-0.2733268737792969,-0.0069183600135147,55.09457397460938,102.3930816650391,16.56021118164062
34100,0.05169677734375,1.001617431640625,0.012847900390625,-0.1243850663304329,-0.2733268737792969,-0.0069183600135147,55.09457397460938,102.3930816650391,16.56021118164062
34101,0.0486297607421875,1.004379272460938,0.008941650390625,-0.0352043248713016,-0.1941335201263428,0.0105381282046437,55.09519958496094,102.4166717529297,16.65586853027344
34102,0.049407958984375,1.008132934570312,0.0125274658203125,0.0494152195751667,-0.1194459721446037,0.0166133306920528,55.15385437011719,102.4671173095703,16.63105773925781
34103,0.0487060546875,0.9856414794921876,0.063262939453125,0.0080307619646191,-0.0977742299437522,-0.0117647806182503,55.14950561523438,102.4382781982422,16.64889526367188
34104,0.0487060546875,0.9856414794921876,0.063262939453125,0.0080307619646191,-0.0977742299437522,-0.0117647806182503,55.14950561523438,102.4382781982422,16.64889526367188
34105,0.0389556884765625,0.9752197265625,0.079071044921875,-0.0453624203801155,-0.0566457025706768,-0.0070829433389008,55.17756652832031,102.3428802490234,16.65965270996094
34106,0.02667236328125,0.9734954833984376,0.05316162109375,-0.0790950879454612,-0.0066592344082891,0.0118177775293588,55.22901916503906,102.3379974365234,16.56727600097656
34107,0.016021728515625,0.986419677734375,0.0211181640625,-0.0646112188696861,0.0815478563308715,-0.0129818450659513,55.27761840820312,102.2732543945312,16.77438354492188
34108,0.016021728515625,0.986419677734375,0.0211181640625,-0.0646112188696861,0.0815478563308715,-0.0129818450659513,55.27761840820312,102.2732543945312,16.77438354492188
34109,0.014312744140625,0.983154296875,0.031707763671875,-0.0646112188696861,0.0815478563308715,-0.0129818450659513,55.31767272949219,102.3037414550781,16.79158020019531
34110,-0.0026092529296875,0.9971160888671876,0.082183837890625,-0.1019308939576149,0.1569496691226959,-0.0232794899493455,55.298095703125,102.3276214599609,16.76913452148438
34111,0.00543212890625,1.023452758789062,0.088348388671875,-0.094867393374443,0.2294121533632278,-0.0130327111110091,55.2200927734375,102.1980133056641,16.82147216796875
34112,0.021514892578125,1.024261474609375,0.045074462890625,-0.0622742921113967,0.2409148812294006,-0.0281341653317213,55.17349243164062,102.2997589111328,16.95341491699219
34113,0.021514892578125,1.024261474609375,0.045074462890625,-0.0622742921113967,0.2409148812294006,-0.0281341653317213,55.17349243164062,102.2997589111328,16.95341491699219
34114,0.0542144775390625,0.9809112548828124,0.0273895263671875,0.0810397267341613,0.3194397687911987,-0.037585724145174,55.10794067382812,102.3062286376953,16.99862670898438
34115,0.07244873046875,0.9781646728515624,0.015777587890625,0.0898462682962417,0.2866852879524231,-0.0499550439417362,54.88726806640625,102.5316467285156,16.85426330566406
34116,0.07244873046875,0.9781646728515624,0.015777587890625,0.0898462682962417,0.2866852879524231,-0.0499550439417362,54.88726806640625,102.5316467285156,16.85426330566406
34117,0.0999908447265625,0.9808197021484376,0.037017822265625,0.0842166095972061,0.2649211287498474,-0.0621288828551769,54.88710021972656,102.4749298095703,16.8502197265625
34118,0.1130523681640625,0.98223876953125,0.0456695556640625,0.0969915241003036,0.2849694192409515,-0.077267087996006,54.75685119628906,102.5009155273438,16.89115905761719
34119,0.0964508056640625,0.9823760986328124,0.034881591796875,0.2085785120725632,0.4628209173679352,-0.0624228976666927,54.50283813476562,102.7076721191406,16.84126281738281
34120,0.0964508056640625,0.9823760986328124,0.034881591796875,0.2085785120725632,0.4628209173679352,-0.0624228976666927,54.50283813476562,102.7076721191406,16.84126281738281
34121,0.086212158203125,1.020492553710938,-0.03204345703125,0.2855132520198822,0.4342020452022552,0.0303650964051485,54.52883911132812,102.6571502685547,16.77278137207031
34122,0.11676025390625,1.028427124023438,-0.0524749755859375,0.3114297986030579,0.3738801181316376,0.0577607676386833,54.37716674804688,102.7431488037109,16.69105529785156
34123,0.1266632080078125,0.9911041259765624,-0.0115814208984375,0.1726378202438354,0.2241082042455673,0.0043750409968197,54.26412963867188,102.8611907958984,16.63264465332031
34124,0.1266632080078125,0.9911041259765624,-0.0115814208984375,0.1726378202438354,0.2241082042455673,0.0043750409968197,54.26412963867188,102.8611907958984,16.63264465332031
34125,0.124237060546875,0.9974822998046876,-0.0063629150390625,-0.0006008091149851,0.0531516335904598,-0.0157880168408155,54.32044982910156,102.8061218261719,16.72801208496094
34126,0.1364898681640625,0.98809814453125,0.0295867919921875,-0.172446072101593,-0.0800218656659126,-0.028023112565279,54.31570434570312,102.7770843505859,16.88427734375
34127,0.1619415283203125,0.9851837158203124,-0.00531005859375,-0.3061591386795044,-0.2107306122779846,-0.0408275909721851,54.28677368164062,102.7931365966797,16.61727905273438
34128,0.1619415283203125,0.9851837158203124,-0.00531005859375,-0.3061591386795044,-0.2107306122779846,-0.0408275909721851,54.28677368164062,102.7931365966797,16.61727905273438
34129,0.162200927734375,0.9899749755859376,-0.0346221923828125,-0.2787402868270874,-0.2436917573213577,-0.039803072810173,54.28215026855469,102.85205078125,16.54647827148438
34130,0.1584014892578125,0.98687744140625,-0.0422821044921875,-0.223067969083786,-0.2787589132785797,-0.0444652028381824,54.36697387695312,102.6335601806641,16.80815124511719
34131,0.156097412109375,0.962677001953125,-0.0372161865234375,-0.1118530333042145,-0.3250641226768494,-0.0394025333225727,54.50331115722656,102.3993835449219,16.90829467773438
34132,0.156097412109375,0.962677001953125,-0.0372161865234375,-0.1118530333042145,-0.3250641226768494,-0.0394025333225727,54.50331115722656,102.3993835449219,16.90829467773438
34133,0.1406402587890625,0.960174560546875,-0.038787841796875,-0.1493644565343857,-0.4285122156143188,-0.0250419694930315,54.49620056152344,102.3747863769531,17.03630065917969
34134,0.1270294189453125,0.97772216796875,0.00994873046875,-0.2771162986755371,-0.5845811367034912,0.007129814941436,54.72085571289062,102.3709716796875,17.24775695800781
34135,0.12164306640625,0.991973876953125,0.050140380859375,-0.2643325924873352,-0.5456891655921936,-0.0102995093911886,54.75785827636719,102.2641754150391,17.28630065917969
34136,0.12164306640625,0.991973876953125,0.050140380859375,-0.2643325924873352,-0.5456891655921936,-0.0102995093911886,54.75785827636719,102.2641754150391,17.28630065917969
34137,0.1023101806640625,1.001556396484375,0.0676116943359375,-0.1622826457023621,-0.4082434177398682,-0.0059098205529153,54.97158813476562,102.1371612548828,17.38179016113281
34138,0.0803985595703125,1.031036376953125,0.01141357421875,-0.0328964293003082,-0.2816726863384247,0.00266635697335,55.15267944335938,102.0994415283203,17.58186340332031
34139,0.0548858642578125,1.020767211914062,0.0177764892578125,0.0259021706879138,-0.3074142634868622,-0.0044938181526958,55.30238342285156,101.9890899658203,17.68330383300781
34140,0.0548858642578125,1.020767211914062,0.0177764892578125,0.0259021706879138,-0.3074142634868622,-0.0044938181526958,55.30238342285156,101.9890899658203,17.68330383300781
34141,0.0548858642578125,1.020767211914062,0.0177764892578125,0.0259021706879138,-0.3074142634868622,-0.0044938181526958,55.30238342285156,101.9890899658203,17.68330383300781
34142,0.0521087646484375,1.007522583007812,0.0392608642578125,0.0148127684369683,-0.3342285752296448,-0.0130657348781824,55.35153198242188,101.9239196777344,17.72181701660156
34143,0.0369110107421875,1.002410888671875,0.0313720703125,0.0157845560461282,-0.3271863758563995,-0.0120332268998026,55.55857849121094,101.8310546875,17.96058654785156
34144,0.0369110107421875,1.002410888671875,0.0313720703125,0.0157845560461282,-0.3271863758563995,-0.0120332268998026,55.55857849121094,101.8310546875,17.96058654785156
34145,0.0347900390625,0.99481201171875,0.023345947265625,0.0226302109658718,-0.3163720965385437,-0.0005709817050956,55.47142028808594,102.0345153808594,17.81765747070312
34146,0.032135009765625,0.9898834228515624,0.0257415771484375,0.0491672791540622,-0.3032653331756592,0.0304180923849344,55.53291320800781,101.9908447265625,17.74020385742188
34147,0.03271484375,0.9925537109375,0.0538330078125,0.060262806713581,-0.2686660885810852,0.0330186709761619,55.59527587890625,102.0007629394531,17.68684387207031
34148,0.03271484375,0.9925537109375,0.0538330078125,0.060262806713581,-0.2686660885810852,0.0330186709761619,55.59527587890625,102.0007629394531,17.68684387207031
34149,0.0317535400390625,0.9965362548828124,0.0520172119140625,0.0776860043406486,-0.2065766155719757,0.0360440202057361,55.71766662597656,102.0153656005859,17.55313110351562
34150,0.0278778076171875,0.9988861083984376,0.0549468994140625,0.0821915417909622,-0.1887416839599609,0.0335419811308383,55.72676086425781,102.0128326416016,17.48725891113281
34151,0.0246429443359375,0.9935302734375,0.0539093017578125,0.0810210853815078,-0.0675292462110519,0.0259485095739364,55.75953674316406,102.0590667724609,17.39535522460938
34152,0.0246429443359375,0.9935302734375,0.0539093017578125,0.0810210853815078,-0.0675292462110519,0.0259485095739364,55.75953674316406,102.0590667724609,17.39535522460938
34153,0.02679443359375,0.98480224609375,0.057464599609375,0.0810210853815078,-0.0675292462110519,0.0259485095739364,55.72808837890625,102.1456909179688,17.41281127929688
34154,0.0322723388671875,0.982208251953125,0.056640625,0.0779552534222602,-0.0419429242610931,0.0267258863896131,55.71159362792969,102.1220092773438,17.45950317382812
34155,0.0357666015625,0.9880828857421876,0.0549468994140625,0.0670988783240318,-0.0349151082336902,0.0187907312065362,55.79460144042969,102.1287078857422,17.465087890625
34156,0.0442962646484375,0.9840545654296876,0.05242919921875,-0.0041489386931061,-0.0824461430311203,-0.0193385444581508,55.78074645996094,102.1210327148438,17.38603210449219
34157,0.0560455322265625,0.9871673583984376,0.0536956787109375,-0.0041489386931061,-0.0824461430311203,-0.0193385444581508,55.89680480957031,102.1435852050781,17.5245361328125
34158,0.0649871826171875,0.9791717529296876,0.0613555908203125,-0.0299363266676664,-0.0877301171422004,-0.0144734811037778,55.84675598144531,102.1128234863281,17.62667846679688
34159,0.05975341796875,0.98541259765625,0.042572021484375,-0.039414782077074,-0.02931341342628,-0.0164839010685682,55.75643920898438,102.0735778808594,17.23442077636719
34160,0.05975341796875,0.98541259765625,0.042572021484375,-0.039414782077074,-0.02931341342628,-0.0164839010685682,55.75643920898438,102.0735778808594,17.23442077636719
34161,0.0587921142578125,0.9923095703125,0.0391693115234375,-0.039414782077074,-0.02931341342628,-0.0164839010685682,55.73985290527344,102.1108703613281,17.21025085449219
34162,0.05902099609375,0.9962005615234376,0.0373687744140625,-0.0483936332166194,-0.0194559898227453,-0.0194413419812917,55.7451171875,102.0794525146484,17.33428955078125
34163,0.0493011474609375,0.99853515625,0.0467681884765625,-0.0005954828229732,0.0637675300240516,-0.0207446925342083,55.77171325683594,102.0756072998047,17.27285766601562
34164,0.0493011474609375,0.99853515625,0.0467681884765625,-0.0005954828229732,0.0637675300240516,-0.0207446925342083,55.77171325683594,102.0756072998047,17.27285766601562
34165,0.0462646484375,1.0015869140625,0.0341644287109375,-0.0005954828229732,0.0637675300240516,-0.0207446925342083,55.74122619628906,102.0928344726562,17.2025146484375
34166,0.0532684326171875,0.9993896484375,0.03326416015625,-0.0029481193050742,0.0586601160466671,-0.0231356788426637,55.65191650390625,101.9781036376953,17.276123046875
34167,0.054412841796875,0.996673583984375,0.02764892578125,0.0031712921336293,0.0660836771130561,-0.0227966587990522,55.65635681152344,101.9995574951172,17.358642578125
34168,0.054412841796875,0.996673583984375,0.02764892578125,0.0031712921336293,0.0660836771130561,-0.0227966587990522,55.65635681152344,101.9995574951172,17.358642578125
34169,0.058868408203125,0.998504638671875,0.0193634033203125,-0.0086635295301675,0.0558494180440902,-0.0336746051907539,55.66163635253906,102.0081787109375,17.34837341308594
34170,0.0650482177734375,0.9937286376953124,0.0233306884765625,-0.0078129153698682,0.0493734069168567,-0.0281275082379579,55.53909301757812,101.9805603027344,17.41038513183594
34171,0.06927490234375,0.9956512451171876,0.0207672119140625,-0.0055968994274735,0.045709166675806,-0.0378088988363742,55.46759033203125,101.9897155761719,17.34188842773438
34172,0.0732421875,0.9949798583984376,0.0221099853515625,-0.0026967169251292,0.0422438606619834,-0.0317422151565551,55.5093994140625,101.9899749755859,17.29190063476562
34173,0.0732421875,0.9949798583984376,0.0221099853515625,-0.0026967169251292,0.0422438606619834,-0.0317422151565551,55.5093994140625,101.9899749755859,17.29190063476562
34174,0.075836181640625,0.993072509765625,0.0282135009765625,-0.0012623383663594,0.0404688641428947,-0.0284689255058765,55.52706909179688,101.9842681884766,17.3582763671875
34175,0.075958251953125,0.9937591552734376,0.0307159423828125,0.0089791137725114,0.0393676459789276,-0.0300343316048383,55.42521667480469,101.859375,17.40328979492188
34176,0.075958251953125,0.9937591552734376,0.0307159423828125,0.0089791137725114,0.0393676459789276,-0.0300343316048383,55.42521667480469,101.859375,17.40328979492188
34177,0.076141357421875,1.003082275390625,0.0233154296875,-0.0174722000956535,0.0052778525277972,-0.0434526689350605,55.5361328125,101.9432525634766,17.31950378417969
34178,0.076416015625,1.007766723632812,0.02557373046875,-0.0249282531440258,0.001972337020561,-0.0484261214733123,55.50950622558594,101.8581390380859,17.39686584472656
34179,0.06756591796875,1.001022338867188,0.0165863037109375,-0.0008117315010167,-0.00631222454831,-0.0687758699059486,55.54617309570312,101.7525482177734,17.54933166503906
34180,0.06756591796875,1.001022338867188,0.0165863037109375,-0.0008117315010167,-0.00631222454831,-0.0687758699059486,55.54617309570312,101.7525482177734,17.54933166503906
34181,0.062225341796875,1.00592041015625,0.01544189453125,-0.0008117315010167,-0.00631222454831,-0.0687758699059486,55.46920776367188,101.8704986572266,17.51541137695312
34182,0.0567779541015625,1.012161254882812,0.0164642333984375,0.0013377057621255,-0.0102872587740421,-0.0753208547830581,55.38992309570312,101.8717041015625,17.53648376464844
34183,0.0499114990234375,1.009033203125,0.0191497802734375,0.0259817987680435,-0.0223343335092067,-0.1051224246621132,55.31077575683594,101.8601684570312,17.34608459472656
34184,0.0499114990234375,1.009033203125,0.0191497802734375,0.0259817987680435,-0.0223343335092067,-0.1051224246621132,55.31077575683594,101.8601684570312,17.34608459472656
34185,0.045440673828125,1.011611938476562,0.019287109375,0.0259817987680435,-0.0223343335092067,-0.1051224246621132,55.30670166015625,101.7783966064453,17.392333984375
34186,0.0450592041015625,1.017333984375,0.01953125,0.0081340931355953,-0.0657723546028137,-0.1361474543809891,55.25625610351562,101.7381439208984,17.55038452148438
34187,0.0477142333984375,1.006210327148438,0.0235443115234375,0.0011576761025935,-0.0923730731010437,-0.1509272009134293,55.14863586425781,101.7579650878906,17.33699035644531
34188,0.0477142333984375,1.006210327148438,0.0235443115234375,0.0011576761025935,-0.0923730731010437,-0.1509272009134293,55.14863586425781,101.7579650878906,17.33699035644531
34189,0.0562591552734375,1.001449584960938,0.0211639404296875,0.0011576761025935,-0.0923730731010437,-0.1509272009134293,55.20454406738281,101.7154998779297,17.38926696777344
34190,0.05645751953125,0.995849609375,0.0247802734375,0.0151552511379122,-0.092554435133934,-0.1498470157384872,55.18215942382812,101.7801818847656,17.4674072265625
34191,0.0579071044921875,0.992584228515625,0.0307769775390625,0.0501870028674602,-0.0665878131985664,-0.1451960802078247,54.99159240722656,101.8240814208984,17.38087463378906
34192,0.0579071044921875,0.992584228515625,0.0307769775390625,0.0501870028674602,-0.0665878131985664,-0.1451960802078247,54.99159240722656,101.8240814208984,17.38087463378906
34193,0.058868408203125,0.9967803955078124,0.034423828125,0.0552792325615882,-0.0535633601248264,-0.1422620713710785,54.95333862304688,101.7644195556641,17.2825927734375
34194,0.058929443359375,0.998443603515625,0.03033447265625,0.0516578666865825,-0.0533630885183811,-0.1414119899272919,54.94557189941406,101.6831512451172,17.36685180664062
34195,0.054718017578125,0.987396240234375,0.03167724609375,0.03474972397089,-0.0656077712774276,-0.1341162621974945,54.80058288574219,101.7118072509766,17.28720092773438
34196,0.054718017578125,0.987396240234375,0.03167724609375,0.03474972397089,-0.0656077712774276,-0.1341162621974945,54.80058288574219,101.7118072509766,17.28720092773438
34197,0.0560455322265625,0.9841156005859376,0.0269012451171875,0.03474972397089,-0.0656077712774276,-0.1341162621974945,54.69346618652344,101.8641967773438,17.2593994140625
34198,0.057098388671875,0.9837799072265624,0.0279541015625,0.0357808992266655,-0.0753730535507202,-0.1273441016674042,54.61100769042969,101.8242034912109,17.30088806152344
34199,0.0550537109375,0.984405517578125,0.0417327880859375,0.0628508701920509,-0.0597054064273834,-0.1105025410652161,54.55429077148438,101.9398803710938,17.24545288085938
34200,0.0550537109375,0.984405517578125,0.0417327880859375,0.0628508701920509,-0.0597054064273834,-0.1105025410652161,54.55429077148438,101.9398803710938,17.24545288085938
34201,0.057861328125,0.9923095703125,0.044525146484375,0.0596606656908989,-0.0474844276905059,-0.1066444218158722,54.5391845703125,101.8980865478516,17.16732788085938
34202,0.05780029296875,0.9953460693359376,0.04541015625,0.0487861819565296,-0.0353318899869918,-0.1000128835439682,54.48152160644531,101.9889526367188,17.11186218261719
34203,0.0550079345703125,0.98895263671875,0.0456085205078125,0.0297690816223621,-0.0028780782595276,-0.0852182283997535,54.367919921875,102.1171875,17.21150207519531
34204,0.0550079345703125,0.98895263671875,0.0456085205078125,0.0297690816223621,-0.0028780782595276,-0.0852182283997535,54.367919921875,102.1171875,17.21150207519531
34205,0.0521697998046875,0.9871826171875,0.0315399169921875,0.0297690816223621,-0.0028780782595276,-0.0852182283997535,54.28388977050781,102.1067047119141,17.08976745605469
34206,0.0534210205078125,0.982391357421875,0.0277099609375,0.033460222184658,-0.0196053925901651,-0.0836754590272903,54.22261047363281,102.2050018310547,17.21827697753906
34207,0.0493927001953125,0.9899139404296876,0.0352325439453125,0.0251727309077978,-0.034172885119915,-0.0703031942248344,54.25767517089844,102.2320709228516,17.26347351074219
34208,0.0493927001953125,0.9899139404296876,0.0352325439453125,0.0251727309077978,-0.034172885119915,-0.0703031942248344,54.25767517089844,102.2320709228516,17.26347351074219
34209,0.0463714599609375,0.993377685546875,0.05108642578125,0.0399823039770126,0.0028719529509544,-0.0592694468796253,54.21856689453125,102.1180419921875,17.23753356933594
34210,0.0473785400390625,0.99346923828125,0.0309600830078125,0.0485632754862308,0.0072746905498206,-0.0541761517524719,54.15786743164062,102.1335906982422,17.38240051269531
34211,0.048065185546875,0.99725341796875,0.0433197021484375,0.0399500802159309,0.0085040060803294,-0.0422209575772285,54.17317199707031,102.3153533935547,17.33674621582031
34212,0.044464111328125,0.991119384765625,0.034149169921875,0.0399500802159309,0.0085040060803294,-0.0422209575772285,54.13653564453125,102.2704925537109,17.34806823730469
34213,0.044464111328125,0.991119384765625,0.034149169921875,0.0399500802159309,0.0085040060803294,-0.0422209575772285,54.13653564453125,102.2704925537109,17.34806823730469
34214,0.03717041015625,0.9911346435546876,0.0325775146484375,0.0236057266592979,-0.0019755328539758,-0.0431645140051841,54.15776062011719,102.2248992919922,17.46368408203125
34215,0.0363616943359375,0.9852142333984376,0.037322998046875,0.0212344489991664,0.0071633704937994,-0.0363526828587055,54.00685119628906,102.2351226806641,17.23638916015625
34216,0.0363616943359375,0.9852142333984376,0.037322998046875,0.0212344489991664,0.0071633704937994,-0.0363526828587055,54.00685119628906,102.2351226806641,17.23638916015625
34217,0.037689208984375,0.9851531982421876,0.04229736328125,0.0271176379173994,0.013667075894773,-0.0343798100948333,54.02020263671875,102.2175903320312,17.22998046875
34218,0.036834716796875,0.9895172119140624,0.04022216796875,0.025718679651618,0.0306378044188022,-0.0304425936192274,53.94564819335938,102.2358093261719,17.242431640625
34219,0.03955078125,0.9994354248046876,0.01837158203125,0.0331222675740718,0.0356496050953865,-0.0270012579858303,53.88304138183594,102.1905517578125,17.19876098632812
34220,0.038055419921875,1.002670288085938,0.0197296142578125,0.0352413430809974,0.0274699740111827,-0.0255271978676319,53.88330078125,102.0839385986328,17.08203125
34221,0.038055419921875,1.002670288085938,0.0197296142578125,0.0352413430809974,0.0274699740111827,-0.0255271978676319,53.88330078125,102.0839385986328,17.08203125
34222,0.0372161865234375,1.001129150390625,0.019012451171875,0.0519143305718898,0.0307009201496839,-0.0280878264456987,53.95001220703125,101.9899444580078,17.34579467773438
34223,0.03515625,0.996185302734375,0.0164947509765625,0.0543489903211593,0.0170255880802869,-0.0282904934138059,53.90673828125,102.0619812011719,17.37405395507812
34224,0.034423828125,0.9957733154296876,0.022674560546875,0.0481872372329235,0.0033204292412847,-0.0404771193861961,53.88102722167969,102.1903991699219,17.28330993652344
34225,0.03546142578125,0.994232177734375,0.0318145751953125,0.0362879671156406,-0.0055958339944481,-0.0428625121712684,53.826171875,102.1731719970703,17.2469482421875
34226,0.0342864990234375,0.99456787109375,0.03533935546875,0.0227061118930578,-0.0091189295053482,-0.0455997101962566,53.8795166015625,102.1877593994141,17.28291320800781
34227,0.0328826904296875,0.9861602783203124,0.0326385498046875,0.0226134341210126,-0.0058967713266611,-0.0324106700718402,53.92266845703125,102.1988220214844,17.19059753417969
34228,0.0330657958984375,0.9875335693359376,0.02880859375,0.0317502059042453,-0.0021784657146781,-0.0274281613528728,53.85202026367188,102.2624053955078,17.19338989257812
34229,0.0330657958984375,0.9875335693359376,0.02880859375,0.0317502059042453,-0.0021784657146781,-0.0274281613528728,53.85202026367188,102.2624053955078,17.19338989257812
34230,0.0341949462890625,0.9946136474609376,0.0259552001953125,0.0341465175151825,-0.0064493771642446,-0.0247519519180059,53.85739135742188,102.2815856933594,17.16493225097656
34231,0.0343170166015625,0.990264892578125,0.0280303955078125,0.0268798172473907,-0.012802880257368,-0.0142503082752227,53.78842163085938,102.2259368896484,17.20114135742188
34232,0.0343170166015625,0.990264892578125,0.0280303955078125,0.0268798172473907,-0.012802880257368,-0.0142503082752227,53.78842163085938,102.2259368896484,17.20114135742188
34233,0.0333404541015625,0.989044189453125,0.0267791748046875,0.0254523623734712,-0.0162234436720609,-0.0037886130157858,53.81564331054688,102.2102508544922,17.08599853515625
34234,0.0319366455078125,0.9911956787109376,0.0275115966796875,0.0301808062940836,-0.0140572292730212,-0.004007258452475,53.83106994628906,102.201416015625,17.14335632324219
34235,0.03192138671875,1.00079345703125,0.02325439453125,0.0267450604587793,-0.0203193854540586,-0.0109951263293623,53.84809875488281,102.1582946777344,17.03924560546875
34236,0.03192138671875,1.00079345703125,0.02325439453125,0.0267450604587793,-0.0203193854540586,-0.0109951263293623,53.84809875488281,102.1582946777344,17.03924560546875
34237,0.0333099365234375,1.001480102539062,0.0234832763671875,0.0267450604587793,-0.0203193854540586,-0.0109951263293623,53.86485290527344,102.2737274169922,17.02339172363281
34238,0.035919189453125,0.9960174560546876,0.02374267578125,0.035044003278017,-0.0106342686340212,-0.0056496299803256,53.75971984863281,102.1668548583984,17.0128173828125
34239,0.03546142578125,0.9873504638671876,0.0264434814453125,0.044637244194746,-0.0003275688213761,0.0011968245962634,53.84446716308594,102.201171875,17.11726379394531
34240,0.03265380859375,0.988067626953125,0.02874755859375,0.0546224974095821,0.0135525604709982,0.0081740403547883,53.82255554199219,102.2012939453125,17.21211242675781
34241,0.03265380859375,0.988067626953125,0.02874755859375,0.0546224974095821,0.0135525604709982,0.0081740403547883,53.82255554199219,102.2012939453125,17.21211242675781
34242,0.03082275390625,0.9921417236328124,0.0315399169921875,0.0557098686695098,0.0186040438711643,0.0112792858853936,53.91259765625,102.2284851074219,17.26972961425781
34243,0.0273590087890625,1.00286865234375,0.028472900390625,0.0439181886613369,0.0156189072877168,0.001563541823998,53.95671081542969,102.2537689208984,17.42079162597656
34244,0.0273590087890625,1.00286865234375,0.028472900390625,0.0439181886613369,0.0156189072877168,0.001563541823998,53.95671081542969,102.2537689208984,17.42079162597656
34245,0.0269317626953125,1.0076904296875,0.0273895263671875,0.0322207883000373,0.0034879420418292,-0.0100752711296081,53.95820617675781,102.2185821533203,17.26316833496094
34246,0.0311431884765625,1.005661010742188,0.0227203369140625,0.0229910686612129,-0.0121059315279126,-0.0210730601102113,53.95587158203125,102.2248077392578,17.26075744628906
34247,0.036529541015625,0.9843902587890624,0.020599365234375,0.0343068391084671,-0.0127914287149906,-0.0152370100840926,53.91392517089844,102.1487121582031,17.10691833496094
34248,0.03790283203125,0.975311279296875,0.025634765625,0.0515372268855571,5.858954318682663e-05,-0.0005374259199015,53.84819030761719,102.1056060791016,17.05807495117188
34249,0.03790283203125,0.975311279296875,0.025634765625,0.0515372268855571,5.858954318682663e-05,-0.0005374259199015,53.84819030761719,102.1056060791016,17.05807495117188
34250,0.0373382568359375,0.9697418212890624,0.02508544921875,0.0648959055542945,0.0225878674536943,0.0196256320923566,53.87257385253906,102.0267944335938,17.042236328125
34251,0.0356292724609375,0.9730377197265624,0.023345947265625,0.0714590027928352,0.0571860559284687,0.0571916513144969,53.83453369140625,102.2175750732422,16.93701171875
34252,0.0356292724609375,0.9730377197265624,0.023345947265625,0.0714590027928352,0.0571860559284687,0.0571916513144969,53.83453369140625,102.2175750732422,16.93701171875
34253,0.03875732421875,0.9761810302734376,0.0233001708984375,0.070748470723629,0.0720954984426498,0.0692541748285293,53.92015075683594,102.1659240722656,17.08587646484375
34254,0.04010009765625,0.971527099609375,0.0114288330078125,0.069841668009758,0.0790034756064415,0.079474851489067,53.8507080078125,102.1751403808594,17.28695678710938
34255,0.0424041748046875,0.9894256591796876,0.0381622314453125,0.0641483590006828,0.086406260728836,0.0789811015129089,53.97415161132812,102.2376098632812,16.92149353027344
34256,0.0459442138671875,0.997100830078125,-0.0039825439453125,0.0279594622552394,0.0479310415685176,0.0704081207513809,53.94338989257812,102.2625732421875,16.97203063964844
34257,0.0459442138671875,0.997100830078125,-0.0039825439453125,0.0279594622552394,0.0479310415685176,0.0704081207513809,53.94338989257812,102.2625732421875,16.97203063964844
34258,0.05841064453125,0.9956817626953124,0.0095062255859375,0.0327957645058631,0.0115240309387445,0.068390242755413,54.01200866699219,102.3893585205078,17.04190063476562
34259,0.0536956787109375,0.997283935546875,0.0038604736328125,0.0435341596603393,0.0370221994817256,0.0680975615978241,54.00575256347656,102.3766937255859,16.86759948730469
34260,0.0536956787109375,0.997283935546875,0.0038604736328125,0.0435341596603393,0.0370221994817256,0.0680975615978241,54.00575256347656,102.3766937255859,16.86759948730469
34261,0.0519256591796875,1.00604248046875,0.0067901611328125,0.0590121857821941,0.0298268720507621,0.0617128983139991,54.02864074707031,102.4039154052734,16.87370300292969
34262,0.0421905517578125,1.013717651367188,0.0031890869140625,0.0716235861182212,0.031482558697462,0.0673630610108375,54.078125,102.4250183105469,17.00228881835938
34263,0.0153656005859375,1.043853759765625,-0.0124969482421875,0.084306888282299,0.0234435405582189,0.06473159044981,54.13519287109375,102.4458160400391,16.79890441894531
34264,0.0153656005859375,1.043853759765625,-0.0124969482421875,0.084306888282299,0.0234435405582189,0.06473159044981,54.13519287109375,102.4458160400391,16.79890441894531
34265,0.0019073486328125,1.033462524414062,-0.011627197265625,0.0830754488706588,-0.0172263905405998,0.0187654327601194,54.08927917480469,102.5443572998047,16.71147155761719
34266,0.0019073486328125,1.033462524414062,-0.011627197265625,0.0830754488706588,-0.0172263905405998,0.0187654327601194,54.08927917480469,102.5443572998047,16.71147155761719
34267,0.0240631103515625,0.998321533203125,0.0206146240234375,0.0748356282711029,-0.0275277644395828,-0.0065178205259144,54.08122253417969,102.5861206054688,16.77786254882812
34268,0.0240631103515625,0.998321533203125,0.0206146240234375,0.0748356282711029,-0.0275277644395828,-0.0065178205259144,54.08122253417969,102.5861206054688,16.77786254882812
34269,0.0300445556640625,0.9950714111328124,0.029266357421875,0.0602755919098854,-0.0143565684556961,-0.0032157669775187,54.14231872558594,102.6067352294922,16.65373229980469
34270,0.0342254638671875,0.9913482666015624,0.026214599609375,0.041144773364067,-0.0064797373488545,-0.0024096281267702,54.1788330078125,102.675048828125,16.59483337402344
34271,0.0419769287109375,0.989654541015625,0.0167999267578125,-0.0119543969631195,-0.0177172124385833,-0.0064254086464643,54.17637634277344,102.6000518798828,16.58476257324219
34272,0.0399932861328125,0.9891357421875,0.0088653564453125,-0.0151203628629446,-0.0149706937372684,-0.0106033757328987,54.25503540039062,102.6245574951172,16.68635559082031
34273,0.0399932861328125,0.9891357421875,0.0088653564453125,-0.0151203628629446,-0.0149706937372684,-0.0106033757328987,54.25503540039062,102.6245574951172,16.68635559082031
34274,0.038970947265625,0.9892730712890624,0.00213623046875,-0.011554124765098,-0.0115578528493642,-0.0158830918371677,54.20338439941406,102.5387115478516,16.68751525878906
34275,0.0414886474609375,0.992431640625,0.0113525390625,0.0010253170039504,0.0095471665263175,-0.0193294901400804,54.24824523925781,102.6346588134766,16.48991394042969
34276,0.0414886474609375,0.992431640625,0.0113525390625,0.0010253170039504,0.0095471665263175,-0.0193294901400804,54.24824523925781,102.6346588134766,16.48991394042969
34277,0.0376739501953125,0.98931884765625,0.0099945068359375,0.0085737807676196,0.0422888658940792,-0.0145049067214131,54.19969177246094,102.55615234375,16.85401916503906
34278,0.0345001220703125,0.988067626953125,0.0092010498046875,0.0053750579245388,0.0471507348120212,-0.0140857249498367,54.24844360351562,102.6943206787109,16.76010131835938
34279,0.033538818359375,0.985595703125,0.0098876953125,-0.0173217318952083,0.0413863211870193,-0.0288841128349304,54.11894226074219,102.6805267333984,16.75860595703125
34280,0.033538818359375,0.985595703125,0.0098876953125,-0.0173217318952083,0.0413863211870193,-0.0288841128349304,54.11894226074219,102.6805267333984,16.75860595703125
34281,0.0342254638671875,0.9842529296875,0.013031005859375,-0.0173217318952083,0.0413863211870193,-0.0288841128349304,54.23544311523438,102.6471099853516,16.77796936035156
34282,0.040679931640625,0.9838714599609376,0.0183258056640625,-0.0333528965711593,0.0417463816702365,-0.0401546098291873,54.17262268066406,102.6623687744141,16.82855224609375
34283,0.0443572998046875,0.9923553466796876,0.0174407958984375,-0.0354056619107723,0.0431583896279335,-0.0452497713267803,54.04246520996094,102.8800354003906,16.77810668945312
34284,0.0443572998046875,0.9923553466796876,0.0174407958984375,-0.0354056619107723,0.0431583896279335,-0.0452497713267803,54.04246520996094,102.8800354003906,16.77810668945312
34285,0.045928955078125,0.9948272705078124,0.01513671875,-0.0272481329739093,0.0484277196228504,-0.0414523668587207,54.05194091796875,102.8438110351562,16.81765747070312
34286,0.0429840087890625,1.001602172851562,0.004608154296875,-0.0045896917581558,0.036786776036024,-0.0243314392864704,54.00555419921875,102.7266235351562,16.85214233398438
34287,0.0419464111328125,1.003387451171875,0.00323486328125,0.0021984395571053,0.0246515497565269,-0.0165198538452386,53.95219421386719,102.8024139404297,16.712646484375
34288,0.0419464111328125,1.003387451171875,0.00323486328125,0.0021984395571053,0.0246515497565269,-0.0165198538452386,53.95219421386719,102.8024139404297,16.712646484375
34289,0.0443115234375,0.9956207275390624,0.002685546875,0.0042189797386527,0.0123325660824775,-0.00980069860816,53.88847351074219,102.7016754150391,16.62944030761719
34290,0.0471038818359375,0.985015869140625,0.00164794921875,-0.0102973785251379,-0.0010167949367314,-0.0048834383487701,53.91557312011719,102.7205200195312,16.59982299804688
34291,0.059478759765625,0.9688568115234376,0.01416015625,-0.0622218288481235,-0.0438643917441368,-0.0233623143285512,53.8280029296875,102.946533203125,16.541748046875
34292,0.06048583984375,0.9662933349609376,0.01318359375,-0.0622218288481235,-0.0438643917441368,-0.0233623143285512,53.91989135742188,102.9344177246094,16.68756103515625
34293,0.06048583984375,0.9662933349609376,0.01318359375,-0.0622218288481235,-0.0438643917441368,-0.0233623143285512,53.91989135742188,102.9344177246094,16.68756103515625
34294,0.05877685546875,0.97149658203125,0.0132293701171875,-0.076131522655487,-0.0470516644418239,-0.0302588362246751,53.90185546875,102.8391723632812,16.83135986328125
34295,0.0457000732421875,0.99298095703125,0.0095672607421875,-0.0818871408700943,-0.0352416113018989,-0.0458519086241722,53.9296875,102.8643035888672,16.72134399414062
34296,0.0457000732421875,0.99298095703125,0.0095672607421875,-0.0818871408700943,-0.0352416113018989,-0.0458519086241722,53.9296875,102.8643035888672,16.72134399414062
34297,0.038604736328125,1.008514404296875,0.0041046142578125,-0.0818871408700943,-0.0352416113018989,-0.0458519086241722,53.92454528808594,102.6818542480469,16.74024963378906
34298,0.0322113037109375,1.018585205078125,0.000885009765625,-0.0761062204837799,-0.0361390970647335,-0.0464700311422348,53.99354553222656,102.7073059082031,16.85871887207031
34299,0.027557373046875,1.001922607421875,0.0004425048828125,-0.0599770508706569,-0.0496871285140514,-0.0585064515471458,53.81340026855469,102.5769653320312,16.91387939453125
34300,0.027557373046875,1.001922607421875,0.0004425048828125,-0.0599770508706569,-0.0496871285140514,-0.0585064515471458,53.81340026855469,102.5769653320312,16.91387939453125
34301,0.03192138671875,0.9856414794921876,-0.0072021484375,-0.0597307085990905,-0.0883546322584152,-0.0614598989486694,53.80429077148438,102.6359100341797,16.96553039550781
34302,0.0303802490234375,0.981597900390625,0.0052490234375,-0.0724726021289825,-0.1128498539328575,-0.0619893334805965,53.76856994628906,102.5478973388672,17.15997314453125
34303,0.0374908447265625,0.9887847900390624,0.0114593505859375,-0.0253146775066852,-0.0806743428111076,-0.0836429670453071,53.81636047363281,102.5237274169922,17.02711486816406
34304,0.0374908447265625,0.9887847900390624,0.0114593505859375,-0.0253146775066852,-0.0806743428111076,-0.0836429670453071,53.81636047363281,102.5237274169922,17.02711486816406
34305,0.0386810302734375,1.001129150390625,0.01416015625,-0.0253146775066852,-0.0806743428111076,-0.0836429670453071,53.69834899902344,102.6707153320312,17.05897521972656
34306,0.0360870361328125,1.00994873046875,0.0136566162109375,-0.0030948594212532,-0.0484879054129123,-0.0846533700823783,53.70199584960938,102.6238403320312,17.13179016113281
34307,0.0247344970703125,1.013656616210938,0.007537841796875,-0.0087138628587126,-0.057243850082159,-0.0889959186315536,53.65560913085938,102.5333099365234,17.19775390625
34308,0.0247344970703125,1.013656616210938,0.007537841796875,-0.0087138628587126,-0.057243850082159,-0.0889959186315536,53.65560913085938,102.5333099365234,17.19775390625
34309,0.020538330078125,1.014816284179688,0.011016845703125,-0.0048416266217827,-0.0682634785771369,-0.0939568579196929,53.72547912597656,102.5274963378906,17.20210266113281
34310,0.0207977294921875,1.013992309570312,0.00677490234375,-0.0132441660389304,-0.0980613157153129,-0.116883210837841,53.63876342773438,102.4006500244141,17.28253173828125
34311,0.0225982666015625,1.0025634765625,0.010772705078125,0.0044781053438782,-0.1072028875350952,-0.1142613291740417,53.65739440917969,102.4033050537109,17.24284362792969
34312,0.0225982666015625,1.0025634765625,0.010772705078125,0.0044781053438782,-0.1072028875350952,-0.1142613291740417,53.65739440917969,102.4033050537109,17.24284362792969
34313,0.0253143310546875,1.004013061523438,0.018707275390625,0.0044781053438782,-0.1072028875350952,-0.1142613291740417,53.59320068359375,102.4603576660156,17.20002746582031
34314,0.025299072265625,1.011520385742188,0.0214996337890625,0.0285040792077779,-0.0913797169923782,-0.1001654788851738,53.56219482421875,102.5009460449219,17.19026184082031
34315,0.022308349609375,1.003890991210938,0.0174102783203125,0.0394792333245277,-0.072610817849636,-0.079625055193901,53.4649658203125,102.5505065917969,17.22235107421875
34316,0.022308349609375,1.003890991210938,0.0174102783203125,0.0394792333245277,-0.072610817849636,-0.079625055193901,53.4649658203125,102.5505065917969,17.22235107421875
34317,0.0193634033203125,0.995880126953125,0.02166748046875,0.0346610397100448,-0.0623342134058475,-0.0760098099708557,53.51022338867188,102.5538940429688,17.29246520996094
34318,0.0178680419921875,0.990936279296875,0.0185089111328125,0.0318066664040088,-0.0596505478024482,-0.0732707530260086,53.41975402832031,102.5036315917969,17.28268432617188
34319,0.0146942138671875,0.9870147705078124,0.026519775390625,0.0226786807179451,-0.0340557061135768,-0.0515622608363628,53.264892578125,102.5751647949219,17.06378173828125
34320,0.0146942138671875,0.9870147705078124,0.026519775390625,0.0226786807179451,-0.0340557061135768,-0.0515622608363628,53.264892578125,102.5751647949219,17.06378173828125
34321,0.0121307373046875,0.99395751953125,0.02960205078125,0.0226786807179451,-0.0340557061135768,-0.0515622608363628,53.37936401367188,102.6504669189453,16.97048950195312
34322,0.0122528076171875,0.9986572265625,0.0240631103515625,0.0260901898145675,-0.0120625216513872,-0.049416285008192,53.34075927734375,102.6210479736328,17.01913452148438
34323,0.012908935546875,0.9999237060546876,0.02252197265625,0.022249910980463,-0.0158514007925987,-0.0597773119807243,53.36434936523438,102.6319580078125,17.16635131835938
34324,0.0161895751953125,1.000228881835938,0.0266876220703125,0.016891099512577,-0.014281733892858,-0.0774042457342147,53.35334777832031,102.7521667480469,17.10592651367188
34325,0.0209503173828125,0.99896240234375,0.023956298828125,0.0093676690012216,-0.0185052417218685,-0.0839502960443496,53.35176086425781,102.6624450683594,17.17434692382812
34326,0.0279693603515625,0.989898681640625,0.0251922607421875,-0.0056866477243602,-0.0245375670492649,-0.0841225981712341,53.42658996582031,102.5904541015625,17.17478942871094
34327,0.0294647216796875,0.9787445068359376,0.0296173095703125,-0.025889653712511,-0.0181949827820062,-0.0708893537521362,53.28482055664062,102.5602416992188,17.29684448242188
34328,0.0294647216796875,0.9787445068359376,0.0296173095703125,-0.025889653712511,-0.0181949827820062,-0.0708893537521362,53.28482055664062,102.5602416992188,17.29684448242188
34329,0.0286102294921875,0.9786376953125,0.0261688232421875,-0.0332080200314521,-0.0051236557774245,-0.0596793107688427,53.32894897460938,102.5960083007812,17.32737731933594
34330,0.0251007080078125,0.9821929931640624,0.0316925048828125,-0.0373923778533935,0.0069929282180964,-0.0538445897400379,53.20803833007812,102.5404205322266,17.44024658203125
34331,0.0101470947265625,1.000228881835938,0.023834228515625,-0.0588073916733264,0.0311832185834646,-0.0262758117169141,53.19044494628906,102.560302734375,17.32981872558594
34332,0.007843017578125,1.007522583007812,0.016571044921875,-0.0588073916733264,0.0311832185834646,-0.0262758117169141,53.19577026367188,102.5747680664062,17.3319091796875
34333,0.007843017578125,1.007522583007812,0.016571044921875,-0.0588073916733264,0.0311832185834646,-0.0262758117169141,53.19577026367188,102.5747680664062,17.3319091796875
34334,0.0086822509765625,1.005645751953125,0.009429931640625,-0.0590004697442054,0.0274675767868757,-0.0249610096216201,53.158935546875,102.4867095947266,17.48063659667969
34335,0.010162353515625,1.00640869140625,-4.57763671875e-05,-0.0601722598075866,0.0115290908142924,-0.025300296023488,53.11563110351562,102.5724487304688,17.541015625
34336,0.0132598876953125,1.0057373046875,-0.0038604736328125,-0.036226712167263,0.0094955004751682,-0.01419198513031,53.09951782226562,102.5428619384766,17.47613525390625
34337,0.016143798828125,1.002517700195312,-0.0050811767578125,-0.036226712167263,0.0094955004751682,-0.01419198513031,53.12481689453125,102.4978790283203,17.54808044433594
34338,0.016571044921875,0.9960479736328124,-0.0028533935546875,-0.028431374579668,0.0051084756851196,-0.0017406421247869,53.04454040527344,102.4408416748047,17.72062683105469
34339,0.014923095703125,0.9919281005859376,0.0059051513671875,-0.0286958273500204,0.0049750511534512,0.0114896753802895,53.04034423828125,102.4940795898438,17.74920654296875
34340,0.0137481689453125,0.9906158447265624,0.016845703125,-0.0286958273500204,0.0049750511534512,0.0114896753802895,53.09686279296875,102.5128631591797,17.74636840820312
34341,0.0087432861328125,1.000198364257812,0.0244598388671875,-0.0051931641064584,0.028322983533144,0.0048136636614799,53.08082580566406,102.5032196044922,17.86672973632812
34342,0.0038604736328125,1.010086059570312,0.0204620361328125,-0.0051931641064584,0.028322983533144,0.0048136636614799,53.04252624511719,102.6203918457031,18.00164794921875
34343,0.006256103515625,1.00738525390625,0.0226898193359375,-0.0002452771295793,0.0315605886280536,0.0077897459268569,53.07717895507812,102.4986267089844,18.07838439941406
34344,0.0130157470703125,0.999359130859375,0.0275115966796875,0.0248012207448482,0.0443434976041317,0.0108134988695383,53.09028625488281,102.3553009033203,18.22686767578125
34345,0.0156402587890625,0.9966888427734376,0.02117919921875,0.0248012207448482,0.0443434976041317,0.0108134988695383,53.17594909667969,102.3669128417969,18.13401794433594
34346,0.01953125,0.993927001953125,0.014129638671875,0.0310487300157547,0.0332319885492324,0.0124569358304143,53.06060791015625,102.5015869140625,18.05928039550781
34347,0.02301025390625,0.9920806884765624,0.011199951171875,0.0387463308870792,0.0266896672546863,0.0074214311316609,53.08866882324219,102.4642181396484,17.88578796386719
34348,0.02301025390625,0.9920806884765624,0.011199951171875,0.0387463308870792,0.0266896672546863,0.0074214311316609,53.08866882324219,102.4642181396484,17.88578796386719
34349,0.023681640625,0.9899749755859376,0.011932373046875,0.0367079451680183,0.0243186559528112,-0.0047486824914813,53.08369445800781,102.4039459228516,17.96739196777344
34350,0.0224761962890625,0.9984588623046876,0.0105438232421875,0.0359505452215671,0.0194820892065763,-0.0077639133669435,53.12126159667969,102.3394012451172,18.11479187011719
34351,0.00946044921875,1.01513671875,0.006561279296875,0.0566507615149021,0.0426348112523555,-0.0135941058397293,53.01034545898438,102.4216766357422,17.77702331542969
34352,0.00946044921875,1.01513671875,0.006561279296875,0.0566507615149021,0.0426348112523555,-0.0135941058397293,53.01034545898438,102.4216766357422,17.77702331542969
34353,0.0063934326171875,1.011383056640625,0.005645751953125,0.0566507615149021,0.0426348112523555,-0.0135941058397293,52.976806640625,102.4877166748047,17.61830139160156
34354,0.004486083984375,1.004119873046875,0.010101318359375,0.0635004118084907,0.0532176829874515,-0.0046160570345819,53.10107421875,102.4335632324219,17.59410095214844
34355,0.00189208984375,1.000381469726562,0.0186920166015625,0.0678136646747589,0.0471898838877677,-0.0069758840836584,53.06861877441406,102.3799133300781,17.49560546875
34356,0.00189208984375,1.000381469726562,0.0186920166015625,0.0678136646747589,0.0471898838877677,-0.0069758840836584,53.06861877441406,102.3799133300781,17.49560546875
34357,0.00360107421875,1.004989624023438,0.0209197998046875,0.0720909684896469,0.0503912679851055,-0.0184860657900571,53.03231811523438,102.4537811279297,17.39234924316406
34358,0.007904052734375,1.001174926757812,0.015350341796875,0.0718832463026046,0.0438891611993312,-0.0282356329262256,53.09783935546875,102.3789215087891,17.40333557128906
34359,0.0136871337890625,0.988616943359375,0.02374267578125,0.0533500388264656,0.0279080644249916,-0.0273679755628109,53.04866027832031,102.4353790283203,17.41468811035156
34360,0.0136871337890625,0.988616943359375,0.02374267578125,0.0533500388264656,0.0279080644249916,-0.0273679755628109,53.04866027832031,102.4353790283203,17.41468811035156
34361,0.0135650634765625,0.982177734375,0.024810791015625,0.0355148501694202,0.0240850951522588,-0.0206730533391237,52.99339294433594,102.4958953857422,17.34759521484375
34362,0.012542724609375,0.981231689453125,0.0264739990234375,0.0134154073894023,0.0262023098766803,-0.0082320971414446,52.923583984375,102.4528961181641,17.32499694824219
34363,0.0119781494140625,0.9804229736328124,0.0191192626953125,-0.0315656475722789,0.0128638669848442,0.0048770466819405,52.81842041015625,102.4610748291016,17.26908874511719
34364,0.0119781494140625,0.9804229736328124,0.0191192626953125,-0.0315656475722789,0.0128638669848442,0.0048770466819405,52.81842041015625,102.4610748291016,17.26908874511719
34365,0.01812744140625,0.975616455078125,0.014984130859375,-0.0439544096589088,0.0079258335754275,0.003156644757837,52.85227966308594,102.4782867431641,17.31796264648438
34366,0.017974853515625,0.9761199951171876,0.0147705078125,-0.0441765151917934,0.0016679377295076,0.0023584954906255,52.90544128417969,102.3773651123047,17.30928039550781
34367,0.0100860595703125,0.990966796875,0.0123748779296875,-0.0519718527793884,-0.0085439532995224,0.0019773971289396,52.97856140136719,102.4090270996094,17.31112670898438
34368,0.0100860595703125,0.990966796875,0.0123748779296875,-0.0519718527793884,-0.0085439532995224,0.0019773971289396,52.97856140136719,102.4090270996094,17.31112670898438
34369,0.0070953369140625,0.9998931884765624,0.0150604248046875,-0.0644642114639282,-0.0169688630849123,-3.249056680942886e-05,52.91973876953125,102.4066467285156,17.44236755371094
34370,0.00738525390625,1.005813598632812,0.01739501953125,-0.056610282510519,-0.0103037701919674,-0.000654871284496,52.95538330078125,102.3559875488281,17.41946411132812
34371,-0.00054931640625,1.0224609375,0.011688232421875,-0.0014088122406974,0.0212469659745693,-0.0156865511089563,52.94342041015625,102.3303375244141,17.50021362304688
34372,-0.00054931640625,1.0224609375,0.011688232421875,-0.0014088122406974,0.0212469659745693,-0.0156865511089563,52.94342041015625,102.3303375244141,17.50021362304688
34373,-0.0005645751953125,1.0223388671875,0.0147552490234375,-0.0036748959682881,0.00959696713835,-0.0299869272857904,52.98910522460938,102.3229064941406,17.47154235839844
34374,0.0070648193359375,1.00592041015625,0.0254974365234375,-0.0036748959682881,0.00959696713835,-0.0299869272857904,52.93348693847656,102.2163391113281,17.5848388671875
34375,0.011260986328125,0.9958038330078124,0.0323944091796875,-0.017027985304594,0.014257232658565,-0.0283179245889186,52.87886047363281,102.3184204101562,17.56379699707031
34376,0.011932373046875,0.992462158203125,0.026702880859375,0.0018860506825149,0.0268169660121202,-0.0233460683375597,52.84690856933594,102.4472351074219,17.5423583984375
34377,0.0111846923828125,0.994384765625,0.017425537109375,0.0018860506825149,0.0268169660121202,-0.0233460683375597,52.84754943847656,102.4155731201172,17.46467590332031
34378,0.00946044921875,1.000396728515625,0.017486572265625,0.0146074388176202,0.0311395432800054,-0.0139733394607901,52.84745788574219,102.442138671875,17.48019409179688
34379,0.0078277587890625,0.999481201171875,0.0181427001953125,0.0350978001952171,0.0295075587928295,-0.005281847435981,52.88238525390625,102.4610443115234,17.59246826171875
34380,0.0078277587890625,0.999481201171875,0.0181427001953125,0.0350978001952171,0.0295075587928295,-0.005281847435981,52.88238525390625,102.4610443115234,17.59246826171875
34381,0.0116119384765625,0.9935150146484376,0.0178375244140625,0.0350978001952171,0.0295075587928295,-0.005281847435981,52.85264587402344,102.3466033935547,17.6156005859375
34382,0.0146026611328125,0.9881591796875,0.018157958984375,0.0250291861593723,0.0216451082378625,-0.0072488579899072,52.91822814941406,102.3249053955078,17.67063903808594
34383,0.0173492431640625,0.9868927001953124,0.018463134765625,-0.0082334289327263,0.0018072210950776,-0.0100933806970715,52.89828491210938,102.3875579833984,17.58912658691406
34384,0.0173492431640625,0.9868927001953124,0.018463134765625,-0.0082334289327263,0.0018072210950776,-0.0100933806970715,52.89828491210938,102.3875579833984,17.58912658691406
34385,0.021759033203125,0.985748291015625,0.0163726806640625,-0.0191545188426971,0.0031361384317278,-0.0099570266902446,52.88017272949219,102.3568572998047,17.54255676269531
34386,0.021148681640625,0.985443115234375,0.0146636962890625,-0.0158751029521226,0.0097463708370924,-0.0224022436887025,52.85214233398438,102.4684448242188,17.44509887695312
34387,0.0110626220703125,1.002273559570312,0.0147857666015625,-0.0075527247972786,0.01314696110785,-0.0179409179836511,52.85537719726562,102.3950042724609,17.45620727539062
34388,0.007598876953125,1.0164794921875,0.01336669921875,-0.0025292041245847,0.0147054428234696,-0.0146758817136287,52.86972045898438,102.4955444335938,17.41703796386719
34389,0.00946044921875,1.013198852539062,0.01275634765625,0.0302668251097202,0.0328458324074745,-0.0116284266114234,52.833740234375,102.4657592773438,17.56182861328125
34390,0.0121917724609375,1.005126953125,0.015899658203125,0.0302668251097202,0.0328458324074745,-0.0116284266114234,52.81202697753906,102.4154052734375,17.46414184570312
34391,0.0118865966796875,0.9976654052734376,0.0251007080078125,0.0093895066529512,0.0099564939737319,-0.0154529921710491,52.81341552734375,102.5402221679688,17.56086730957031
34392,0.0118865966796875,0.9976654052734376,0.0251007080078125,0.0093895066529512,0.0099564939737319,-0.0154529921710491,52.81341552734375,102.5402221679688,17.56086730957031
34393,0.01129150390625,0.9935760498046876,0.028656005859375,0.0093895066529512,0.0099564939737319,-0.0154529921710491,52.81658935546875,102.5794982910156,17.50404357910156
34394,0.010040283203125,0.9916534423828124,0.02569580078125,0.0008609999786131,0.0042948797345161,-0.0140226082876324,52.7469482421875,102.5831298828125,17.54209899902344
34395,0.00921630859375,0.994903564453125,0.0207366943359375,-0.0017776599852368,0.001817074837163,-0.0134452348574996,52.78895568847656,102.4351959228516,17.59005737304688
34396,0.00921630859375,0.994903564453125,0.0207366943359375,-0.0017776599852368,0.001817074837163,-0.0134452348574996,52.78895568847656,102.4351959228516,17.59005737304688
34397,0.0112152099609375,0.9976806640625,0.0194244384765625,0.0128297787159681,0.0111019192263484,-0.0180631559342145,52.78828430175781,102.4315338134766,17.51455688476562
34398,0.0135498046875,0.9995269775390624,0.01617431640625,0.0220733433961868,0.0140838613733649,-0.016734505072236,52.88526916503906,102.3596038818359,17.441650390625
34399,0.0147857666015625,0.99908447265625,0.020843505859375,0.0317475423216819,0.0114662395790219,-0.0161219779402017,52.72517395019531,102.3671569824219,17.41705322265625
34400,0.0147857666015625,0.99908447265625,0.020843505859375,0.0317475423216819,0.0114662395790219,-0.0161219779402017,52.72517395019531,102.3671569824219,17.41705322265625
34401,0.014312744140625,0.9989013671875,0.0257568359375,0.0326080098748207,0.0136023610830307,-0.0161675177514553,52.79779052734375,102.3073577880859,17.42144775390625
34402,0.0126495361328125,1.000198364257812,0.0253753662109375,0.0357284359633922,0.0138463070616126,-0.0161904208362102,52.76718139648438,102.3830413818359,17.39535522460938
34403,0.008758544921875,0.9965972900390624,0.0233306884765625,0.0401844382286071,0.0187332071363925,-0.0102438488975167,52.66783142089844,102.3596038818359,17.36831665039062
34404,0.008758544921875,0.9965972900390624,0.0233306884765625,0.0401844382286071,0.0187332071363925,-0.0102438488975167,52.66783142089844,102.3596038818359,17.36831665039062
34405,0.0099029541015625,0.9904327392578124,0.0276031494140625,0.0345300137996673,0.0232272911816835,-0.0167443584650754,52.83343505859375,102.4833374023438,17.28109741210938
34406,0.0099029541015625,0.9904327392578124,0.0276031494140625,0.0345300137996673,0.0232272911816835,-0.0167443584650754,52.83343505859375,102.4833374023438,17.28109741210938
34407,0.0142669677734375,0.9959259033203124,0.0303497314453125,0.0257218740880489,0.0148045122623443,-0.0140993073582649,52.70254516601562,102.4678497314453,17.43824768066406
34408,0.0142669677734375,0.9959259033203124,0.0303497314453125,0.0257218740880489,0.0148045122623443,-0.0140993073582649,52.70254516601562,102.4678497314453,17.43824768066406
34409,0.0137176513671875,0.99932861328125,0.0240325927734375,0.0267682317644357,0.0179174821823835,-0.0127152623608708,52.76603698730469,102.4761962890625,17.44221496582031
34410,0.012481689453125,1.001632690429688,0.020294189453125,0.0403066761791706,0.0234973356127739,-0.0110782170668244,52.79301452636719,102.5096130371094,17.34452819824219
34411,0.012054443359375,0.999481201171875,0.0177459716796875,0.0645118802785873,0.0380669571459293,-0.0057119480334222,52.77323913574219,102.6247711181641,17.31727600097656
34412,0.012054443359375,0.999481201171875,0.0177459716796875,0.0645118802785873,0.0380669571459293,-0.0057119480334222,52.77323913574219,102.6247711181641,17.31727600097656
34413,0.0118255615234375,0.99578857421875,0.0177154541015625,0.0636330395936965,0.0338527709245681,-8.229167724493891e-05,52.72377014160156,102.5159912109375,17.4129638671875
34414,0.01123046875,0.9897308349609376,0.0181884765625,0.053196907043457,0.0254755318164825,-0.002568885218352,52.68460083007812,102.4040069580078,17.66519165039062
34415,0.0114593505859375,0.98516845703125,0.0243072509765625,0.0147022474557161,0.0001866875973064,-0.004562793765217,52.567138671875,102.5494384765625,17.47047424316406
34416,0.0114593505859375,0.98516845703125,0.0243072509765625,0.0147022474557161,0.0001866875973064,-0.004562793765217,52.567138671875,102.5494384765625,17.47047424316406
34417,0.009429931640625,0.9935150146484376,0.0202178955078125,0.0083404881879687,0.0071971928700804,-0.004555869847536,52.51959228515625,102.6267547607422,17.44784545898438
34418,0.0088653564453125,0.9981689453125,0.0158538818359375,0.010513094253838,0.0082757733762264,-0.007243531756103,52.49742126464844,102.6118774414062,17.44200134277344
34419,0.011688232421875,0.9973602294921876,0.015533447265625,0.0132974293082952,0.0071926652453839,-0.0119381519034504,52.54299926757812,102.6276550292969,17.36329650878906
34420,0.011688232421875,0.9973602294921876,0.015533447265625,0.0132974293082952,0.0071926652453839,-0.0119381519034504,52.54299926757812,102.6276550292969,17.36329650878906
34421,0.014007568359375,0.9964752197265624,0.0201873779296875,0.0125530762597918,0.0002836266648955,-0.0089077409356832,52.4730224609375,102.6769866943359,17.47488403320312
34422,0.0150299072265625,0.997711181640625,0.02374267578125,0.0110758207738399,0.0048307077959179,-0.0079537965357303,52.48031616210938,102.4960632324219,17.49830627441406
34423,0.0100250244140625,1.001266479492188,0.0187225341796875,0.0291701350361108,0.0113272229209542,-0.0004631237243302,52.52078247070312,102.5608215332031,17.399658203125
34424,0.0100250244140625,1.001266479492188,0.0187225341796875,0.0291701350361108,0.0113272229209542,-0.0004631237243302,52.52078247070312,102.5608215332031,17.399658203125
34425,0.007537841796875,1.002166748046875,0.017822265625,0.0377295352518558,0.0109256180003285,0.0023228090722113,52.50277709960938,102.6510162353516,17.42044067382812
34426,0.006195068359375,1.00262451171875,0.0199127197265625,0.0400225184857845,0.0100358566269278,-0.0016101471846923,52.48713684082031,102.6134338378906,17.45698547363281
34427,0.0093994140625,1.001571655273438,0.0207977294921875,0.0363561436533927,1.917476038215682e-05,-0.0076264943927526,52.54107666015625,102.7041473388672,17.259521484375
34428,0.0093994140625,1.001571655273438,0.0207977294921875,0.0363561436533927,1.917476038215682e-05,-0.0076264943927526,52.54107666015625,102.7041473388672,17.259521484375
34429,0.0106353759765625,1.0006103515625,0.01824951171875,0.0388967990875244,0.0058038267306983,-0.0128889009356498,52.51153564453125,102.6530151367188,17.4188232421875
34430,0.0096893310546875,1.000946044921875,0.011871337890625,0.0443189963698387,0.0070595075376331,-0.0133949015289545,52.51368713378906,102.4979248046875,17.42933654785156
34431,0.0101318359375,0.9954986572265624,0.0092620849609375,0.0503007210791111,0.0121927503496408,-0.017158480361104,52.64044189453125,102.5054779052734,17.20884704589844
34432,0.0101318359375,0.9954986572265624,0.0092620849609375,0.0503007210791111,0.0121927503496408,-0.017158480361104,52.64044189453125,102.5054779052734,17.20884704589844
34433,0.0079803466796875,0.993072509765625,0.0150146484375,0.0473941452801227,0.010777280665934,-0.0136178079992532,52.61051940917969,102.5078887939453,17.29515075683594
34434,0.008697509765625,0.9932861328125,0.0172882080078125,0.0408848486840724,0.0101058976724743,-0.0158545970916748,52.6365966796875,102.4784240722656,17.41836547851562
34435,0.00823974609375,0.9951171875,0.0126495361328125,0.0281783752143383,0.002356098499149,-0.01481410022825,52.55612182617188,102.6337127685547,17.23539733886719
34436,0.00823974609375,0.9951171875,0.0126495361328125,0.0281783752143383,0.002356098499149,-0.01481410022825,52.55612182617188,102.6337127685547,17.23539733886719
34437,0.008026123046875,0.994049072265625,0.010406494140625,0.0281783752143383,0.002356098499149,-0.01481410022825,52.56884765625,102.4542846679688,17.23643493652344
34438,0.0081024169921875,0.9925537109375,0.0193634033203125,0.0165486168116331,1.171790881926427e-05,-0.0146119659766554,52.60980224609375,102.5401763916016,17.11099243164062
34439,0.0107421875,0.9916839599609376,0.0222625732421875,-0.011126953177154,-0.0017736653098836,-0.0053614759817719,52.53189086914062,102.5628967285156,17.11796569824219
34440,0.0107421875,0.9916839599609376,0.0222625732421875,-0.011126953177154,-0.0017736653098836,-0.0053614759817719,52.53189086914062,102.5628967285156,17.11796569824219
34441,0.009307861328125,0.9980926513671876,0.0221099853515625,-0.011126953177154,-0.0017736653098836,-0.0053614759817719,52.55648803710938,102.6510620117188,17.157958984375
34442,0.007659912109375,0.9984130859375,0.0157623291015625,-0.0122529380023479,-0.0012386362068355,-0.0017763284267857,52.61070251464844,102.5888671875,17.25975036621094
34443,0.0078887939453125,0.99468994140625,0.0155181884765625,-0.0237561948597431,-0.0152828162536025,-0.0017728663515299,52.59066772460938,102.4173278808594,17.51725769042969
34444,0.0079498291015625,0.9907379150390624,0.0171356201171875,-0.0237561948597431,-0.0152828162536025,-0.0017728663515299,52.61175537109375,102.2828063964844,17.54852294921875
34445,0.00927734375,0.98931884765625,0.020416259765625,-0.0452596247196197,-0.0260513070970773,-0.0054229949600994,52.59127807617188,102.3983764648438,17.45829772949219
34446,0.0103302001953125,0.9916229248046876,0.0212249755859375,-0.0610154159367084,-0.0350434705615043,-0.0137198064476251,52.69598388671875,102.4224548339844,17.54421997070312
34447,0.0104827880859375,0.99383544921875,0.0192108154296875,-0.067343883216381,-0.0342834033071994,-0.0175422411412,52.67848205566406,102.4942779541016,17.4407958984375
34448,0.0101470947265625,0.9954833984375,0.0149383544921875,-0.0438947528600692,-0.0191175024956464,-0.0250094793736934,52.68902587890625,102.4321136474609,17.25947570800781
34449,0.01068115234375,0.9962158203125,0.01739501953125,-0.0438947528600692,-0.0191175024956464,-0.0250094793736934,52.66917419433594,102.3527679443359,17.25965881347656
34450,0.0081024169921875,0.9974517822265624,0.0124359130859375,-0.0198482722043991,-0.003810450900346,-0.0240693837404251,52.58567810058594,102.4080505371094,17.32687377929688
34451,0.0043487548828125,1.007980346679688,0.0208587646484375,0.0220038350671529,0.0125131290405988,-0.0149999884888529,52.55963134765625,102.4774475097656,17.37168884277344
34452,0.0020599365234375,1.006805419921875,0.0208587646484375,0.0220038350671529,0.0125131290405988,-0.0149999884888529,52.44538879394531,102.5176239013672,17.44136047363281
34453,0.0020599365234375,1.006805419921875,0.0208587646484375,0.0220038350671529,0.0125131290405988,-0.0149999884888529,52.44538879394531,102.5176239013672,17.44136047363281
34454,0.0004730224609375,1.006256103515625,0.022552490234375,0.0289443004876375,0.0169078763574361,-0.0106403939425945,52.56208801269531,102.453857421875,17.469482421875
34455,0.0058135986328125,1.001785278320312,0.0215911865234375,0.0326341092586517,0.0169845763593912,-0.0064464476890861,52.52499389648438,102.4670257568359,17.22860717773438
34456,0.0058135986328125,1.001785278320312,0.0215911865234375,0.0326341092586517,0.0169845763593912,-0.0064464476890861,52.52499389648438,102.4670257568359,17.22860717773438
34457,0.007537841796875,1.000625610351562,0.0196990966796875,0.0456670857965946,0.027943218126893,-0.00576281407848,52.45773315429688,102.4984283447266,17.22689819335938
34458,0.0093536376953125,1.000167846679688,0.0160980224609375,0.0566731318831443,0.0276574604213237,-0.0069673620164394,52.468994140625,102.4668426513672,17.1746826171875
34459,0.0105438232421875,0.999908447265625,0.0156402587890625,0.072108544409275,0.028211398050189,-0.0055444352328777,52.44477844238281,102.5434265136719,17.22138977050781
34460,0.0105438232421875,0.999908447265625,0.0156402587890625,0.072108544409275,0.028211398050189,-0.0055444352328777,52.44477844238281,102.5434265136719,17.22138977050781
34461,0.0102691650390625,0.9986419677734376,0.0197906494140625,0.0716214552521705,0.0273922085762023,-0.0134263262152671,52.49371337890625,102.4759979248047,17.38687133789062
34462,0.0102691650390625,0.9986419677734376,0.0197906494140625,0.0716214552521705,0.0273922085762023,-0.0134263262152671,52.49371337890625,102.4759979248047,17.38687133789062
34463,0.0113677978515625,0.9974365234375,0.009124755859375,0.0748523995280265,0.031651135534048,-0.0162375587970018,52.35391235351562,102.66845703125,16.96446228027344
34464,0.0113677978515625,0.9974365234375,0.009124755859375,0.0748523995280265,0.031651135534048,-0.0162375587970018,52.35391235351562,102.66845703125,16.96446228027344
34465,0.0124359130859375,0.990386962890625,0.011962890625,0.0675196573138237,0.0233995988965034,-0.0151866758242249,52.42594909667969,102.7570037841797,16.95941162109375
34466,0.013946533203125,0.98126220703125,0.0154876708984375,0.0404424965381622,0.0025995115283876,-0.0165512803941965,52.38037109375,102.6682281494141,17.07142639160156
34467,0.0150146484375,0.9815673828125,0.0125579833984375,-0.0128148645162582,-0.0145935900509357,-0.012825783342123,52.35475158691406,102.76806640625,16.95578002929688
34468,0.0150146484375,0.9815673828125,0.0125579833984375,-0.0128148645162582,-0.0145935900509357,-0.012825783342123,52.35475158691406,102.76806640625,16.95578002929688
34469,0.01397705078125,0.9809722900390624,0.0108184814453125,-0.0508717037737369,-0.0427346788346767,-0.0153738958761096,52.34591674804688,102.7413635253906,16.93624877929688
34470,0.012786865234375,0.987213134765625,0.0201873779296875,-0.074939489364624,-0.0487997643649578,-0.0135898450389504,52.39205932617188,102.7852478027344,16.915283203125
34471,0.01483154296875,1.005538940429688,0.0312652587890625,0.0331124141812324,0.0254523623734712,-0.0008205199264921,52.38978576660156,102.628173828125,17.11769104003906
34472,0.01483154296875,1.005538940429688,0.0312652587890625,0.0331124141812324,0.0254523623734712,-0.0008205199264921,52.38978576660156,102.628173828125,17.11769104003906
34473,0.0062408447265625,1.026992797851562,0.0052947998046875,0.0331124141812324,0.0254523623734712,-0.0008205199264921,52.42335510253906,102.6271209716797,17.13491821289062
34474,0.001495361328125,1.022308349609375,0.003326416015625,0.0716270506381988,0.0405921675264835,0.0066890618763864,52.44552612304688,102.6249237060547,17.19194030761719
34475,0.002838134765625,0.9996185302734376,0.018524169921875,0.0371287278831005,-0.0318894907832145,-0.0081412829458713,52.37818908691406,102.5488586425781,17.23216247558594
34476,0.002838134765625,0.9996185302734376,0.018524169921875,0.0371287278831005,-0.0318894907832145,-0.0081412829458713,52.37818908691406,102.5488586425781,17.23216247558594
34477,0.0105133056640625,0.98095703125,0.010955810546875,0.0371287278831005,-0.0318894907832145,-0.0081412829458713,52.31753540039062,102.6499938964844,17.27348327636719
34478,0.0114898681640625,1.001800537109375,0.0754852294921875,0.1012709587812424,0.0916678681969642,-0.0175465028733015,52.43406677246094,102.6455230712891,17.44075012207031
34479,0.0073089599609375,1.011306762695312,-0.031005859375,0.1189175993204117,0.0510320253670215,-0.0242281071841716,52.26617431640625,102.5386047363281,17.13760375976562
34480,0.0073089599609375,1.011306762695312,-0.031005859375,0.1189175993204117,0.0510320253670215,-0.0242281071841716,52.26617431640625,102.5386047363281,17.13760375976562
34481,0.0110626220703125,0.9890594482421876,-0.0044708251953125,0.1275987029075623,0.0648050978779792,-0.0127794444561004,52.26481628417969,102.5939331054688,16.97964477539062
34482,0.0089263916015625,0.9599456787109376,-0.0271148681640625,0.0724963024258613,-0.0088768480345606,-0.000183758107596,52.19253540039062,102.5769958496094,16.97210693359375
34483,0.00994873046875,0.946136474609375,0.0152587890625,-0.019168633967638,-0.0769320651888847,-0.0048213866539299,52.22715759277344,102.5579681396484,16.85565185546875
34484,0.0078125,0.9560394287109376,0.0242919921875,-0.0711226463317871,-0.0774234160780906,-0.010495251044631,52.25222778320312,102.7013092041016,16.82005310058594
34485,0.0063934326171875,0.975067138671875,0.0047607421875,-0.094736099243164,-0.0949406251311302,-0.0112659698352217,52.27656555175781,102.6394195556641,16.79776000976562
34486,0.0136260986328125,0.9965667724609376,0.0150909423828125,-0.0367438979446888,-0.0405311807990074,-0.0117003321647644,52.2940673828125,102.6511840820312,16.89073181152344
34487,0.0022125244140625,1.0341796875,-0.0088958740234375,0.0931981205940246,0.0070214243605732,-0.0048932922072708,52.26239013671875,102.6318664550781,16.82815551757812
34488,0.0022125244140625,1.0341796875,-0.0088958740234375,0.0931981205940246,0.0070214243605732,-0.0048932922072708,52.26239013671875,102.6318664550781,16.82815551757812
34489,0.005645751953125,1.02490234375,0.019134521484375,0.1023029386997223,0.0158782992511987,0.0040333573706448,52.23179626464844,102.7522430419922,16.84236145019531
34490,0.0057373046875,1.011856079101562,0.023651123046875,0.0820618495345115,0.0012873720843344,-0.0014596786350011,52.36044311523438,102.7310180664062,16.89192199707031
34491,0.003173828125,1.004501342773438,0.026824951171875,0.0083258403465151,-0.0107581056654453,-0.0092195970937609,52.34480285644531,102.7903137207031,16.82115173339844
34492,0.003875732421875,0.9982147216796876,0.0026397705078125,0.0012010856298729,-0.0097498325631022,-0.0148670962080359,52.27423095703125,102.8034820556641,16.83505249023438
34493,0.003875732421875,0.9982147216796876,0.0026397705078125,0.0012010856298729,-0.0097498325631022,-0.0148670962080359,52.27423095703125,102.8034820556641,16.83505249023438
34494,0.005645751953125,0.989990234375,-0.005584716796875,-0.0174157414585351,-0.0402930937707424,-0.0170112084597349,52.24533081054688,102.7060852050781,16.85664367675781
34495,0.000946044921875,1.006820678710938,-0.019073486328125,0.0888867303729057,0.0462812110781669,0.0014543522847816,52.36102294921875,102.734619140625,16.88188171386719
34496,0.000946044921875,1.006820678710938,-0.019073486328125,0.0888867303729057,0.0462812110781669,0.0014543522847816,52.36102294921875,102.734619140625,16.88188171386719
34497,0.002960205078125,0.9958038330078124,-0.0026092529296875,0.0888867303729057,0.0462812110781669,0.0014543522847816,52.25382995605469,102.6743316650391,16.84022521972656
34498,0.0008697509765625,0.991546630859375,0.0011138916015625,0.0938348844647407,0.0513121895492076,0.0071841431781649,52.29893493652344,102.6368103027344,16.84098815917969
34499,0.0015869140625,0.9950103759765624,0.0015411376953125,0.0822645127773284,0.0177880525588989,-0.0027726169209927,52.23678588867188,102.7984161376953,16.73377990722656
34500,0.0015869140625,0.9950103759765624,0.0015411376953125,0.0822645127773284,0.0177880525588989,-0.0027726169209927,52.23678588867188,102.7984161376953,16.73377990722656
34501,0.0033416748046875,0.9956512451171876,-0.0079498291015625,0.0885711461305618,0.0074659055098891,-0.0072025191038846,52.24864196777344,102.9162902832031,16.66140747070312
34502,0.0028533935546875,0.991363525390625,-0.0061798095703125,0.087167389690876,0.0075609805062413,-0.0103969806805253,52.280029296875,102.8269958496094,16.74049377441406
34503,0.003997802734375,0.9876861572265624,0.00140380859375,0.0658519864082336,0.0042450786568224,-0.0224240832030773,52.17372131347656,102.8372802734375,16.46058654785156
34504,0.003997802734375,0.9876861572265624,0.00140380859375,0.0658519864082336,0.0042450786568224,-0.0224240832030773,52.17372131347656,102.8372802734375,16.46058654785156
34505,0.007476806640625,0.98785400390625,0.0016632080078125,0.0460782796144485,0.0060983723960816,-0.0314822904765605,52.20977783203125,102.8355865478516,16.30680847167969
34506,0.013092041015625,0.9893798828125,0.002716064453125,0.0410273261368274,0.0068182251416146,-0.0329337157309055,52.16342163085938,102.8704376220703,16.3660888671875
34507,0.010040283203125,0.9949188232421876,-0.0062408447265625,0.0640543475747108,0.0283211208879947,-0.0213455017656087,52.16964721679688,102.7509918212891,16.48759460449219
34508,0.010040283203125,0.9949188232421876,-0.0062408447265625,0.0640543475747108,0.0283211208879947,-0.0213455017656087,52.16964721679688,102.7509918212891,16.48759460449219
34509,0.005615234375,0.9951019287109376,-0.0034027099609375,0.0728955119848251,0.0236440766602754,-0.0150508545339107,52.2061767578125,102.7901611328125,16.57469177246094
34510,0.0017242431640625,0.9957733154296876,-7.62939453125e-05,0.0768167525529861,0.0236539300531148,-0.0149176968261599,52.22125244140625,102.7436981201172,16.744873046875
34511,-0.0032196044921875,0.9970550537109376,0.0119476318359375,0.0391833558678627,0.010661432519555,-0.0125386947765946,52.10948181152344,102.8235931396484,16.49343872070312
34512,-0.0032196044921875,0.9970550537109376,0.0119476318359375,0.0391833558678627,0.010661432519555,-0.0125386947765946,52.10948181152344,102.8235931396484,16.49343872070312
34513,-0.006500244140625,0.99432373046875,0.014434814453125,0.0068475198931992,-0.0008793757879175,-0.0085804387927055,52.16329956054688,103.0056304931641,16.31207275390625
34514,-0.0086517333984375,0.991241455078125,0.0069427490234375,-0.0259799342602491,-0.0079609872773289,-0.006901049055159,52.17005920410156,103.0005645751953,16.32208251953125
34515,-0.011962890625,0.9903106689453124,-0.00543212890625,-0.0613629594445228,-0.0233322195708751,-0.0126947565004229,52.05775451660156,102.9833374023438,16.15632629394531
34516,-0.011962890625,0.9903106689453124,-0.00543212890625,-0.0613629594445228,-0.0233322195708751,-0.0126947565004229,52.05775451660156,102.9833374023438,16.15632629394531
34517,-0.009307861328125,0.987457275390625,-0.01617431640625,-0.0613629594445228,-0.0233322195708751,-0.0126947565004229,52.17498779296875,103.0078125,16.20469665527344
34518,-0.003387451171875,0.9893798828125,-0.0040435791015625,-0.0647185444831848,-0.0204339027404785,-0.0167275816202163,52.26251220703125,102.9009399414062,16.26673889160156
34519,0.0091094970703125,0.9969024658203124,-0.0052642822265625,-0.0668775662779808,-0.0130012864246964,-0.0198520012199878,52.17451477050781,102.8446502685547,16.48692321777344
34520,0.0091094970703125,0.9969024658203124,-0.0052642822265625,-0.0668775662779808,-0.0130012864246964,-0.0198520012199878,52.17451477050781,102.8446502685547,16.48692321777344
34521,0.0129241943359375,0.9947662353515624,-0.0058746337890625,-0.0668775662779808,-0.0130012864246964,-0.0198520012199878,52.19618225097656,102.8957061767578,16.48973083496094
34522,0.0169677734375,0.989776611328125,-0.000244140625,-0.0792205184698104,-0.0340679548680782,-0.021230986341834,52.15859985351562,102.9477996826172,16.53045654296875
34523,0.0193023681640625,0.9898529052734376,0.0148773193359375,-0.0615104995667934,0.0036120454315096,-0.0099554285407066,52.16171264648438,102.8867950439453,16.56463623046875
34524,0.0114593505859375,0.9997100830078124,0.0044097900390625,-0.0615104995667934,0.0036120454315096,-0.0099554285407066,52.22196960449219,102.935791015625,16.64501953125
34525,0.00482177734375,1.005828857421875,0.002197265625,-0.0241812355816364,0.0186666287481784,-0.0027137610595673,52.26654052734375,102.9009399414062,16.6368408203125
34526,-0.003204345703125,1.012771606445312,0.0035247802734375,-0.0241812355816364,0.0186666287481784,-0.0027137610595673,52.2122802734375,102.891845703125,16.79183959960938
34527,-0.003509521484375,1.012664794921875,0.0223846435546875,-0.0158929470926523,-0.0023451796732842,-0.0283842366188764,52.1890869140625,102.8163757324219,16.71041870117188
34528,-0.003509521484375,1.012664794921875,0.0223846435546875,-0.0158929470926523,-0.0023451796732842,-0.0283842366188764,52.1890869140625,102.8163757324219,16.71041870117188
34529,-0.006988525390625,1.028579711914062,0.0172119140625,0.0506069846451282,0.065934807062149,-0.0236238371580839,52.15109252929688,102.9036712646484,16.74375915527344
34530,-0.006195068359375,1.0198974609375,-0.0140533447265625,0.0750023424625396,0.0463264845311641,-0.0236462075263261,52.20928955078125,102.92529296875,16.88641357421875
34531,-0.0029449462890625,0.9938201904296876,-0.005096435546875,0.0646799281239509,0.0199257712811231,-0.0120196444913744,52.14111328125,102.8975982666016,16.87704467773438
34532,-0.0029449462890625,0.9938201904296876,-0.005096435546875,0.0646799281239509,0.0199257712811231,-0.0120196444913744,52.14111328125,102.8975982666016,16.87704467773438
34533,-0.00067138671875,0.977874755859375,-0.0051422119140625,0.0646799281239509,0.0199257712811231,-0.0120196444913744,52.05288696289062,102.9529571533203,16.60493469238281
34534,0.0061492919921875,0.9627685546875,0.0053863525390625,-0.0018727348651736,-0.0261250771582126,-0.0124052707105875,52.04481506347656,102.9381866455078,16.57640075683594
34535,0.0059051513671875,0.9726715087890624,-0.001495361328125,-0.0711109265685081,-0.0380448549985885,-0.015687882900238,52.08717346191406,102.8291473388672,16.6197509765625
34536,0.0059051513671875,0.9726715087890624,-0.001495361328125,-0.0711109265685081,-0.0380448549985885,-0.015687882900238,52.08717346191406,102.8291473388672,16.6197509765625
34537,0.005157470703125,0.9815826416015624,-0.0146026611328125,-0.0708539336919784,-0.0303049087524414,-0.0180644877254962,52.07518005371094,102.8962554931641,16.54086303710938
34538,0.007598876953125,0.9882354736328124,-0.01910400390625,-0.0458519086241722,-0.0187060441821813,-0.0057500312104821,52.05201721191406,102.8970642089844,16.58535766601562
34539,0.0105438232421875,0.9930572509765624,-0.0055389404296875,-0.0261951182037591,0.0053678676486015,-0.0140351252630353,51.99937438964844,102.8628845214844,16.77444458007812
34540,0.0163421630859375,0.9972991943359376,0.0100555419921875,-0.0046775760129094,0.0237125195562839,-0.0171715300530195,52.06526184082031,102.7578582763672,16.75112915039062
34541,0.0103759765625,1.012603759765625,0.0150604248046875,-0.0046775760129094,0.0237125195562839,-0.0171715300530195,52.0150146484375,102.7870788574219,16.95294189453125
34542,-0.0036163330078125,1.028411865234375,0.0153656005859375,-0.0001315601548412,0.0293451063334941,-0.0044754422269761,52.06301879882812,102.7114868164062,17.19712829589844
34543,-0.002655029296875,1.017959594726562,0.011810302734375,-0.030165359377861,0.0099562276154756,-0.0098989699035882,52.12303161621094,102.4968109130859,17.3231201171875
34544,-0.00128173828125,1.006484985351562,0.0179595947265625,-0.030165359377861,0.0099562276154756,-0.0098989699035882,52.1834716796875,102.4788970947266,17.47445678710938
34545,-0.001739501953125,1.0013427734375,0.01556396484375,-0.0468788258731365,-0.0019630161114037,-0.0112244253978133,52.02011108398438,102.4376678466797,17.39370727539062
34546,-0.000152587890625,0.995513916015625,0.01031494140625,-0.0468788258731365,-0.0019630161114037,-0.0112244253978133,52.03541564941406,102.4331512451172,17.14039611816406
34547,-0.0052032470703125,1.0205078125,0.0254058837890625,0.0255767330527305,0.0706065222620964,-0.0083045354112982,52.06715393066406,102.5153503417969,17.05561828613281
34548,-0.0052032470703125,1.0205078125,0.0254058837890625,0.0255767330527305,0.0706065222620964,-0.0083045354112982,52.06715393066406,102.5153503417969,17.05561828613281
34549,-0.0036468505859375,1.015167236328125,-0.028472900390625,0.069552443921566,0.0582659691572189,-0.0076669743284583,52.10069274902344,102.6901245117188,17.10087585449219
34550,-0.0001678466796875,1.00299072265625,-0.0011749267578125,0.0858411416411399,0.061609037220478,-0.0045468150638043,52.04368591308594,102.6731262207031,16.97950744628906
34551,0.001708984375,0.986724853515625,-0.0084381103515625,0.0931182280182838,0.0387340784072876,-0.0126697225496172,52.00946044921875,102.6495513916016,16.86970520019531
34552,0.001708984375,0.986724853515625,-0.0084381103515625,0.0931182280182838,0.0387340784072876,-0.0126697225496172,52.00946044921875,102.6495513916016,16.86970520019531
34553,0.0040435791015625,0.9871063232421876,0.003387451171875,0.0783163756132125,0.0306729581207037,-0.0177148152142763,52.026123046875,102.7119445800781,16.76921081542969
34554,0.0037841796875,0.987823486328125,-0.001861572265625,0.0678171291947364,0.0213601496070623,-0.0198328271508216,51.94918823242188,102.6790466308594,16.76806640625
34555,0.005889892578125,0.9838409423828124,-0.0020904541015625,0.0057095508091151,0.0060818609781563,-0.0124619957059621,51.91964721679688,102.7350311279297,16.59580993652344
34556,0.005889892578125,0.9838409423828124,-0.0020904541015625,0.0057095508091151,0.0060818609781563,-0.0124619957059621,51.91964721679688,102.7350311279297,16.59580993652344
34557,0.0060882568359375,0.98150634765625,0.0090179443359375,0.0057095508091151,0.0060818609781563,-0.0124619957059621,51.98381042480469,102.6783905029297,16.53376770019531
34558,0.006256103515625,0.9814453125,0.00885009765625,-0.0115091167390346,0.0071892035193741,-0.0120928818359971,52.01205444335938,102.7098846435547,16.58625793457031
34559,0.0088958740234375,0.9897918701171876,0.0147857666015625,-0.0441011488437652,0.0079375514760613,0.0005470133037306,51.8603515625,102.8964080810547,16.55975341796875
34560,0.0088958740234375,0.9897918701171876,0.0147857666015625,-0.0441011488437652,0.0079375514760613,0.0005470133037306,51.8603515625,102.8964080810547,16.55975341796875
34561,0.0090789794921875,0.990753173828125,0.013336181640625,-0.0614100992679595,0.0035103126429021,0.0040264334529638,51.87229919433594,102.839111328125,16.567626953125
34562,0.0079193115234375,0.993194580078125,0.0165863037109375,-0.0699886754155159,0.0033143039327114,0.0114723648875951,52.01109313964844,102.8211669921875,16.6063232421875
34563,-0.0003509521484375,0.999053955078125,0.009185791015625,-0.0836086124181747,-0.0017845842521637,0.016251940280199,52.00057983398438,102.7070159912109,16.62129211425781
34564,-0.0003509521484375,0.999053955078125,0.009185791015625,-0.0836086124181747,-0.0017845842521637,0.016251940280199,52.00057983398438,102.7070159912109,16.62129211425781
34565,-0.004730224609375,1.000289916992188,0.001708984375,-0.0769597589969635,-0.0023936491925269,0.0158692449331283,52.00038146972656,102.7352294921875,16.70707702636719
34566,-0.0055999755859375,1.001220703125,0.0009765625,-0.082347072660923,-0.0158000010997057,0.0071492558345198,52.02558898925781,102.8001251220703,16.87110900878906
34567,-0.0023193359375,1.003997802734375,-0.00042724609375,-0.03510632365942,0.0145477838814258,0.0025156219489872,51.97331237792969,102.7489013671875,16.8773193359375
34568,-0.0023193359375,1.003997802734375,-0.00042724609375,-0.03510632365942,0.0145477838814258,0.0025156219489872,51.97331237792969,102.7489013671875,16.8773193359375
34569,0.0001983642578125,1.008651733398438,-0.00054931640625,-0.0094377100467681,0.0244491510093212,-0.0047686561010777,51.99247741699219,102.6858673095703,16.85797119140625
34570,0.0019073486328125,1.008773803710938,-0.00018310546875,0.0123224463313818,0.0325060114264488,-0.004489823244512,51.99830627441406,102.7228546142578,16.82536315917969
34571,0.007171630859375,0.998779296875,0.0048065185546875,0.0188040472567081,0.0233300905674696,-0.0106188217177987,51.96890258789062,102.7333221435547,16.83500671386719
34572,0.007171630859375,0.998779296875,0.0048065185546875,0.0188040472567081,0.0233300905674696,-0.0106188217177987,51.96890258789062,102.7333221435547,16.83500671386719
34573,0.0080413818359375,0.99432373046875,-0.008941650390625,0.0116430735215544,0.0019254654180258,-0.008266451768577,51.97216796875,102.5874328613281,17.16917419433594
34574,0.012420654296875,0.9827117919921876,-0.0032806396484375,-0.0181031040847301,-0.022056033834815,-0.0081894863396883,51.98599243164062,102.6446990966797,17.26959228515625
34575,0.0186920166015625,0.9648284912109376,0.00323486328125,-0.1086766794323921,-0.0561405010521411,-0.0182607620954513,52.03581237792969,102.6889038085938,16.76852416992188
34576,0.0186920166015625,0.9648284912109376,0.00323486328125,-0.1086766794323921,-0.0561405010521411,-0.0182607620954513,52.03581237792969,102.6889038085938,16.76852416992188
34577,0.0225677490234375,0.959503173828125,0.00830078125,-0.1086766794323921,-0.0561405010521411,-0.0182607620954513,51.96075439453125,102.7903442382812,16.82109069824219
34578,0.0236053466796875,0.959259033203125,0.0218353271484375,-0.1345636695623398,-0.0613512434065341,-0.0155030591413378,52.02059936523438,102.6448211669922,16.92230224609375
34579,0.0108642578125,0.9778289794921876,0.012359619140625,-0.1641418039798737,-0.0687042325735092,0.0220371261239051,52.00759887695312,102.6372680664062,17.05012512207031
34580,0.0108642578125,0.9778289794921876,0.012359619140625,-0.1641418039798737,-0.0687042325735092,0.0220371261239051,52.00759887695312,102.6372680664062,17.05012512207031
34581,0.007293701171875,0.982940673828125,0.0166168212890625,-0.1817037463188171,-0.0821076557040214,0.0469808243215084,52.02085876464844,102.6893005371094,17.0224609375
34582,0.0120086669921875,0.9739990234375,0.0166473388671875,-0.2028761506080627,-0.0982205793261528,0.0615666918456554,52.00852966308594,102.6827850341797,17.08042907714844
34583,0.0144195556640625,0.9777984619140624,0.0294952392578125,-0.2403321713209152,-0.1247041150927544,0.0696150287985801,52.20571899414062,102.4486389160156,17.25263977050781
34584,0.0144195556640625,0.9777984619140624,0.0294952392578125,-0.2403321713209152,-0.1247041150927544,0.0696150287985801,52.20571899414062,102.4486389160156,17.25263977050781
34585,0.0136566162109375,0.9853515625,0.0310211181640625,-0.2424142360687256,-0.1199218779802322,0.0750015377998352,52.21499633789062,102.4472045898438,17.41583251953125
34586,0.016021728515625,0.9868927001953124,0.019134521484375,-0.2380876690149307,-0.1127087026834488,0.0889027044177055,52.24209594726562,102.3419647216797,17.62858581542969
34587,0.0156707763671875,0.950958251953125,0.009246826171875,-0.2595793604850769,-0.1157660111784935,0.0794775113463401,52.325439453125,102.2723236083984,17.853759765625
34588,0.0156707763671875,0.950958251953125,0.009246826171875,-0.2595793604850769,-0.1157660111784935,0.0794775113463401,52.325439453125,102.2723236083984,17.853759765625
34589,0.0139007568359375,0.937957763671875,0.018096923828125,-0.2927687466144562,-0.1365016549825668,0.0640985593199729,52.45243835449219,102.2697143554688,18.00189208984375
34590,0.0129852294921875,0.9355926513671876,0.0322418212890625,-0.3328472077846527,-0.167347177863121,0.0514828972518444,52.62983703613281,102.1978759765625,18.07460021972656
34591,0.0063629150390625,0.9589385986328124,0.044708251953125,-0.4363088607788086,-0.2329794615507126,0.0299065001308918,52.70620727539062,101.9957733154297,18.31208801269531
34592,0.0063629150390625,0.9589385986328124,0.044708251953125,-0.4363088607788086,-0.2329794615507126,0.0299065001308918,52.70620727539062,101.9957733154297,18.31208801269531
34593,0.0031585693359375,0.986053466796875,0.0588836669921875,-0.4363088607788086,-0.2329794615507126,0.0299065001308918,52.78701782226562,101.8502960205078,18.46591186523438
34594,-0.0045928955078125,1.048477172851562,0.0674591064453125,-0.3881325423717499,-0.2104829400777817,0.0410710051655769,52.86981201171875,101.9441680908203,19.02145385742188
34595,-0.00634765625,1.088226318359375,0.0676116943359375,-0.3244699537754059,-0.1719544529914856,0.0414196103811264,52.90975952148438,101.7848663330078,19.09745788574219
34596,-0.00634765625,1.088226318359375,0.0676116943359375,-0.3244699537754059,-0.1719544529914856,0.0414196103811264,52.90975952148438,101.7848663330078,19.09745788574219
34597,-0.001708984375,1.1043701171875,0.054229736328125,-0.2486542910337448,-0.1431315988302231,0.0441586710512638,53.03591918945312,101.5671234130859,19.3782958984375
34598,-0.0036773681640625,1.1075439453125,0.0546112060546875,-0.1747984439134598,-0.1197008341550827,0.0344415977597236,53.15306091308594,101.5786590576172,19.47216796875
34599,-0.000152587890625,1.075347900390625,0.0592803955078125,-0.023104254156351,-0.0752188563346862,0.0183284077793359,53.18063354492188,101.4438018798828,19.52044677734375
34600,-0.000152587890625,1.075347900390625,0.0592803955078125,-0.023104254156351,-0.0752188563346862,0.0183284077793359,53.18063354492188,101.4438018798828,19.52044677734375
34601,0.00128173828125,1.029067993164062,0.0631103515625,0.0350410751998424,-0.0573027059435844,0.0094600804150104,53.25534057617188,101.4102325439453,19.52616882324219
34602,0.0018463134765625,0.980438232421875,0.0891571044921875,0.0545396730303764,-0.0576116293668746,0.000429834210081,53.25602722167969,101.5622711181641,19.567138671875
34603,0.0029754638671875,0.981475830078125,0.091217041015625,-0.0011385013349354,-0.0616239495575428,-0.0041063278913497,53.24224853515625,101.5563812255859,19.69192504882812
34604,0.0029754638671875,0.981475830078125,0.091217041015625,-0.0011385013349354,-0.0616239495575428,-0.0041063278913497,53.24224853515625,101.5563812255859,19.69192504882812
34605,0.0025482177734375,0.9849853515625,0.0963134765625,-0.0080954767763614,-0.0467387437820434,-0.0027507790364325,53.33906555175781,101.5540313720703,19.76020812988281
34606,0.0035858154296875,0.9897003173828124,0.0855712890625,-0.0080954767763614,-0.0467387437820434,-0.0027507790364325,53.37353515625,101.5383911132812,19.83175659179688
34607,0.0076446533203125,0.97406005859375,0.073974609375,-0.0102313319221139,-0.0588361509144306,0.000557665945962,53.32858276367188,101.4739990234375,19.63578796386719
34608,0.0076446533203125,0.97406005859375,0.073974609375,-0.0102313319221139,-0.0588361509144306,0.000557665945962,53.32858276367188,101.4739990234375,19.63578796386719
34609,0.0122528076171875,0.979095458984375,0.08642578125,-0.0091399690136313,-0.0402805767953395,0.0074672373011708,53.34330749511719,101.4868927001953,19.61717224121094
34610,0.01470947265625,0.996826171875,0.084014892578125,-0.0018538264557719,-0.0201295036822557,0.0153059856966137,53.38314819335938,101.3635101318359,19.65617370605469
34611,0.011260986328125,1.00994873046875,0.0804443359375,0.023803599178791,0.0115157747641205,0.0344839394092559,53.43202209472656,101.4629058837891,19.65394592285156
34612,0.007293701171875,1.01055908203125,0.0755767822265625,0.023803599178791,0.0115157747641205,0.0344839394092559,53.45230102539062,101.3676910400391,19.70602416992188
34613,0.00396728515625,1.01019287109375,0.0732879638671875,0.0210546851158142,0.0069236862473189,0.0297264698892831,53.45083618164062,101.3993072509766,19.69613647460938
34614,0.00396728515625,1.01019287109375,0.0732879638671875,0.0210546851158142,0.0069236862473189,0.0297264698892831,53.45083618164062,101.3993072509766,19.69613647460938
34615,0.011260986328125,0.994720458984375,0.0690765380859375,0.0221170205622911,-0.0163712501525878,0.028106203302741,53.43794250488281,101.3824920654297,19.48976135253906
34616,0.011260986328125,0.994720458984375,0.0690765380859375,0.0221170205622911,-0.0163712501525878,0.028106203302741,53.43794250488281,101.3824920654297,19.48976135253906
34617,0.01824951171875,0.9843902587890624,0.0594940185546875,0.0076411417685449,-0.0436183176934719,0.028511269018054,53.49282836914062,101.3569488525391,19.61634826660156
34618,0.0236663818359375,0.98858642578125,0.07818603515625,0.0123823676258325,-0.0438947528600692,0.027255855500698,53.51722717285156,101.3648376464844,19.71511840820312
34619,0.030426025390625,0.99176025390625,0.059906005859375,0.0382752157747745,-0.0700419321656227,0.0299360603094101,53.48960876464844,101.4734649658203,19.61277770996094
34620,0.030426025390625,0.99176025390625,0.059906005859375,0.0382752157747745,-0.0700419321656227,0.0299360603094101,53.48960876464844,101.4734649658203,19.61277770996094
34621,0.0311279296875,0.9881134033203124,0.07403564453125,0.0377529710531234,-0.0719101428985595,0.0269317496567964,53.5382080078125,101.5115966796875,19.55085754394531
34622,0.030548095703125,0.9849090576171876,0.069671630859375,0.0293131470680236,-0.0841396450996398,0.0247570108622312,53.55995178222656,101.4956817626953,19.69105529785156
34623,0.0298004150390625,0.982513427734375,0.0728759765625,0.0088906968012452,-0.0866371542215347,0.0230469964444637,53.5191650390625,101.4791564941406,19.6781005859375
34624,0.02960205078125,0.9863433837890624,0.07830810546875,0.0088906968012452,-0.0866371542215347,0.0230469964444637,53.57698059082031,101.4738464355469,19.50228881835938
34625,0.026702880859375,0.99072265625,0.0739898681640625,0.0088267810642719,-0.0990456268191337,0.0209638718515634,53.69172668457031,101.4743041992188,19.42544555664062
34626,0.0229949951171875,0.995819091796875,0.075408935546875,0.0118651818484067,-0.1067307069897652,0.0221084970980882,53.73411560058594,101.4979858398438,19.45869445800781
34627,0.0206298828125,1.000473022460938,0.080718994140625,0.028087293729186,-0.1432541012763977,0.0190711636096239,53.71807861328125,101.4385833740234,19.62028503417969
34628,0.0206298828125,1.000473022460938,0.080718994140625,0.028087293729186,-0.1432541012763977,0.0190711636096239,53.71807861328125,101.4385833740234,19.62028503417969
34629,0.0201416015625,0.998016357421875,0.0851898193359375,0.028087293729186,-0.1432541012763977,0.0190711636096239,53.72279357910156,101.4188079833984,19.64541625976562
34630,0.0203399658203125,0.9960479736328124,0.0809326171875,0.0325869731605052,-0.1545379161834717,0.0168671309947967,53.72190856933594,101.4450988769531,19.61441040039062
34631,0.0199737548828125,0.990478515625,0.0723419189453125,0.0271714329719543,-0.1755891293287277,0.014977884478867,53.68011474609375,101.5138092041016,19.66142272949219
34632,0.0199737548828125,0.990478515625,0.0723419189453125,0.0271714329719543,-0.1755891293287277,0.014977884478867,53.68011474609375,101.5138092041016,19.66142272949219
34633,0.021331787109375,0.989959716796875,0.063720703125,0.0229026526212692,-0.17840676009655,0.0090201264247298,53.74853515625,101.5403442382812,19.68278503417969
34634,0.0187835693359375,0.98834228515625,0.062530517578125,0.0266222897917032,-0.1763390749692917,0.0085024079307913,53.90188598632812,101.4963226318359,19.71443176269531
34635,0.016357421875,0.9891815185546876,0.05584716796875,0.0295432452112436,-0.1787934452295303,0.0049707903526723,53.93153381347656,101.5457916259766,19.67988586425781
34636,0.01409912109375,0.989105224609375,0.0584564208984375,0.0444052815437316,-0.1756256222724915,0.0090315779671072,53.96324157714844,101.5440673828125,19.63229370117188
34637,0.0080413818359375,0.991119384765625,0.06842041015625,0.046436209231615,-0.1764781028032303,0.0119123198091983,54.18269348144531,101.4422760009766,19.88450622558594
34638,0.0080413818359375,0.991119384765625,0.06842041015625,0.046436209231615,-0.1764781028032303,0.0119123198091983,54.18269348144531,101.4422760009766,19.88450622558594
34639,0.009918212890625,0.9940948486328124,0.068634033203125,0.0779509916901588,-0.1893094778060913,0.0018879148410633,54.28257751464844,101.3465881347656,20.02381896972656
34640,0.009918212890625,0.9940948486328124,0.068634033203125,0.0779509916901588,-0.1893094778060913,0.0018879148410633,54.28257751464844,101.3465881347656,20.02381896972656
34641,0.009918212890625,0.9940948486328124,0.068634033203125,0.0779509916901588,-0.1893094778060913,0.0018879148410633,54.28257751464844,101.3465881347656,20.02381896972656
34642,0.0139923095703125,0.9986724853515624,0.0670166015625,0.0735605061054229,-0.2004840970039368,0.0006450176006183,54.31437683105469,101.1855010986328,20.05458068847656
34643,0.020904541015625,0.9939117431640624,0.0697479248046875,0.0666834190487861,-0.2114962637424469,-0.0138380508869886,54.39578247070312,101.1880035400391,20.21612548828125
34644,0.01922607421875,0.9980010986328124,0.076812744140625,0.0947486162185668,-0.2083385586738586,-0.0107991183176636,54.52273559570312,101.3580322265625,20.15625
34645,0.010589599609375,1.009201049804688,0.0517120361328125,0.0947486162185668,-0.2083385586738586,-0.0107991183176636,54.50540161132812,101.412841796875,20.00405883789062
34646,0.0148773193359375,0.99554443359375,0.05572509765625,0.1157388463616371,-0.2170561552047729,-0.0162229128181934,54.64662170410156,101.3929443359375,19.92062377929688
34647,0.0042724609375,1.000930786132812,0.0494384765625,0.1276024281978607,-0.1772208511829376,-0.0256603565067052,54.48660278320312,101.5446929931641,19.59706115722656
34648,0.0042724609375,1.000930786132812,0.0494384765625,0.1276024281978607,-0.1772208511829376,-0.0256603565067052,54.48660278320312,101.5446929931641,19.59706115722656
34649,0.0029754638671875,0.988433837890625,0.046173095703125,0.1195559576153755,-0.1998017877340317,-0.0380326025187969,54.58572387695312,101.6441955566406,19.55859375
34650,0.0022735595703125,0.9853515625,0.0555877685546875,0.0946817696094512,-0.2104730755090714,-0.0438103303313255,54.66954040527344,101.7247314453125,19.45710754394531
34651,-0.00091552734375,0.9759063720703124,0.0581207275390625,0.0190732926130294,-0.2008707821369171,-0.0613238103687763,54.682373046875,101.7548675537109,19.30770874023438
34652,-0.00091552734375,0.9759063720703124,0.0581207275390625,0.0190732926130294,-0.2008707821369171,-0.0613238103687763,54.682373046875,101.7548675537109,19.30770874023438
34653,-0.00299072265625,0.9748382568359376,0.0661468505859375,0.0190732926130294,-0.2008707821369171,-0.0613238103687763,54.77091979980469,101.7954406738281,19.27284240722656
34654,-0.0011444091796875,0.976287841796875,0.0625,0.0015406386228278,-0.1969482153654099,-0.0612188838422298,54.83308410644531,101.7659606933594,19.28868103027344
34655,-9.1552734375e-05,0.986907958984375,0.0588836669921875,-0.0022626216523349,-0.1943537592887878,-0.0614170208573341,54.85958862304688,101.7519836425781,19.32521057128906
34656,0.0002899169921875,0.99896240234375,0.0560150146484375,0.0151123739778995,-0.1846092641353607,-0.0717175975441932,54.79911804199219,101.6714935302734,19.32574462890625
34657,0.0005950927734375,1.005722045898438,0.0518798828125,0.0283991508185863,-0.1822555512189865,-0.071677915751934,54.8829345703125,101.7534637451172,19.30291748046875
34658,0.0007781982421875,1.008468627929688,0.05255126953125,0.0405785851180553,-0.1771984845399857,-0.0714510157704353,54.9639892578125,101.7480316162109,19.38043212890625
34659,0.002105712890625,1.005264282226562,0.0534210205078125,0.0537820048630237,-0.1882852166891098,-0.0724243968725204,54.91407775878906,101.7884826660156,19.49409484863281
34660,0.002105712890625,1.005264282226562,0.0534210205078125,0.0537820048630237,-0.1882852166891098,-0.0724243968725204,54.91407775878906,101.7884826660156,19.49409484863281
34661,0.0018768310546875,0.993011474609375,0.058624267578125,0.0537820048630237,-0.1882852166891098,-0.0724243968725204,54.92584228515625,101.8328399658203,19.49418640136719
34662,0.004913330078125,0.9845428466796876,0.065399169921875,0.0313984043896198,-0.1959250271320343,-0.0850123614072799,54.88148498535156,101.8679962158203,19.60272216796875
34663,0.014434814453125,0.98492431640625,0.0679473876953125,0.0262877959758043,-0.2149626314640045,-0.0989002138376236,54.82192993164062,102.0110778808594,19.33901977539062
34664,0.014434814453125,0.98492431640625,0.0679473876953125,0.0262877959758043,-0.2149626314640045,-0.0989002138376236,54.82192993164062,102.0110778808594,19.33901977539062
34665,0.0173797607421875,0.98333740234375,0.07110595703125,0.0371705368161201,-0.2044048011302948,-0.0955736637115478,54.8397216796875,101.9544830322266,19.36210632324219
34666,0.0218658447265625,0.980224609375,0.0622406005859375,0.0530666783452034,-0.1997994035482407,-0.088318146765232,54.9072265625,101.9446868896484,19.29098510742188
34667,0.024261474609375,0.9801177978515624,0.05816650390625,0.0701545849442482,-0.1959972083568573,-0.086496278643608,54.9327392578125,101.90478515625,19.29360961914062
34668,0.0269927978515625,0.98468017578125,0.0566558837890625,0.0663902088999748,-0.2091556191444397,-0.0924271345138549,54.96101379394531,101.9743041992188,19.30131530761719
34669,0.0301055908203125,0.986114501953125,0.06158447265625,0.0594300366938114,-0.2092826515436172,-0.0903629213571548,55.0194091796875,101.9966735839844,19.256103515625
34670,0.02880859375,0.985382080078125,0.06207275390625,0.0288897044956684,-0.2296126931905746,-0.0933986529707908,55.02188110351562,101.8444976806641,19.37924194335938
34671,0.0259246826171875,0.97882080078125,0.062255859375,-0.0093223955482244,-0.240026444196701,-0.0915416330099105,55.00851440429688,101.8899536132812,19.3690185546875
34672,0.023651123046875,0.97314453125,0.0591583251953125,-0.0545151717960834,-0.258820652961731,-0.0933073088526725,54.99566650390625,101.9858703613281,19.15483093261719
34673,0.023223876953125,0.9694976806640624,0.065155029296875,-0.0877855122089386,-0.2674354314804077,-0.0993241891264915,55.04994201660156,102.0012054443359,18.96409606933594
34674,0.024261474609375,0.9696502685546876,0.0689849853515625,-0.0912774503231048,-0.2574163675308228,-0.1050819456577301,55.00425720214844,101.9695129394531,19.07015991210938
34675,0.0222930908203125,0.9715728759765624,0.06103515625,-0.0950729846954345,-0.2588547170162201,-0.1033642068505287,55.06942749023438,101.8401489257812,19.444091796875
34676,0.0225067138671875,0.9755706787109376,0.0666656494140625,-0.0969917923212051,-0.2621368169784546,-0.0986637249588966,55.07504272460938,101.8941802978516,19.49833679199219
34677,0.0280609130859375,0.979217529296875,0.0681304931640625,-0.0933134332299232,-0.2562048733234406,-0.0917158052325248,55.13652038574219,101.8585052490234,19.65599060058594
34678,0.0320892333984375,0.9810791015625,0.060577392578125,-0.0984176471829414,-0.2650106251239777,-0.083602488040924,55.12734985351562,101.7827453613281,19.88026428222656
34679,0.0471649169921875,0.9837493896484376,0.0637969970703125,-0.1070281788706779,-0.2905343472957611,-0.082298070192337,55.14677429199219,101.7349090576172,19.95957946777344
34680,0.0471649169921875,0.9837493896484376,0.0637969970703125,-0.1070281788706779,-0.2905343472957611,-0.082298070192337,55.14677429199219,101.7349090576172,19.95957946777344
34681,0.0518798828125,0.9872283935546876,0.0619659423828125,-0.0984932854771614,-0.2934984564781189,-0.0842839851975441,55.23042297363281,101.7737274169922,19.86824035644531
34682,0.0535125732421875,0.991302490234375,0.05828857421875,-0.0819587782025337,-0.2955725193023682,-0.0852472558617591,55.27447509765625,101.7339477539062,19.92221069335938
34683,0.0363311767578125,0.9998779296875,0.057342529296875,-0.0634085312485694,-0.2848445177078247,-0.0650892555713653,55.21563720703125,101.7724914550781,19.99690246582031
34684,0.0363311767578125,0.9998779296875,0.057342529296875,-0.0634085312485694,-0.2848445177078247,-0.0650892555713653,55.21563720703125,101.7724914550781,19.99690246582031
34685,0.024261474609375,1.004562377929688,0.05633544921875,-0.0634085312485694,-0.2848445177078247,-0.0650892555713653,55.35549926757812,101.6323547363281,20.09298706054688
34686,0.0155487060546875,1.007232666015625,0.0652923583984375,-0.0675537437200546,-0.2835105359554291,-0.0589264333248138,55.42318725585938,101.622802734375,20.35568237304688
34687,0.0105133056640625,1.012710571289062,0.0720367431640625,-0.0809427872300148,-0.2620885968208313,-0.0512208417057991,55.403564453125,101.6531829833984,20.34042358398438
34688,0.00762939453125,1.019760131835938,0.0711212158203125,-0.0809427872300148,-0.2620885968208313,-0.0512208417057991,55.4324951171875,101.7275848388672,20.25048828125
34689,0.0077972412109375,1.021774291992188,0.06353759765625,-0.0721000283956527,-0.2582608461380005,-0.0429842174053192,55.41490173339844,101.6782836914062,20.17839050292969
34690,0.00885009765625,1.019668579101562,0.0527191162109375,-0.0643219947814941,-0.2730642855167389,-0.0366674661636352,55.45138549804688,101.7134094238281,20.27813720703125
34691,0.0359649658203125,1.016952514648438,0.0568084716796875,-0.0365606732666492,-0.3094598352909088,-0.0289751924574375,55.44863891601562,101.6130218505859,20.32987976074219
34692,0.0359649658203125,1.016952514648438,0.0568084716796875,-0.0365606732666492,-0.3094598352909088,-0.0289751924574375,55.44863891601562,101.6130218505859,20.32987976074219
34693,0.0455322265625,1.013671875,0.0635833740234375,-0.0230741593986749,-0.314714252948761,-0.02861406840384,55.52967834472656,101.5199890136719,20.41514587402344
34694,0.0490264892578125,1.010528564453125,0.0662078857421875,-0.0102837961167097,-0.315197616815567,-0.0251104123890399,55.7203369140625,101.4283599853516,20.41862487792969
34695,0.0476837158203125,1.006607055664062,0.06451416015625,-0.00374600244686,-0.3174099028110504,-0.020583838224411,55.72952270507812,101.3379516601562,20.47183227539062
34696,0.041778564453125,1.003341674804688,0.0621490478515625,-0.0016820525052025,-0.3155606091022491,-0.0218062289059162,55.74838256835938,101.4142456054688,20.34628295898438
34697,0.033447265625,1.0006103515625,0.0601806640625,0.0001446096430299,-0.3134471476078033,-0.0211785212159156,55.82606506347656,101.5567169189453,20.39958190917969
34698,0.0248870849609375,1.00103759765625,0.05926513671875,0.0044757085852324,-0.3061671257019043,-0.0161866936832666,55.8040771484375,101.5664672851562,20.45393371582031
34699,0.0223388671875,1.002700805664062,0.06097412109375,0.0070848073810338,-0.3027295172214508,-0.0221061017364263,55.89958190917969,101.5780181884766,20.47471618652344
34700,0.022064208984375,1.0023193359375,0.061737060546875,0.0040213731117546,-0.3066475391387939,-0.0256531648337841,55.97297668457031,101.5143127441406,20.35198974609375
34701,0.0243377685546875,1.001724243164062,0.06390380859375,0.0040213731117546,-0.3066475391387939,-0.0256531648337841,56.09463500976562,101.5311431884766,20.381591796875
34702,0.029144287109375,0.998779296875,0.0650634765625,0.002805107505992,-0.313143789768219,-0.0230006575584411,56.16319274902344,101.4007263183594,20.61398315429688
34703,0.0379638671875,0.9953155517578124,0.0675506591796875,-0.0011387676931917,-0.3263618648052216,-0.0216983705759048,56.24143981933594,101.3827667236328,20.67326354980469
34704,0.043243408203125,0.98858642578125,0.069793701171875,-0.0022538332268595,-0.3381631374359131,-0.0175579544156789,56.29316711425781,101.4047546386719,20.61517333984375
34705,0.048583984375,0.9833221435546876,0.0695648193359375,0.0005246427026577,-0.350161999464035,-0.0151613755151629,56.36329650878906,101.4759979248047,20.53057861328125
34706,0.052764892578125,0.9807586669921876,0.0691986083984375,-0.003785949666053,-0.366526871919632,-0.0098883174359798,56.3616943359375,101.3727569580078,20.55622863769531
34707,0.0533294677734375,0.9808807373046876,0.0701446533203125,-0.0056459014303982,-0.3759632408618927,-0.0066493805497884,56.44068908691406,101.3466644287109,20.58541870117188
34708,0.05462646484375,0.98651123046875,0.06988525390625,0.0142284706234931,-0.3659473657608032,-0.0039020637050271,56.57609558105469,101.4549407958984,20.51947021484375
34709,0.0560760498046875,0.9938812255859376,0.0854339599609375,0.0142284706234931,-0.3659473657608032,-0.0039020637050271,56.614013671875,101.4177551269531,20.46481323242188
34710,0.056549072265625,0.9905548095703124,0.0678558349609375,0.0587147139012813,-0.3537175953388214,0.0012599414912983,56.77716064453125,101.3940582275391,20.48001098632812
34711,0.0608978271484375,0.9843292236328124,0.0717010498046875,-0.0110782170668244,-0.4606464505195618,-0.0013704627053812,56.95561218261719,101.3638305664062,20.49073791503906
34712,0.0608978271484375,0.9843292236328124,0.0717010498046875,-0.0110782170668244,-0.4606464505195618,-0.0013704627053812,56.95561218261719,101.3638305664062,20.49073791503906
34713,0.0677032470703125,0.98077392578125,0.0841522216796875,-0.0110782170668244,-0.4606464505195618,-0.0013704627053812,56.95529174804688,101.3755035400391,20.51365661621094
34714,0.072601318359375,0.9786224365234376,0.067230224609375,-0.0187859386205673,-0.5100201368331909,-0.0005134574603289,57.08407592773438,101.3883209228516,20.48623657226562
34715,0.07666015625,0.9777679443359376,0.0659637451171875,-0.0645984336733818,-0.5637602806091309,-0.0045678536407649,57.49661254882812,101.2763824462891,20.54034423828125
34716,0.07666015625,0.9777679443359376,0.0659637451171875,-0.0645984336733818,-0.5637602806091309,-0.0045678536407649,57.49661254882812,101.2763824462891,20.54034423828125
34717,0.0782928466796875,0.9773406982421876,0.070037841796875,-0.0498389303684234,-0.5615959763526917,-0.0058099520392715,57.55598449707031,101.2637329101562,20.47979736328125
34718,0.0775146484375,0.98004150390625,0.062347412109375,-0.0227162316441535,-0.5543423295021057,-0.0015797871164977,57.75662231445312,101.3014221191406,20.57936096191406
34719,0.0752716064453125,0.9819793701171876,0.0618743896484375,-0.006345513742417,-0.5576635599136353,0.0043766386806964,57.78300476074219,101.2242431640625,20.62872314453125
34720,0.0721435546875,0.985015869140625,0.069183349609375,-0.0040922132320702,-0.5604736804962158,0.0107293436303734,57.94294738769531,101.1312408447266,20.72348022460938
34721,0.069580078125,0.989776611328125,0.0710601806640625,-0.0137839894741773,-0.5654516816139221,0.0174343846738338,58.03976440429688,101.0821533203125,20.75503540039062
34722,0.056396484375,1.009780883789062,0.066314697265625,-0.0293629486113786,-0.5708547234535217,0.0043385555036365,58.3258056640625,101.1382141113281,20.71540832519531
34723,0.056396484375,1.009780883789062,0.066314697265625,-0.0293629486113786,-0.5708547234535217,0.0043385555036365,58.3258056640625,101.1382141113281,20.71540832519531
34724,0.050445556640625,1.018569946289062,0.0618896484375,-0.0293629486113786,-0.5708547234535217,0.0043385555036365,58.37553405761719,101.1983489990234,20.7037353515625
34725,0.046112060546875,1.025283813476562,0.0587310791015625,-0.0244113337248563,-0.5562635064125061,-0.0048778457567095,58.578369140625,101.1576843261719,20.70767211914062
34726,0.0397186279296875,1.032943725585938,0.0546875,-0.0158412810415029,-0.5483208894729614,-0.0083825653418898,58.61415100097656,101.1268157958984,20.89361572265625
34727,0.03533935546875,1.036163330078125,0.05560302734375,0.0026780748739838,-0.5428587794303894,-0.0137384487316012,58.7696533203125,101.1287841796875,20.81547546386719
34728,0.0294036865234375,1.035919189453125,0.0715789794921875,0.0206562764942646,-0.5244914889335632,-0.0088627338409423,58.95999145507812,101.0474700927734,20.77589416503906
34729,0.0341949462890625,1.027435302734375,0.0933990478515625,0.0857183635234832,-0.4568130970001221,-0.0193832851946353,58.97079467773438,101.1366882324219,20.74137878417969
34730,0.0434112548828125,1.02728271484375,0.0824737548828125,0.1714127659797668,-0.4070774912834167,-0.0313962735235691,59.09025573730469,101.1085052490234,20.86763000488281
34731,0.005828857421875,1.098037719726562,0.03472900390625,-0.1064201816916466,-0.5179017186164856,0.0129136675968766,59.35308837890625,101.1714630126953,20.77099609375
34732,0.005828857421875,1.098037719726562,0.03472900390625,-0.1064201816916466,-0.5179017186164856,0.0129136675968766,59.35308837890625,101.1714630126953,20.77099609375
34733,0.0220489501953125,1.03253173828125,0.0845947265625,-0.0723682045936584,-0.4965940415859222,0.0083042690530419,59.52610778808594,101.0993347167969,20.91105651855469
34734,0.021331787109375,1.01409912109375,0.085723876953125,0.03848347812891,-0.4247827231884003,-0.0133331157267093,59.64154052734375,101.0918121337891,21.00492858886719
34735,0.0233306884765625,1.003265380859375,0.082763671875,0.0960951074957847,-0.3638096451759338,-0.0237151831388473,59.65138244628906,101.1460723876953,20.91065979003906
34736,0.0302276611328125,0.990478515625,0.0966339111328125,0.1127832755446434,-0.3062246441841125,-0.0159033332020044,59.73741149902344,101.1942901611328,20.91232299804688
34737,0.042694091796875,0.9878997802734376,0.1025543212890625,0.0810455828905105,-0.2550551891326904,0.0038788940291851,59.82675170898438,101.2480163574219,20.7725830078125
34738,0.0506591796875,0.9915618896484376,0.10723876953125,0.0653656870126724,-0.225575864315033,0.0124556040391326,60.0194091796875,101.2245330810547,20.6083984375
34739,0.0530853271484375,0.9892730712890624,0.10394287109375,0.0489667430520057,-0.1859813183546066,0.0282239150255918,60.04414367675781,101.2306671142578,20.60101318359375
34740,0.0558929443359375,0.9890289306640624,0.10272216796875,0.0548877492547035,-0.1303739845752716,0.0544627085328102,60.15876770019531,101.1355133056641,20.73544311523438
34741,0.0558929443359375,0.9890289306640624,0.10272216796875,0.0548877492547035,-0.1303739845752716,0.0544627085328102,60.15876770019531,101.1355133056641,20.73544311523438
34742,0.058441162109375,0.9808197021484376,0.120941162109375,0.0548877492547035,-0.1303739845752716,0.0544627085328102,60.18403625488281,101.0740356445312,20.77694702148438
34743,0.061370849609375,0.9502105712890624,0.1482086181640625,0.1663831174373627,-0.0733735486865043,0.0490900464355945,60.18869018554688,101.1160888671875,20.82296752929688
34744,0.052215576171875,0.9640045166015624,0.097564697265625,0.1945471167564392,-0.0474122576415538,0.0537132956087589,60.23503112792969,101.0959930419922,20.6844482421875
34745,0.0694427490234375,0.96160888671875,0.1163787841796875,-0.1089805439114571,-0.0682051554322242,0.0958951041102409,60.37457275390625,101.1937255859375,20.321533203125
34746,0.0694427490234375,0.96160888671875,0.1163787841796875,-0.1089805439114571,-0.0682051554322242,0.0958951041102409,60.37457275390625,101.1937255859375,20.321533203125
34747,0.0567169189453125,0.9452362060546876,0.1301727294921875,-0.1012374013662338,-0.070856861770153,0.0946317017078399,60.32582092285156,101.1919555664062,20.26884460449219
34748,0.0637359619140625,0.929962158203125,0.1387481689453125,-0.0733533129096031,-0.0351159088313579,0.0965433195233345,60.45822143554688,101.0908508300781,20.18572998046875
34749,0.0669708251953125,0.9274139404296876,0.143646240234375,-0.063415989279747,0.0256230719387531,0.1013308838009834,60.5634765625,101.0900115966797,20.11648559570312
34750,0.0617523193359375,0.9306793212890624,0.15325927734375,-0.0662906095385551,0.0833002179861068,0.1077704057097435,60.52455139160156,101.0264587402344,20.18414306640625
34751,0.0618133544921875,0.9426116943359376,0.1526336669921875,-0.1017340868711472,0.0891663581132888,0.127484992146492,60.46774291992188,101.0315551757812,20.21821594238281
34752,0.0626983642578125,0.950042724609375,0.1565093994140625,-0.2249369770288467,0.0772356688976287,0.1673591732978821,60.61163330078125,100.9168548583984,20.14738464355469
34753,0.0663299560546875,0.9575653076171876,0.169830322265625,-0.2249369770288467,0.0772356688976287,0.1673591732978821,60.52055358886719,100.8523712158203,20.21180725097656
34754,0.0671844482421875,0.9716033935546876,0.162841796875,-0.2743591070175171,0.0218997057527303,0.1811892241239548,60.509521484375,100.7165374755859,20.27279663085938
34755,0.0673828125,0.974609375,0.198974609375,-0.3227471709251404,-0.0479211881756782,0.2182710766792297,60.51652526855469,100.6137390136719,20.35847473144531
34756,0.0673828125,0.974609375,0.198974609375,-0.3227471709251404,-0.0479211881756782,0.2182710766792297,60.51652526855469,100.6137390136719,20.35847473144531
34757,0.0978240966796875,0.9576416015625,0.31976318359375,-0.3196858465671539,0.0041582598350942,0.2867883443832397,60.73394775390625,100.4541931152344,20.50244140625
34758,0.1193695068359375,0.95867919921875,0.2087554931640625,-0.4622707068920135,-0.2112576514482498,0.300879955291748,60.89688110351562,100.2072448730469,20.72676086425781
34759,0.10858154296875,0.9171905517578124,0.34564208984375,-0.5869428515434265,-0.267485499382019,0.3462154567241669,61.04110717773438,100.1549072265625,20.93899536132812
34760,0.1456146240234375,0.916351318359375,0.3660736083984375,-0.6529713869094849,-0.0939240977168083,0.3684155642986298,61.12103271484375,100.0724182128906,21.0284423828125
34761,0.15362548828125,0.91680908203125,0.3495941162109375,-0.6529713869094849,-0.0939240977168083,0.3684155642986298,61.43101501464844,99.91502380371094,21.27169799804688
34762,0.15228271484375,0.91876220703125,0.329803466796875,-0.688815712928772,0.0408001616597175,0.3900087475776672,61.60786437988281,99.72575378417967,21.44581604003906
34763,0.1339263916015625,0.92877197265625,0.300323486328125,-0.7247039079666138,0.1776887625455856,0.4090828597545624,61.81765747070312,99.4438934326172,21.77192687988281
34764,0.0991363525390625,0.92730712890625,0.278656005859375,-0.7256650328636169,0.3504293859004974,0.4255715310573578,62.00439453125,99.21835327148438,22.14431762695312
34765,0.0131683349609375,0.9220428466796876,0.323974609375,-0.6042848229408264,0.5937120914459229,0.4287755787372589,62.3175048828125,98.92831420898438,22.9447021484375
34766,0.0131683349609375,0.9220428466796876,0.323974609375,-0.6042848229408264,0.5937120914459229,0.4287755787372589,62.3175048828125,98.92831420898438,22.9447021484375
34767,-0.013031005859375,0.9270172119140624,0.148529052734375,-0.7308640480041504,0.4145841300487518,0.3897256553173065,62.32113647460938,98.80218505859376,23.25982666015625
34768,-0.0245208740234375,0.9079742431640624,0.2640228271484375,-0.8426955342292786,0.3448474109172821,0.3838816285133362,62.32614135742188,98.67514038085938,23.5372314453125
34769,-0.028411865234375,0.8976593017578125,0.292694091796875,-0.879936933517456,0.4368678629398346,0.3804173767566681,62.43692016601562,98.43458557128906,23.83438110351562
34770,-0.017059326171875,0.8725433349609375,0.25604248046875,-0.8717767000198364,0.4729222655296326,0.3750172853469849,62.5184326171875,98.20295715332033,24.25642395019531
34771,0.002960205078125,0.8460845947265625,0.26220703125,-0.8558810949325562,0.5049052238464355,0.3765248954296112,62.48959350585938,98.00338745117188,24.73382568359375
34772,0.0300750732421875,0.82763671875,0.272247314453125,-0.8801409006118774,0.5839811563491821,0.411622166633606,62.5626220703125,97.85195922851562,25.07070922851562
34773,0.0677337646484375,0.79443359375,0.2877197265625,-0.9226862192153932,0.6169047355651855,0.4368899762630463,62.53887939453125,97.37083435058594,25.86367797851562
34774,0.0677337646484375,0.79443359375,0.2877197265625,-0.9226862192153932,0.6169047355651855,0.4368899762630463,62.53887939453125,97.37083435058594,25.86367797851562
34775,0.0775146484375,0.8116455078125,0.290740966796875,-0.9748647809028624,0.6593161225318909,0.4585071206092834,62.58314514160156,97.1477508544922,26.25808715820312
34776,0.103729248046875,0.818572998046875,0.3046112060546875,-1.016619086265564,0.7046964168548584,0.4659237563610077,62.63352966308594,96.91563415527344,26.79530334472656
34777,0.158599853515625,0.8380126953125,0.433746337890625,-0.8902004957199097,1.035697221755981,0.5164830684661865,62.63693237304688,96.605224609375,27.22502136230469
34778,0.0760040283203125,1.013290405273438,0.1626739501953125,-1.056488275527954,0.7217915058135986,0.5043832659721375,62.55776977539062,96.2998046875,27.77134704589844
34779,0.10113525390625,1.047409057617188,0.0997772216796875,-1.056488275527954,0.7217915058135986,0.5043832659721375,62.52644348144531,96.07821655273438,28.28009033203125
34780,0.06402587890625,1.119949340820312,0.1775360107421875,-1.214115142822266,0.654825747013092,0.6580447554588318,62.51858520507812,95.74659729003906,28.65609741210938
34781,0.0521087646484375,1.146133422851562,0.210205078125,-1.127452969551086,0.7229869961738586,0.6980344653129578,62.61273193359375,95.500732421875,29.18540954589844
34782,0.0505523681640625,1.142562866210938,0.23553466796875,-1.127452969551086,0.7229869961738586,0.6980344653129578,62.66842651367188,95.35397338867188,29.697021484375
34783,0.0458831787109375,1.123489379882812,0.2210845947265625,-1.000882983207703,0.7483927607536316,0.7186135053634644,62.74900817871094,95.01177978515624,30.30601501464844
34784,0.06072998046875,1.08978271484375,0.2291717529296875,-0.917826235294342,0.7383882999420166,0.72176194190979,62.86044311523438,94.7559814453125,30.85011291503906
34785,0.087738037109375,1.0579833984375,0.21722412109375,-0.8548898696899414,0.6800025105476379,0.5969188213348389,62.80514526367188,94.31599426269533,31.92018127441406
34786,0.087738037109375,1.0579833984375,0.21722412109375,-0.8548898696899414,0.6800025105476379,0.5969188213348389,62.80514526367188,94.31599426269533,31.92018127441406
34787,0.1144256591796875,1.0787353515625,0.228912353515625,-0.7648484110832214,0.4489533007144928,0.4254724681377411,62.88139343261719,93.98786926269533,32.93376159667969
34788,0.1144256591796875,1.0787353515625,0.228912353515625,-0.7648484110832214,0.4489533007144928,0.4254724681377411,62.88139343261719,93.98786926269533,32.93376159667969
34789,0.1483917236328125,1.090225219726562,0.3118896484375,-0.6912248134613037,0.4791599214076996,0.3500893115997314,62.891357421875,93.7500457763672,33.42807006835938
34790,0.1732025146484375,1.058624267578125,0.15509033203125,-0.6935310959815979,0.2256901115179062,0.1960770934820175,62.95768737792969,93.35235595703124,34.2275390625
34791,0.1732025146484375,1.058624267578125,0.15509033203125,-0.6935310959815979,0.2256901115179062,0.1960770934820175,62.95768737792969,93.35235595703124,34.2275390625
34792,0.18994140625,1.052703857421875,0.3058013916015625,-0.6500613689422607,0.1949649602174759,0.1030763164162636,62.88397216796875,93.17115783691406,34.58079528808594
34793,0.185089111328125,1.018310546875,0.2430419921875,-0.6500613689422607,0.1949649602174759,0.1030763164162636,62.83857727050781,93.04232788085938,34.94032287597656
34794,0.1563873291015625,0.9990234375,0.2361602783203125,-0.6091139316558838,0.0397202484309673,0.0882675424218177,62.74078369140625,93.0137939453125,35.37394714355469
34795,0.1185302734375,0.975738525390625,0.2538909912109375,-0.5575596690177917,-0.1297151148319244,0.0666778311133384,62.70626831054688,92.8957061767578,35.64511108398438
34796,0.1185302734375,0.975738525390625,0.2538909912109375,-0.5575596690177917,-0.1297151148319244,0.0666778311133384,62.70626831054688,92.8957061767578,35.64511108398438
34797,0.044525146484375,0.9095611572265624,0.2421875,-0.5724062323570251,-0.2711207270622253,0.054600927978754,62.90322875976562,92.45989990234376,36.43045043945312
34798,0.0243072509765625,0.8824005126953125,0.2414093017578125,-0.5992980599403381,-0.4432549178600311,0.0516024753451347,62.94871520996094,92.4021453857422,36.87434387207031
34799,0.031463623046875,0.8732452392578125,0.244110107421875,-0.6213058829307556,-0.6400915384292603,0.0533891879022121,63.08349609375,92.17758178710938,37.05796813964844
34800,0.0598907470703125,0.8643035888671875,0.2756195068359375,-0.6065495610237122,-0.7948699593544006,0.0594681203365325,63.24763488769531,92.08303833007812,37.11184692382812
34801,0.085906982421875,0.8826141357421875,0.308929443359375,-0.5676687359809875,-0.8958554267883301,0.0677313730120658,63.34097290039062,91.98486328125,37.4857177734375
34802,0.1010284423828125,0.9038543701171876,0.3391876220703125,-0.5486825704574585,-0.9688734412193298,0.0741679668426513,63.57572937011719,91.71575927734376,37.89788818359375
34803,0.1161041259765625,0.918304443359375,0.37054443359375,-0.5493555068969727,-1.01090931892395,0.0754196569323539,63.94740295410156,91.6815185546875,38.02561950683594
34804,0.120513916015625,0.9171142578125,0.377655029296875,-0.6045556664466858,-1.153968214988708,0.1317585557699203,64.392578125,91.51478576660156,38.22946166992188
34805,0.1121826171875,0.9046630859375,0.3816375732421875,-0.6045556664466858,-1.153968214988708,0.1317585557699203,64.62351989746094,91.41423034667967,38.44596862792969
34806,0.106201171875,0.8810577392578125,0.406524658203125,-0.6344243288040161,-1.22427773475647,0.1892389059066772,65.12687683105469,91.24024963378906,38.57723999023438
34807,0.1075286865234375,0.8541107177734375,0.4387054443359375,-0.6324450969696045,-1.247998833656311,0.2529709935188293,65.5802001953125,91.0124053955078,38.75527954101562
34808,0.1156463623046875,0.8308563232421875,0.4791717529296875,-0.6148514747619629,-1.273809909820557,0.3073727190494537,66.00941467285156,90.93791198730467,38.92387390136719
34809,0.1305999755859375,0.803741455078125,0.5251007080078125,-0.6195628643035889,-1.262365460395813,0.3385215997695923,66.49771118164062,90.78211975097656,39.10659790039062
34810,0.1500396728515625,0.7771148681640625,0.56494140625,-0.6407318115234375,-1.207775473594666,0.3766042590141296,67.02352905273438,90.47000122070312,39.38050842285156
34811,0.1903839111328125,0.754119873046875,0.6216583251953125,-0.735076367855072,-0.97641259431839,0.4311788380146027,68.03935241699219,89.97198486328125,39.61726379394531
34812,0.1903839111328125,0.754119873046875,0.6216583251953125,-0.735076367855072,-0.97641259431839,0.4311788380146027,68.03935241699219,89.97198486328125,39.61726379394531
34813,0.197601318359375,0.7675933837890625,0.61834716796875,-0.7859009504318237,-0.8297102451324463,0.4468390047550201,68.56341552734375,89.79791259765625,39.74580383300781
34814,0.195220947265625,0.7745819091796875,0.6058197021484375,-0.8223447203636169,-0.7498641610145569,0.4596647918224335,68.92544555664062,89.40066528320312,39.98072814941406
34815,0.1792449951171875,0.7731781005859375,0.6263885498046875,-0.9050627946853638,-0.5473824143409729,0.4838372468948364,69.71418762207031,88.76370239257812,40.36590576171875
34816,0.1792449951171875,0.7731781005859375,0.6263885498046875,-0.9050627946853638,-0.5473824143409729,0.4838372468948364,69.71418762207031,88.76370239257812,40.36590576171875
34817,0.1726531982421875,0.7633056640625,0.6202239990234375,-0.9050627946853638,-0.5473824143409729,0.4838372468948364,70.14112854003906,88.406005859375,40.52639770507812
34818,0.158935546875,0.7499847412109375,0.60498046875,-0.9822196364402772,-0.5223129987716675,0.4748799800872803,70.378173828125,88.07698059082031,40.85276794433594
34819,0.1576690673828125,0.7023162841796875,0.64178466796875,-1.229401707649231,-0.3994762897491455,0.5023605823516846,71.05329895019531,87.31910705566406,41.34376525878906
34820,0.1576690673828125,0.7023162841796875,0.64178466796875,-1.229401707649231,-0.3994762897491455,0.5023605823516846,71.05329895019531,87.31910705566406,41.34376525878906
34821,0.1646270751953125,0.6734771728515625,0.6522064208984375,-1.229401707649231,-0.3994762897491455,0.5023605823516846,71.32159423828125,86.81695556640625,41.64564514160156
34822,0.2153167724609375,0.6300201416015625,0.626983642578125,-1.377933144569397,-0.2379670292139053,0.7424719929695129,71.86015319824219,85.81015014648438,42.27587890625
34823,0.2153167724609375,0.6300201416015625,0.626983642578125,-1.377933144569397,-0.2379670292139053,0.7424719929695129,71.86015319824219,85.81015014648438,42.27587890625
34824,0.24981689453125,0.6371612548828125,0.6177978515625,-1.377933144569397,-0.2379670292139053,0.7424719929695129,72.15162658691406,85.05210876464844,42.65643310546875
34825,0.2864990234375,0.6371307373046875,0.61090087890625,-1.417750358581543,-0.249181866645813,0.7908640503883362,72.416748046875,84.41334533691406,42.9013671875
34826,0.3215789794921875,0.633087158203125,0.6246185302734375,-1.475352883338928,-0.3346357643604279,0.861492395401001,72.60409545898438,83.80323791503906,43.32382202148438
34827,0.3545989990234375,0.639495849609375,0.6461181640625,-1.475352883338928,-0.3346357643604279,0.861492395401001,72.87068176269531,83.09979248046875,43.58235168457031
34828,0.3802947998046875,0.6362152099609375,0.6622161865234375,-1.53009819984436,-0.362148106098175,0.8553420901298523,73.19450378417969,82.39823913574219,43.95632934570312
34829,0.3909912109375,0.62957763671875,0.664398193359375,-1.53009819984436,-0.362148106098175,0.8553420901298523,73.5059814453125,81.53572082519531,44.48544311523438
34830,0.391387939453125,0.6050872802734375,0.652557373046875,-1.551574110984802,-0.2889204919338226,0.8493510484695435,73.88221740722656,80.72671508789062,44.77767944335938
34831,0.3574676513671875,0.6177215576171875,0.5830230712890625,-1.590136408805847,-0.2102839946746826,0.814490020275116,74.49247741699219,79.00590515136719,44.79292297363281
34832,0.3574676513671875,0.6177215576171875,0.5830230712890625,-1.590136408805847,-0.2102839946746826,0.814490020275116,74.49247741699219,79.00590515136719,44.79292297363281
34833,0.3482208251953125,0.623260498046875,0.56768798828125,-1.616941690444946,-0.200429230928421,0.771909236907959,74.67138671875,78.15777587890625,44.83328247070312
34834,0.3437652587890625,0.6330718994140625,0.5422515869140625,-1.645688891410828,-0.1969535499811172,0.7112538814544678,74.94026184082031,77.25558471679688,44.97998046875
34835,0.346527099609375,0.63397216796875,0.5261077880859375,-1.67132556438446,-0.2147783488035202,0.6537253260612488,75.10104370117188,76.28782653808594,45.21162414550781
34836,0.3468475341796875,0.6243896484375,0.51373291015625,-1.682313799858093,-0.2292584925889969,0.6048656702041626,75.27850341796875,75.39993286132812,45.39114379882812
34837,0.3412933349609375,0.611053466796875,0.492706298828125,-1.685599565505981,-0.2288310527801514,0.5532490611076355,75.53135681152344,74.33737182617188,45.49253845214844
34838,0.3289642333984375,0.5921783447265625,0.47088623046875,-1.704812169075012,-0.2366093397140503,0.5492823123931885,75.63169860839844,73.41378784179688,45.62492370605469
34839,0.288909912109375,0.56451416015625,0.45599365234375,-1.688184142112732,0.1365961879491806,0.6563065052032471,75.98521423339844,71.34429931640625,45.871826171875
34840,0.288909912109375,0.56451416015625,0.45599365234375,-1.688184142112732,0.1365961879491806,0.6563065052032471,75.98521423339844,71.34429931640625,45.871826171875
34841,0.2772216796875,0.5710601806640625,0.44244384765625,-1.688184142112732,0.1365961879491806,0.6563065052032471,76.18869018554688,70.31271362304688,45.99168395996094
34842,0.2870330810546875,0.5841064453125,0.4713897705078125,-1.814056873321533,0.349263459444046,0.8181044459342957,76.26390075683594,69.308349609375,46.20463562011719
34843,0.3100128173828125,0.594146728515625,0.5109405517578125,-1.893145322799683,0.382964164018631,0.897362232208252,76.23202514648438,68.30349731445312,46.56986999511719
34844,0.35211181640625,0.6048583984375,0.55902099609375,-1.893145322799683,0.382964164018631,0.897362232208252,76.35694885253906,67.24978637695312,46.74183654785156
34845,0.420654296875,0.610992431640625,0.618682861328125,-2.006593942642212,0.3524888157844543,1.007370471954346,76.26783752441406,66.24832153320312,46.64212036132812
34846,0.5803985595703125,0.5785980224609375,0.6765289306640625,-2.061787843704224,0.2536178827285767,1.037684440612793,76.26481628417969,63.8603515625,46.59037780761719
34847,0.5803985595703125,0.5785980224609375,0.6765289306640625,-2.061787843704224,0.2536178827285767,1.037684440612793,76.26481628417969,63.8603515625,46.59037780761719
34848,0.6424713134765625,0.5478363037109375,0.6992950439453125,-2.100616693496704,0.135296031832695,1.071060299873352,76.115234375,62.5855712890625,46.69528198242188
34849,0.6773834228515625,0.5173187255859375,0.694427490234375,-2.129451036453247,-0.0271575842052698,1.090877652168274,76.13636779785156,61.27989196777344,46.73724365234375
34850,0.66632080078125,0.47174072265625,0.7164764404296875,-2.162850618362427,-0.2096301913261414,1.098823428153992,76.10249328613281,60.02781677246094,46.81893920898438
34851,0.610015869140625,0.4132080078125,0.7497100830078125,-2.180414199829102,-0.3106779754161835,1.059118866920471,76.19993591308594,58.61283874511719,46.65516662597656
34852,0.5343475341796875,0.3523101806640625,0.7671661376953125,-2.183967351913452,-0.4129167199134827,0.981785237789154,76.30874633789062,57.29362487792969,46.59259033203125
34853,0.4689178466796875,0.33294677734375,0.7794647216796875,-2.183967351913452,-0.4129167199134827,0.981785237789154,76.47789001464844,56.02766418457031,46.48638916015625
34854,0.4480133056640625,0.32489013671875,0.80133056640625,-2.013389110565186,-0.5237343311309814,1.006455183029175,76.57183837890625,54.68733215332031,46.38919067382812
34855,0.4545745849609375,0.3013458251953125,0.8262939453125,-1.88037896156311,-0.5364831686019897,1.063497185707092,76.80125427246094,53.38719177246094,46.21456909179688
34856,0.48834228515625,0.2670440673828125,0.8591766357421875,-1.88037896156311,-0.5364831686019897,1.063497185707092,76.91757202148438,52.13824462890625,46.06678771972656
34857,0.5341033935546875,0.247528076171875,0.892913818359375,-1.751302480697632,-0.5016487240791321,1.10452127456665,77.17842102050781,50.94822692871094,45.76139831542969
34858,0.570953369140625,0.24395751953125,0.91302490234375,-1.658265233039856,-0.4345541298389435,1.132429838180542,77.40621948242188,49.7891845703125,45.60813903808594
34859,0.59814453125,0.2566986083984375,0.91473388671875,-1.616397619247437,-0.3541895151138306,1.172777891159058,77.45697021484375,48.56884765625,45.47659301757812
34860,0.6232757568359375,0.2797393798828125,0.8912200927734375,-1.618147373199463,-0.3533215820789337,1.209100723266602,77.56375122070312,47.52894592285156,45.21926879882812
34861,0.626861572265625,0.247528076171875,0.888153076171875,-1.636603593826294,-0.3796131014823914,1.221223711967468,77.616943359375,46.42381286621094,45.09248352050781
34862,0.5845794677734375,0.1529083251953125,0.8434295654296875,-1.65138041973114,-0.5024591088294983,1.15423846244812,77.62387084960938,44.44499206542969,44.82647705078125
34863,0.5845794677734375,0.1529083251953125,0.8434295654296875,-1.65138041973114,-0.5024591088294983,1.15423846244812,77.62387084960938,44.44499206542969,44.82647705078125
34864,0.5628204345703125,0.0782470703125,0.832794189453125,-1.634180665016174,-0.5893279910087585,1.097622156143188,77.63584899902344,43.6065673828125,44.43716430664062
34865,0.55120849609375,0.0185394287109375,0.8432159423828125,-1.628281950950623,-0.6269102692604065,1.052314519882202,77.5872802734375,42.6953125,44.16905212402344
34866,0.55596923828125,0.003875732421875,0.8673095703125,-1.650283455848694,-0.6093464493751526,1.025697588920593,77.69622802734375,41.75384521484375,43.97610473632812
34867,0.555999755859375,-0.02703857421875,0.89215087890625,-1.724467396736145,-0.361894816160202,0.9911515712738036,77.67578125,40.13604736328125,43.2474365234375
34868,0.555999755859375,-0.02703857421875,0.89215087890625,-1.724467396736145,-0.361894816160202,0.9911515712738036,77.67578125,40.13604736328125,43.2474365234375
34869,0.5560302734375,-0.02099609375,0.8791656494140625,-1.722290277481079,-0.3681236803531647,0.9976358413696288,77.78494262695312,39.19444274902344,42.97686767578125
34870,0.555450439453125,-0.0572052001953125,0.9159393310546876,-1.712936997413635,-0.3131440579891205,0.967970073223114,77.6187744140625,37.38896179199219,42.27716064453125
34871,0.584197998046875,-0.036712646484375,0.92498779296875,-1.593301892280579,-0.1974669992923737,0.9282064437866212,77.47537231445312,35.68244934082031,41.57696533203125
34872,0.584197998046875,-0.036712646484375,0.92498779296875,-1.593301892280579,-0.1974669992923737,0.9282064437866212,77.47537231445312,35.68244934082031,41.57696533203125
34873,0.600311279296875,-0.039031982421875,0.929901123046875,-1.503576278686523,-0.1429779231548309,0.8752478957176208,77.41851806640625,34.86480712890625,41.31845092773438
34874,0.6159515380859375,-0.0531768798828125,0.926513671875,-1.411516666412354,-0.1115813851356506,0.8073806762695312,77.23713684082031,34.03529357910156,41.09342956542969
34875,0.6338653564453125,-0.08282470703125,0.933349609375,-1.322375535964966,-0.0789515376091003,0.736111044883728,77.10380554199219,33.3299560546875,40.66908264160156
34876,0.6480712890625,-0.0985260009765625,0.935821533203125,-1.235652089118958,-0.04721624776721,0.6800121068954468,76.97804260253906,32.79067993164062,40.35466003417969
34877,0.6573944091796875,-0.11663818359375,0.9297027587890624,-1.159238576889038,-0.0283783785998821,0.6261195540428162,76.82270812988281,32.0390625,40.04176330566406
34878,0.6572723388671875,-0.1353759765625,0.9211273193359376,-1.081413865089417,-0.0226818770170211,0.5755647420883179,76.72869873046875,31.46810913085938,39.78990173339844
34879,0.6756744384765625,-0.199798583984375,0.9027252197265624,-0.9691594839096068,-0.0503973923623561,0.5045715570449829,76.58595275878906,30.50839233398438,39.24699401855469
34880,0.6756744384765625,-0.199798583984375,0.9027252197265624,-0.9691594839096068,-0.0503973923623561,0.5045715570449829,76.58595275878906,30.50839233398438,39.24699401855469
34881,0.67120361328125,-0.2082366943359375,0.9013824462890624,-0.9406594038009644,-0.0723447725176811,0.4649117588996887,76.37553405761719,30.10003662109375,39.10543823242188
34882,0.667022705078125,-0.2127227783203125,0.899810791015625,-0.9131776690483092,-0.0901306942105293,0.4125185906887054,76.22846984863281,29.78385925292969,38.71052551269531
34883,0.66162109375,-0.2177886962890625,0.9118194580078124,-0.8889157772064209,-0.0710600614547729,0.3630090951919556,76.14663696289062,29.22688293457031,38.42172241210938
34884,0.64923095703125,-0.2216339111328125,0.8941192626953125,-0.8516517281532288,-0.0669947490096092,0.3062478005886078,76.0042724609375,28.92308044433594,38.19410705566406
34885,0.623687744140625,-0.2283782958984375,0.892913818359375,-0.8192858099937439,-0.0656418576836586,0.2603133320808411,75.8299560546875,28.5352783203125,38.06399536132812
34886,0.6122894287109375,-0.2333984375,0.8973388671875,-0.7899228930473328,-0.0539140962064266,0.2106326073408127,75.78240966796875,28.20002746582031,37.89317321777344
34887,0.60455322265625,-0.2474822998046875,0.8925628662109375,-0.7510716319084167,-0.035475168377161,0.1628464460372925,75.80953979492188,27.89108276367188,37.7037353515625
34888,0.59625244140625,-0.25390625,0.8927764892578125,-0.6680214405059814,-0.0029563750140368,0.0839452371001243,75.8251953125,27.69035339355469,37.36808776855469
34889,0.58673095703125,-0.260528564453125,0.8902435302734375,-0.6680214405059814,-0.0029563750140368,0.0839452371001243,75.7313232421875,27.429443359375,37.20585632324219
34890,0.5770721435546875,-0.271087646484375,0.881744384765625,-0.629124104976654,0.0187491867691278,0.058820441365242,75.63833618164062,27.16352844238281,36.90953063964844
34891,0.5829010009765625,-0.27557373046875,0.869049072265625,-0.537585973739624,0.0485358424484729,0.0377231426537036,75.55120849609375,26.49769592285156,36.57684326171875
34892,0.5829010009765625,-0.27557373046875,0.869049072265625,-0.537585973739624,0.0485358424484729,0.0377231426537036,75.55120849609375,26.49769592285156,36.57684326171875
34893,0.59136962890625,-0.2818756103515625,0.86572265625,-0.4975152313709259,0.0382238179445266,0.0228342097252607,75.57319641113281,26.25752258300781,36.56893920898438
34894,0.59332275390625,-0.2939300537109375,0.86328125,-0.4607947766780853,0.0351638458669185,0.0028919265605509,75.62692260742188,26.2325439453125,36.42503356933594
34895,0.587738037109375,-0.305908203125,0.84716796875,-0.4266517162322998,0.0339140258729457,-0.0147983869537711,75.65780639648438,26.09725952148438,36.16255187988281
34896,0.58270263671875,-0.3104095458984375,0.8260650634765625,-0.3986086249351501,0.0342282764613628,-0.0296060945838689,75.67974853515625,25.83049011230469,35.89315795898438
34897,0.5737762451171875,-0.308563232421875,0.814697265625,-0.3701628744602203,0.0394043959677219,-0.033553697168827,75.6197509765625,25.70376586914062,35.64305114746094
34898,0.565521240234375,-0.3070068359375,0.8040313720703125,-0.3372424840927124,0.0421663634479045,-0.0366866402328014,75.61636352539062,25.55473327636719,35.62953186035156
34899,0.55828857421875,-0.301605224609375,0.7990264892578125,-0.2947770357131958,0.0404568798840045,-0.0430310890078544,75.58847045898438,25.46992492675781,35.57667541503906
34900,0.5460357666015625,-0.2930908203125,0.801483154296875,-0.216009795665741,0.0573439821600914,-0.0598518811166286,75.54208374023438,25.47024536132812,35.44328308105469
34901,0.541046142578125,-0.2888946533203125,0.80364990234375,-0.216009795665741,0.0573439821600914,-0.0598518811166286,75.50294494628906,25.32980346679688,35.28987121582031
34902,0.548309326171875,-0.28253173828125,0.8067626953125,-0.1720236986875534,0.0569828599691391,-0.069204106926918,75.55979919433594,25.27540588378906,35.11915588378906
34903,0.582489013671875,-0.281402587890625,0.819610595703125,-0.0856043845415115,0.0501896664500236,-0.0856267511844635,75.47979736328125,25.20797729492188,34.98233032226562
34904,0.582489013671875,-0.281402587890625,0.819610595703125,-0.0856043845415115,0.0501896664500236,-0.0856267511844635,75.47979736328125,25.20797729492188,34.98233032226562
34905,0.599151611328125,-0.2925567626953125,0.8255767822265625,-0.0514980778098106,0.0409639440476894,-0.1010579094290733,75.45182800292969,25.27230834960938,34.89971923828125
34906,0.6089019775390625,-0.3045501708984375,0.8304901123046875,-0.0138119524344801,0.0427812859416008,-0.1239839941263199,75.50582885742188,25.19338989257812,34.97651672363281
34907,0.606658935546875,-0.318634033203125,0.82489013671875,0.0822211056947708,0.0345505215227603,-0.1685080528259277,75.58050537109375,25.15127563476562,34.88352966308594
34908,0.606658935546875,-0.318634033203125,0.82489013671875,0.0822211056947708,0.0345505215227603,-0.1685080528259277,75.58050537109375,25.15127563476562,34.88352966308594
34909,0.60394287109375,-0.3254547119140625,0.822662353515625,0.0822211056947708,0.0345505215227603,-0.1685080528259277,75.77706909179688,25.13333129882812,34.89051818847656
34910,0.596405029296875,-0.3254547119140625,0.8303070068359375,0.0888675525784492,0.0139570944011211,-0.1686923503875732,75.69583129882812,25.16874694824219,34.92878723144531
34911,0.5926055908203125,-0.323150634765625,0.84454345703125,0.0974120423197746,-0.0053958306089043,-0.1596003174781799,75.79426574707031,25.27793884277344,34.83035278320312
34912,0.5966033935546875,-0.3389892578125,0.8714752197265625,0.1068675965070724,-0.0184466522186994,-0.161838173866272,75.80227661132812,25.27658081054688,35.10896301269531
34913,0.5966033935546875,-0.3389892578125,0.8714752197265625,0.1068675965070724,-0.0184466522186994,-0.161838173866272,75.80227661132812,25.27658081054688,35.10896301269531
34914,0.6028594970703125,-0.346771240234375,0.8905029296875,0.1162800043821335,-0.0203428212553262,-0.1674356013536453,75.81059265136719,25.30996704101562,35.07333374023438
34915,0.60357666015625,-0.3412933349609375,0.9097137451171876,0.1291420012712479,-0.0126417595893144,-0.1742317229509354,75.8861083984375,25.32211303710938,35.23258972167969
34916,0.604217529296875,-0.3334197998046875,0.9279632568359376,0.1447015255689621,-0.009411877952516,-0.1805687099695206,76.01632690429688,25.44692993164062,35.18096923828125
34917,0.61041259765625,-0.326263427734375,0.9387359619140624,0.1781164705753326,-0.003450391581282,-0.1954272836446762,76.04319763183594,25.52247619628906,35.21331787109375
34918,0.6247100830078125,-0.31854248046875,0.967132568359375,0.2617884576320648,-0.0046504116617143,-0.2397353649139404,76.16903686523438,25.46836853027344,35.29499816894531
34919,0.6247100830078125,-0.31854248046875,0.967132568359375,0.2617884576320648,-0.0046504116617143,-0.2397353649139404,76.16903686523438,25.46836853027344,35.29499816894531
34920,0.6312713623046875,-0.30633544921875,0.9780731201171876,0.316694587469101,0.0088968221098184,-0.2719630599021912,76.25703430175781,25.64378356933594,35.222900390625
34921,0.6381988525390625,-0.2952423095703125,0.9846649169921876,0.3808088600635529,0.0061817294918,-0.3092284202575684,76.30842590332031,25.63037109375,35.39421081542969
34922,0.6627655029296875,-0.2599334716796875,0.9903411865234376,0.6444115042686462,-0.0071583106182515,-0.4489487707614899,76.47134399414062,26.13154602050781,35.81544494628906
34923,0.6627655029296875,-0.2599334716796875,0.9903411865234376,0.6444115042686462,-0.0071583106182515,-0.4489487707614899,76.47134399414062,26.13154602050781,35.81544494628906
34924,0.6627655029296875,-0.2599334716796875,0.9903411865234376,0.6444115042686462,-0.0071583106182515,-0.4489487707614899,76.47134399414062,26.13154602050781,35.81544494628906
34925,0.6441192626953125,-0.2229156494140625,0.99951171875,0.7437239289283752,0.0115147093310952,-0.5257135629653931,76.74090576171875,26.31129455566406,36.17404174804688
34926,0.649627685546875,-0.20172119140625,0.9889984130859376,0.8428859710693359,0.0251908414065837,-0.599527895450592,76.80807495117188,26.63099670410156,36.38020324707031
34927,0.648468017578125,-0.1790313720703125,0.9882354736328124,0.942945957183838,0.0322293080389499,-0.6767987012863159,76.97268676757812,26.90190124511719,36.46708679199219
34928,0.6438140869140625,-0.154998779296875,0.9855499267578124,1.047000765800476,0.0574992448091507,-0.7551931142807007,77.09516906738281,27.36398315429688,36.6688232421875
34929,0.6492156982421875,-0.131072998046875,0.972808837890625,1.158878803253174,0.0726590231060981,-0.8517774343490601,77.20060729980469,27.78675842285156,36.90760803222656
34930,0.6475982666015625,-0.1126556396484375,0.9668426513671876,1.27871036529541,0.0917171388864517,-0.9562822580337524,77.32040405273438,28.26856994628906,37.28141784667969
34931,0.6446380615234375,-0.0927734375,0.955322265625,1.38105571269989,0.1032606065273285,-1.054336190223694,77.43658447265625,28.8641357421875,37.51997375488281
34932,0.6339874267578125,-0.0672454833984375,0.9456634521484376,1.472560524940491,0.1312735974788666,-1.164223194122314,77.60800170898438,29.46432495117188,37.79763793945312
34933,0.6315460205078125,-0.03094482421875,0.9297027587890624,1.570117473602295,0.1464062184095383,-1.277480602264404,77.79183959960938,30.07414245605469,38.11775207519531
34934,0.6303253173828125,-0.00408935546875,0.92425537109375,1.718471765518188,0.2204066663980484,-1.484415650367737,77.97113037109375,30.86552429199219,38.47726440429688
34935,0.6308135986328125,0.0228424072265625,0.9226226806640624,1.718471765518188,0.2204066663980484,-1.484415650367737,78.29814147949219,31.60743713378906,38.98265075683594
34936,0.63482666015625,0.05462646484375,0.915283203125,1.785903811454773,0.367837131023407,-1.650678634643555,78.45350646972656,32.39801025390625,39.56932067871094
34937,0.63421630859375,0.07562255859375,0.8871612548828125,1.785903811454773,0.367837131023407,-1.650678634643555,78.671142578125,33.2232666015625,40.10160827636719
34938,0.622222900390625,0.121612548828125,0.805755615234375,1.878414273262024,0.1907667517662048,-1.816824674606323,79.00323486328125,35.37962341308594,40.74765014648438
34939,0.622222900390625,0.121612548828125,0.805755615234375,1.878414273262024,0.1907667517662048,-1.816824674606323,79.00323486328125,35.37962341308594,40.74765014648438
34940,0.622222900390625,0.121612548828125,0.805755615234375,1.878414273262024,0.1907667517662048,-1.816824674606323,79.00323486328125,35.37962341308594,40.74765014648438
34941,0.581146240234375,0.1903533935546875,0.7482147216796875,1.994298100471497,0.0417349301278591,-1.908812999725342,79.72923278808594,38.34591674804688,41.88583374023438
34942,0.5804443359375,0.2092742919921875,0.725189208984375,1.96057653427124,-0.1400023847818375,-1.956484079360962,79.96672058105469,39.50343322753906,42.38261413574219
34943,0.5804443359375,0.2092742919921875,0.725189208984375,1.96057653427124,-0.1400023847818375,-1.956484079360962,79.96672058105469,39.50343322753906,42.38261413574219
34944,0.587249755859375,0.230865478515625,0.7022705078125,1.96057653427124,-0.1400023847818375,-1.956484079360962,80.17640686035156,40.72219848632812,42.65058898925781
34945,0.5977020263671875,0.2614288330078125,0.6759490966796875,1.807418704032898,-0.4202369749546051,-1.874614477157593,80.44035339355469,42.01130676269531,42.70994567871094
34946,0.60736083984375,0.2933807373046875,0.658416748046875,1.807418704032898,-0.4202369749546051,-1.874614477157593,80.75114440917969,43.31341552734375,42.58676147460938
34947,0.6228179931640625,0.3058013916015625,0.6596527099609375,1.574541211128235,-0.719456136226654,-1.770563244819641,81.02232360839844,44.61531066894531,42.55604553222656
34948,0.63592529296875,0.300567626953125,0.6726837158203125,1.468209505081177,-0.7849230766296387,-1.76698899269104,81.3648681640625,45.90536499023438,42.634765625
34949,0.6533660888671875,0.2728271484375,0.676727294921875,1.468209505081177,-0.7849230766296387,-1.76698899269104,81.61128234863281,46.8717041015625,42.69343566894531
34950,0.6669921875,0.2489166259765625,0.6611175537109375,1.412062048912048,-0.7849656343460083,-1.793644785881042,82.16571044921875,48.04676818847656,42.53701782226562
34951,0.675506591796875,0.2321929931640625,0.612945556640625,1.311828970909119,-0.8689090013504028,-1.882185339927673,82.58172607421875,49.04655456542969,42.24996948242188
34952,0.691192626953125,0.21392822265625,0.5657806396484375,1.25114643573761,-0.8792418241500854,-1.857540249824524,82.97517395019531,50.08552551269531,42.0010986328125
34953,0.6783294677734375,0.22894287109375,0.5531768798828125,1.25114643573761,-0.8792418241500854,-1.857540249824524,83.5179443359375,51.06864929199219,41.75961303710938
34954,0.6396484375,0.2794952392578125,0.5149383544921875,1.211155533790588,-0.8141371011734009,-1.842179656028748,83.8856201171875,52.19218444824219,41.43800354003906
34955,0.5819854736328125,0.4218292236328125,0.4391937255859375,1.192580580711365,-0.6012978553771973,-1.695167541503906,84.69285583496094,54.2894287109375,40.84654235839844
34956,0.5819854736328125,0.4218292236328125,0.4391937255859375,1.192580580711365,-0.6012978553771973,-1.695167541503906,84.69285583496094,54.2894287109375,40.84654235839844
34957,0.543243408203125,0.49261474609375,0.4223175048828125,1.192580580711365,-0.6012978553771973,-1.695167541503906,84.94601440429688,55.27651977539062,40.79887390136719
34958,0.5066680908203125,0.5298004150390625,0.4127197265625,1.21159291267395,-0.5340511202812195,-1.69085693359375,85.1826171875,56.22900390625,40.72003173828125
34959,0.465423583984375,0.547332763671875,0.432708740234375,1.193372845649719,-0.511736273765564,-1.774762749671936,85.33128356933594,57.34762573242188,40.35983276367188
34960,0.4628143310546875,0.5392913818359375,0.4610137939453125,1.17109203338623,-0.4755356311798096,-1.955170035362244,85.68492126464844,59.41319274902344,39.77169799804688
34961,0.4628143310546875,0.5392913818359375,0.4610137939453125,1.17109203338623,-0.4755356311798096,-1.955170035362244,85.68492126464844,59.41319274902344,39.77169799804688
34962,0.4763031005859375,0.5535430908203125,0.4800872802734375,1.116201639175415,-0.5292667746543884,-2.01286792755127,85.81413269042969,60.38752746582031,39.5701904296875
34963,0.51708984375,0.572296142578125,0.546051025390625,1.003901720046997,-0.6313273906707764,-2.023542642593384,85.81178283691406,62.497314453125,39.14002990722656
34964,0.51708984375,0.572296142578125,0.546051025390625,1.003901720046997,-0.6313273906707764,-2.023542642593384,85.81178283691406,62.497314453125,39.14002990722656
34965,0.53082275390625,0.5715789794921875,0.5647125244140625,0.9513477087020874,-0.6434032320976257,-2.00509238243103,85.90335083007812,63.44993591308594,38.80250549316406
34966,0.562164306640625,0.556976318359375,0.6274871826171875,0.940847396850586,-0.2773557007312775,-1.958351254463196,85.94894409179688,65.59246826171875,38.22676086425781
34967,0.562164306640625,0.556976318359375,0.6274871826171875,0.940847396850586,-0.2773557007312775,-1.958351254463196,85.94894409179688,65.59246826171875,38.22676086425781
34968,0.58941650390625,0.55645751953125,0.664459228515625,1.011622548103333,-0.2872970104217529,-1.921018719673157,86.04954528808594,66.66656494140625,37.90193176269531
34969,0.5960540771484375,0.5329437255859375,0.48126220703125,1.011622548103333,-0.2872970104217529,-1.921018719673157,86.00929260253906,67.60983276367188,37.78889465332031
34970,0.644744873046875,0.5364837646484375,0.6019134521484375,1.200104236602783,-0.2801951766014099,-1.98480224609375,85.88133239746094,68.64926147460938,37.60957336425781
34971,0.5917510986328125,0.5469207763671875,0.669891357421875,1.605708479881287,-0.0802141427993774,-1.928388833999634,85.76544189453125,69.63604736328125,37.4222412109375
34972,0.521331787109375,0.5079803466796875,0.29840087890625,1.605708479881287,-0.0802141427993774,-1.928388833999634,85.55232238769531,70.74594116210938,37.15846252441406
34973,0.502410888671875,0.548919677734375,0.2012939453125,1.470464110374451,-0.5590819120407104,-1.8801349401474,85.23661804199219,71.93331909179688,36.85505676269531
34974,0.4576263427734375,0.5972747802734375,0.271942138671875,1.370521068572998,-0.5974812507629395,-1.865214109420776,85.01904296875,73.1474609375,36.62408447265625
34975,0.406982421875,0.6533050537109375,0.0830841064453125,1.421810269355774,-0.4002848267555237,-1.828808665275574,84.67805480957031,75.54110717773438,35.80662536621094
34976,0.406982421875,0.6533050537109375,0.0830841064453125,1.421810269355774,-0.4002848267555237,-1.828808665275574,84.67805480957031,75.54110717773438,35.80662536621094
34977,0.411102294921875,0.6947174072265625,0.1346893310546875,1.421810269355774,-0.4002848267555237,-1.828808665275574,84.47755432128906,76.60818481445312,35.44239807128906
34978,0.39691162109375,0.7677154541015625,0.2318267822265625,1.266903042793274,-0.1451966017484665,-1.786978125572205,84.04403686523438,78.53819274902344,34.71987915039062
34979,0.39691162109375,0.7677154541015625,0.2318267822265625,1.266903042793274,-0.1451966017484665,-1.786978125572205,84.04403686523438,78.53819274902344,34.71987915039062
34980,0.40057373046875,0.8120880126953125,0.2498321533203125,1.266903042793274,-0.1451966017484665,-1.786978125572205,83.7550048828125,79.66508483886719,34.23359680175781
34981,0.394500732421875,0.8638763427734375,0.28436279296875,1.21731436252594,-0.1343697905540466,-1.749719977378845,83.41923522949219,80.68312072753906,33.75738525390625
34982,0.3866729736328125,0.9504852294921876,0.324066162109375,1.241492748260498,-0.0421370677649974,-1.695126533508301,83.07453918457031,81.69767761230469,33.23890686035156
34983,0.428314208984375,1.064193725585938,0.3436279296875,1.299912095069885,0.1858952939510345,-1.727360606193542,82.66555786132812,82.52708435058594,32.98738098144531
34984,0.39666748046875,1.122390747070312,0.3204345703125,1.376266002655029,0.775124728679657,-1.630001544952393,82.42185974121094,83.37727355957031,32.61210632324219
34985,0.35003662109375,1.149032592773438,0.2584686279296875,1.376266002655029,0.775124728679657,-1.630001544952393,81.89805603027344,84.08258056640625,32.46339416503906
34986,0.318756103515625,1.127944946289062,0.14312744140625,1.380421042442322,0.8879175782203674,-1.436689138412476,81.34803771972656,84.92263793945312,32.22782897949219
34987,0.346710205078125,1.108734130859375,0.041900634765625,1.322321772575378,0.1872497797012329,-1.085110545158386,80.71136474609375,85.77166748046875,32.093505859375
34988,0.4308624267578125,1.156997680664062,0.0688934326171875,1.322321772575378,0.1872497797012329,-1.085110545158386,80.07551574707031,86.63899230957031,31.99288940429688
34989,0.45697021484375,1.1826171875,0.164794921875,1.153355121612549,-0.7656478881835938,-1.014786601066589,79.6656494140625,87.28175354003906,31.80514526367188
34990,0.51275634765625,1.121322631835938,0.2956390380859375,0.7410573363304138,-1.479530572891235,-0.8784220814704895,79.11036682128906,88.50405883789062,31.05892944335938
34991,0.51275634765625,1.121322631835938,0.2956390380859375,0.7410573363304138,-1.479530572891235,-0.8784220814704895,79.11036682128906,88.50405883789062,31.05892944335938
34992,0.5142059326171875,1.079925537109375,0.3569183349609375,0.7410573363304138,-1.479530572891235,-0.8784220814704895,78.94061279296875,89.17068481445312,30.3837890625
34993,0.528594970703125,1.050460815429688,0.3593597412109375,0.5100454092025757,-1.636188626289368,-0.767195999622345,78.85629272460938,89.63423156738281,29.60084533691406
34994,0.543212890625,1.042404174804688,0.3751068115234375,0.3082872629165649,-1.707172751426697,-0.6680513024330139,78.94317626953125,89.93458557128906,28.81510925292969
34995,0.566436767578125,1.041900634765625,0.388214111328125,0.1147556081414223,-1.610366582870483,-0.4766035676002502,79.13424682617188,90.1539306640625,28.285888671875
34996,0.5631561279296875,1.079452514648438,0.394775390625,0.1147556081414223,-1.610366582870483,-0.4766035676002502,79.32305908203125,90.42616271972656,27.71015930175781
34997,0.50994873046875,1.1151123046875,0.4034576416015625,0.2155527919530869,-1.413521766662598,-0.4821762442588806,79.62669372558594,90.71864318847656,27.22494506835938
34998,0.4163970947265625,1.118148803710938,0.3798675537109375,0.4592701196670532,-1.209252715110779,-0.5484561920166016,79.84431457519531,90.88011169433594,26.96409606933594
34999,0.371826171875,1.108688354492188,0.3491058349609375,0.753227949142456,-1.076553344726562,-0.6319295167922974,79.98670959472656,91.12876892089844,26.53237915039062
35000,0.364501953125,1.093673706054688,0.3377227783203125,1.260277271270752,-0.846851646900177,-0.6911576986312866,80.12451171875,91.36972045898438,26.01177978515625
35001,0.3703155517578125,1.067367553710938,0.3420562744140625,1.260277271270752,-0.846851646900177,-0.6911576986312866,80.2042236328125,91.6023406982422,25.60099792480469
35002,0.3869781494140625,1.0203857421875,0.329345703125,1.455836176872253,-0.7113755941390991,-0.7054508328437805,80.12974548339844,92.06776428222656,25.04862976074219
35003,0.3657989501953125,0.9723358154296876,0.3101348876953125,1.59205174446106,-0.7961514592170715,-0.6481532454490662,80.04132080078125,92.57701110839844,24.33633422851562
35004,0.3095245361328125,0.945159912109375,0.316314697265625,1.59205174446106,-0.7961514592170715,-0.6481532454490662,80.01577758789062,93.06484985351562,23.611328125
35005,0.260772705078125,0.9133758544921876,0.3384857177734375,1.548249483108521,-0.951236367225647,-0.5766729116439819,79.91912841796875,93.60873413085938,22.78105163574219
35006,0.2215118408203125,0.86688232421875,0.374908447265625,1.408686280250549,-1.031166434288025,-0.5008209943771362,79.70999145507812,94.00711059570312,21.98468017578125
35007,0.1826629638671875,0.7573699951171875,0.4330291748046875,1.028426289558411,-1.113495826721191,-0.4359078109264374,79.5147705078125,94.97659301757812,20.04673767089844
35008,0.1826629638671875,0.7573699951171875,0.4330291748046875,1.028426289558411,-1.113495826721191,-0.4359078109264374,79.5147705078125,94.97659301757812,20.04673767089844
35009,0.1569671630859375,0.7277679443359375,0.461944580078125,0.8992109894752502,-1.084208607673645,-0.4394615292549133,79.44448852539062,95.21644592285156,19.2333984375
35010,0.1193695068359375,0.710906982421875,0.4771270751953125,0.7491650581359863,-0.9863901138305664,-0.4580226838588715,79.47613525390625,95.55087280273438,18.47991943359375
35011,0.088348388671875,0.716033935546875,0.4989776611328125,0.5610947608947754,-0.8347795605659485,-0.4904845058917999,79.48719787597656,95.78309631347656,17.69059753417969
35012,0.0670623779296875,0.729949951171875,0.5273590087890625,0.282615453004837,-0.4897036552429199,-0.5645169019699097,79.39216613769531,95.93724060058594,16.97785949707031
35013,0.053466796875,0.7421722412109375,0.55572509765625,0.282615453004837,-0.4897036552429199,-0.5645169019699097,79.27226257324219,95.9636688232422,16.38017272949219
35014,0.0457763671875,0.7532806396484375,0.578277587890625,0.1846675872802734,-0.3341944813728333,-0.5716803073883057,79.2698974609375,96.05056762695312,15.95237731933594
35015,0.03753662109375,0.759307861328125,0.5924224853515625,0.0918225944042205,-0.1928552091121674,-0.5579553842544556,79.05760192871094,95.93740844726562,15.43467712402344
35016,0.032501220703125,0.768402099609375,0.5831146240234375,0.0235237013548612,-0.1179119870066643,-0.5365537405014038,78.92201232910156,95.9989776611328,15.02130126953125
35017,0.02587890625,0.7779083251953125,0.57061767578125,-0.0476825684309005,-0.0714054703712463,-0.5158194303512573,78.76029968261719,96.00335693359376,14.69230651855469
35018,0.01995849609375,0.7954254150390625,0.553253173828125,-0.1060502678155899,-0.0441418960690498,-0.5033379793167114,78.59536743164062,96.02238464355467,14.43122863769531
35019,0.012542724609375,0.8104705810546875,0.5241546630859375,-0.1894072145223618,0.0220083631575107,-0.477297306060791,78.40870666503906,96.02888488769533,14.36781311035156
35020,0.000396728515625,0.8343048095703125,0.4921417236328125,-0.1894072145223618,0.0220083631575107,-0.477297306060791,78.2269287109375,96.17442321777344,14.30911254882812
35021,-0.00225830078125,0.8536529541015625,0.45611572265625,-0.1913076490163803,0.073731742799282,-0.4548026621341705,78.09027099609375,96.08468627929688,14.24760437011719
35022,-0.01617431640625,0.9009246826171876,0.3625335693359375,-0.1825666129589081,0.1814440935850143,-0.3865658044815063,77.90507507324219,95.9434051513672,14.36380004882812
35023,-0.01617431640625,0.9009246826171876,0.3625335693359375,-0.1825666129589081,0.1814440935850143,-0.3865658044815063,77.90507507324219,95.9434051513672,14.36380004882812
35024,-0.023834228515625,0.9058380126953124,0.3319549560546875,-0.1868734806776047,0.261660099029541,-0.3325510621070862,77.76467895507812,96.16462707519533,14.28105163574219
35025,-0.0300750732421875,0.9023590087890624,0.30169677734375,-0.1958019882440567,0.4832838475704193,-0.2085127234458923,77.59181213378906,96.30545043945312,14.30308532714844
35026,-0.0338897705078125,0.90081787109375,0.2584381103515625,-0.1958019882440567,0.4832838475704193,-0.2085127234458923,77.47804260253906,96.48960876464844,14.5240478515625
35027,-0.0504913330078125,0.8880157470703125,0.1144866943359375,-0.2405665367841721,0.4946683347225189,-0.1478038430213928,77.07296752929688,96.70835876464844,14.63241577148438
35028,-0.0504913330078125,0.8880157470703125,0.1144866943359375,-0.2405665367841721,0.4946683347225189,-0.1478038430213928,77.07296752929688,96.70835876464844,14.63241577148438
35029,-0.05224609375,0.8892059326171875,0.054931640625,-0.490441620349884,0.6137148141860962,-0.1251315474510193,76.803955078125,96.89764404296876,14.94691467285156
35030,-0.02734375,0.9236602783203124,0.012115478515625,-0.9165995717048644,0.8413516879081726,-0.1362931281328201,76.82609558105469,96.7034912109375,15.28376770019531
35031,0.013153076171875,0.9451751708984376,-0.0828094482421875,-1.092262744903564,0.7695989608764648,-0.2318747788667679,76.77461242675781,96.14480590820312,15.67262268066406
35032,0.076171875,0.9027557373046876,-0.1673126220703125,-1.107250213623047,0.7970380187034607,-0.3265458941459656,76.63252258300781,95.63101196289062,16.25184631347656
35033,0.1082305908203125,0.9159393310546876,-0.2187042236328125,-0.7392717003822327,1.081624746322632,-0.4058319330215454,76.43426513671875,95.404052734375,16.69369506835938
35034,0.079559326171875,0.9640350341796876,-0.531341552734375,-0.3744191527366638,0.4941423535346985,-0.3882513344287872,76.12075805664062,95.3240203857422,17.07661437988281
35035,-0.028076171875,1.050872802734375,-0.0749053955078125,0.5562555193901062,-0.2467195093631744,-0.1535365581512451,75.64787292480469,95.17568969726562,17.22322082519531
35036,-0.028076171875,1.050872802734375,-0.0749053955078125,0.5562555193901062,-0.2467195093631744,-0.1535365581512451,75.64787292480469,95.17568969726562,17.22322082519531
35037,0.0761871337890625,1.036544799804688,-0.00396728515625,0.9328336715698242,-0.226224884390831,0.1130402684211731,75.58769226074219,95.16668701171876,16.50715637207031
35038,0.1051483154296875,1.039199829101562,0.043701171875,0.8844946622848511,-0.3330858051776886,0.1183615326881409,75.55859375,95.32804870605467,16.06243896484375
35039,0.104217529296875,1.030136108398438,0.1270294189453125,0.7708227038383484,-0.3694976270198822,0.0994232594966888,75.63555908203125,95.55856323242188,15.56546020507812
35040,0.104217529296875,1.030136108398438,0.1270294189453125,0.7708227038383484,-0.3694976270198822,0.0994232594966888,75.63555908203125,95.55856323242188,15.56546020507812
35041,0.0862884521484375,1.006423950195312,0.1744384765625,0.6918604969978333,-0.3451310396194458,0.0863548591732978,75.71426391601562,95.72140502929688,15.46328735351562
35042,0.071136474609375,0.9701385498046876,0.175994873046875,0.6539815664291382,-0.3200595080852509,0.0911927595734596,75.85911560058594,95.9630126953125,15.22154235839844
35043,0.06005859375,0.9575347900390624,0.155914306640625,0.60557621717453,-0.3285110294818878,0.0897554531693458,75.97264099121094,95.9019775390625,15.0960693359375
35044,0.0418243408203125,0.9548187255859376,0.1378631591796875,0.5402454137802124,-0.3294183909893036,0.070890687406063,76.01762390136719,96.0822296142578,14.58253479003906
35045,0.0147552490234375,0.9620513916015624,0.12408447265625,0.4755561351776123,-0.188284158706665,0.0190248228609561,76.08694458007812,96.20277404785156,14.20948791503906
35046,-0.013397216796875,0.97723388671875,0.143218994140625,0.4755561351776123,-0.188284158706665,0.0190248228609561,76.12327575683594,96.1949462890625,13.90290832519531
35047,-0.0334625244140625,1.004226684570312,0.0722198486328125,0.4556644558906555,-0.1256167739629745,-0.0317882895469665,76.22401428222656,96.38429260253906,13.36944580078125
35048,-0.0537872314453125,1.006881713867188,0.052978515625,0.4127899706363678,-0.191215768456459,-0.0855260863900184,76.22525024414062,96.5648193359375,13.0458984375
35049,-0.0732421875,1.003936767578125,0.0732879638671875,0.3823188841342926,-0.2172039598226547,-0.1471785306930542,76.29646301269531,96.62112426757812,12.85133361816406
35050,-0.0772857666015625,0.9840087890625,0.0553131103515625,0.3677961230278015,-0.2872951626777649,-0.1871581673622131,76.28248596191406,96.71669006347656,12.57450866699219
35051,-0.0350494384765625,0.98480224609375,0.046875,0.3013728857040405,-0.5152763724327087,-0.2809379398822784,76.19869995117188,96.83845520019533,12.06489562988281
35052,-0.0350494384765625,0.98480224609375,0.046875,0.3013728857040405,-0.5152763724327087,-0.2809379398822784,76.19869995117188,96.83845520019533,12.06489562988281
35053,-0.01239013671875,0.99078369140625,0.045654296875,0.2411244660615921,-0.5899679660797119,-0.3145688474178314,76.25057983398438,96.86160278320312,11.99868774414062
35054,0.009063720703125,1.006454467773438,0.0511627197265625,0.1992965936660767,-0.6279352903366089,-0.336975634098053,76.11041259765625,96.95169067382812,11.81663513183594
35055,0.01556396484375,1.024276733398438,0.0538482666015625,0.1909409314393997,-0.6352408528327942,-0.338919460773468,76.1383056640625,97.1707763671875,11.48341369628906
35056,0.017242431640625,1.040740966796875,0.0393524169921875,0.2226264178752899,-0.6382694244384766,-0.3450292944908142,76.03388977050781,97.28671264648438,11.0277099609375
35057,0.015625,1.043853759765625,0.019439697265625,0.2857449352741241,-0.649372935295105,-0.3367324769496918,76.01687622070312,97.3603973388672,10.889404296875
35058,0.020721435546875,1.0556640625,-0.022979736328125,0.3631220161914825,-0.6777710318565369,-0.3390198647975922,75.98100280761719,97.4373016357422,10.69889831542969
35059,0.0472259521484375,1.118667602539062,-0.0259246826171875,0.5554030537605286,-0.8209215402603149,-0.3675074279308319,75.97091674804688,97.76751708984376,10.04476928710938
35060,0.0472259521484375,1.118667602539062,-0.0259246826171875,0.5554030537605286,-0.8209215402603149,-0.3675074279308319,75.97091674804688,97.76751708984376,10.04476928710938
35061,0.0405731201171875,1.169647216796875,0.1200103759765625,0.6548771858215332,-0.7637820839881897,-0.3802258968353271,75.90444946289062,97.89544677734376,9.757904052734377
35062,0.034271240234375,1.184707641601562,0.2107696533203125,0.616568922996521,-0.6191966533660889,-0.2968907952308655,75.91407775878906,98.06716918945312,9.368194580078123
35063,0.033447265625,1.188735961914062,0.18646240234375,0.616568922996521,-0.6191966533660889,-0.2968907952308655,75.78128051757812,98.20054626464844,8.873458862304688
35064,0.0233001708984375,1.19097900390625,0.159515380859375,0.4769969284534454,-0.6603867411613464,-0.2833454310894012,75.73431396484375,98.39552307128906,8.4683837890625
35065,-0.0220947265625,1.204376220703125,0.1751251220703125,0.3727362751960754,-0.4651985764503479,-0.2246416360139847,75.72445678710938,98.43084716796876,8.220443725585938
35066,-0.0773468017578125,1.2381591796875,0.220733642578125,0.3727362751960754,-0.4651985764503479,-0.2246416360139847,75.64932250976562,98.43234252929688,7.902969360351562
35067,-0.07244873046875,1.228439331054688,0.306884765625,0.4599441587924957,-0.1624296605587006,-0.1852508187294006,75.48655700683594,98.65951538085938,7.29150390625
35068,-0.07244873046875,1.228439331054688,0.306884765625,0.4599441587924957,-0.1624296605587006,-0.1852508187294006,75.48655700683594,98.65951538085938,7.29150390625
35069,-0.052734375,1.163360595703125,0.3357696533203125,0.4296405911445618,-0.0804224014282226,-0.1852494776248932,75.44569396972656,98.74737548828124,7.292449951171875
35070,-0.0193634033203125,1.09417724609375,0.3477630615234375,0.3591453731060028,-0.0893884673714637,-0.1813679337501526,75.42044067382812,98.83810424804688,7.018829345703125
35071,0.020599365234375,1.038681030273438,0.3630523681640625,0.2813389897346497,-0.1775787770748138,-0.1823559552431107,75.31072998046875,98.8396453857422,6.835433959960938
35072,0.0578460693359375,0.9880523681640624,0.3859100341796875,0.2099846601486206,-0.275672048330307,-0.1697943657636642,75.19564819335938,99.0161590576172,6.537185668945312
35073,0.1042022705078125,0.931396484375,0.3916473388671875,0.1060558632016182,-0.3628487586975098,-0.1347628682851791,75.21827697753906,99.12396240234376,6.251800537109375
35074,0.19134521484375,0.8157196044921875,0.322479248046875,-0.1977690011262894,-0.8922830820083618,-0.0430052578449249,75.20108032226562,99.24673461914062,6.026885986328125
35075,0.19134521484375,0.8157196044921875,0.322479248046875,-0.1977690011262894,-0.8922830820083618,-0.0430052578449249,75.20108032226562,99.24673461914062,6.026885986328125
35076,0.23175048828125,0.7838134765625,0.31756591796875,-0.1977690011262894,-0.8922830820083618,-0.0430052578449249,75.18838500976562,99.27189636230467,6.040817260742188
35077,0.2814178466796875,0.7700347900390625,0.3195037841796875,-0.3027614653110504,-0.9375983476638794,-0.0283762477338314,75.35218811035156,99.2388916015625,6.0675048828125
35078,0.3383941650390625,0.7771453857421875,0.30584716796875,-0.4056164622306824,-0.8251311779022217,-0.0241407565772533,75.39002990722656,99.20718383789062,6.202011108398438
35079,0.38519287109375,0.80975341796875,0.2607421875,-0.4702761471271515,-0.5993236303329468,-0.0526003614068031,75.48709106445312,99.02792358398438,6.394180297851562
35080,0.406829833984375,0.8543853759765625,0.19818115234375,-0.4571092128753662,-0.3500925004482269,-0.0982123166322708,75.61541748046875,99.149169921875,6.464584350585938
35081,0.3777923583984375,0.9090576171875,0.1485443115234375,-0.377210944890976,-0.1350710093975067,-0.1193154752254486,75.61148071289062,99.04139709472656,6.48004150390625
35082,0.3238372802734375,0.9568634033203124,0.1305694580078125,-0.2540735602378845,0.0431527979671955,-0.0816676989197731,75.61724853515625,99.12232971191406,6.56597900390625
35083,0.2754974365234375,0.9989776611328124,0.1075592041015625,-0.1140658482909203,0.13634292781353,-0.0205015465617179,75.62458801269531,99.07737731933594,6.742584228515625
35084,0.2147064208984375,1.019149780273438,0.0779571533203125,0.0046304380521178,0.1053565144538879,0.0420252159237861,75.47233581542969,99.07414245605467,6.903289794921875
35085,0.149932861328125,1.018508911132812,0.085479736328125,0.1429962962865829,0.0114406738430261,0.1559145003557205,75.56619262695312,99.09115600585938,7.056427001953125
35086,0.113800048828125,1.012130737304688,0.117706298828125,0.1851101964712143,-0.00632767053321,0.1765958070755005,75.55119323730469,99.34498596191406,7.1199951171875
35087,0.113800048828125,1.012130737304688,0.117706298828125,0.1851101964712143,-0.00632767053321,0.1765958070755005,75.55119323730469,99.34498596191406,7.1199951171875
35088,0.0917816162109375,1.015335083007812,0.1171722412109375,0.1736761778593063,-0.0522046163678169,0.1659133434295654,75.60508728027344,99.37391662597656,7.151031494140625
35089,0.0694732666015625,1.014572143554688,0.1314849853515625,0.1635276824235916,-0.085923433303833,0.1187942922115326,75.714111328125,99.28329467773438,7.1702880859375
35090,0.0410614013671875,0.996368408203125,0.139495849609375,0.1531565338373184,-0.0675351023674011,0.0535255409777164,75.75566101074219,99.3935089111328,7.123062133789062
35091,0.0117645263671875,0.966705322265625,0.135009765625,0.0960170775651931,0.0344780832529068,0.0016152071766555,75.80717468261719,99.4719696044922,6.983505249023438
35092,-0.004730224609375,0.955352783203125,0.1097564697265625,0.0349736958742141,0.0094965659081935,-0.0327145382761955,75.83607482910156,99.41534423828124,6.992156982421875
35093,-0.00958251953125,0.95361328125,0.0555877685546875,0.0349736958742141,0.0094965659081935,-0.0327145382761955,75.84957885742188,99.42041015625,6.96038818359375
35094,-0.0006866455078125,0.924102783203125,0.0308380126953125,-0.002142246812582,-0.0636354312300682,-0.0794554129242897,75.85769653320312,99.55026245117188,6.967529296875
35095,0.0090789794921875,0.8995513916015625,0.1185760498046875,0.1473764032125473,0.1442988514900208,-0.087815873324871,75.837890625,99.53578186035156,6.976654052734375
35096,0.014129638671875,0.8988037109375,-0.0533599853515625,0.1473764032125473,0.1442988514900208,-0.087815873324871,75.81553649902344,99.59632873535156,6.956344604492188
35097,0.038970947265625,0.8789215087890625,-0.088226318359375,0.1017889454960823,-0.0320253111422061,-0.1136871501803398,75.721923828125,99.70962524414062,6.949630737304688
35098,0.0366363525390625,0.8582611083984375,-0.0004730224609375,0.0157443415373563,-0.0785424783825874,-0.1452131122350693,75.70765686035156,99.7098388671875,7.067184448242188
35099,0.0455780029296875,0.855743408203125,0.03204345703125,-0.0465520545840263,-0.0543939992785453,-0.1149172633886337,75.60673522949219,99.7187957763672,7.011825561523438
35100,0.07513427734375,0.862762451171875,0.0605010986328125,-0.0298260729759931,-0.0069372681900858,-0.0905735716223716,75.62855529785156,99.74359130859376,6.900909423828125
35101,0.0879669189453125,0.8724822998046875,0.0983123779296875,0.0970088392496109,0.2085976898670197,-0.0667049959301948,75.601806640625,99.8095245361328,6.846649169921875
35102,0.078094482421875,0.88763427734375,0.007781982421875,0.1343570053577423,0.2784550487995148,-0.0512884892523288,75.58358764648438,99.76673889160156,6.819488525390625
35103,0.084869384765625,0.899688720703125,0.032989501953125,0.0720062851905822,0.3536150455474854,-0.0457160882651805,75.53092956542969,99.8357391357422,6.715972900390625
35104,0.094085693359375,0.8990631103515625,0.0178680419921875,0.0720062851905822,0.3536150455474854,-0.0457160882651805,75.49388122558594,99.826171875,6.717666625976562
35105,0.094085693359375,0.8990631103515625,0.0178680419921875,0.0720062851905822,0.3536150455474854,-0.0457160882651805,75.49388122558594,99.826171875,6.717666625976562
35106,0.1045684814453125,0.9140167236328124,0.009033203125,0.0402369014918804,0.306262731552124,-0.0422494523227214,75.39364624023438,99.73544311523438,6.808578491210938
35107,0.12103271484375,0.9619598388671876,0.02093505859375,-0.0238038655370473,0.2494218051433563,-0.0515843629837036,75.30513000488281,99.64476013183594,6.748504638671875
35108,0.12103271484375,0.9619598388671876,0.02093505859375,-0.0238038655370473,0.2494218051433563,-0.0515843629837036,75.30513000488281,99.64476013183594,6.748504638671875
35109,0.115142822265625,0.992401123046875,0.0134735107421875,-0.0310668386518955,0.2418813407421112,-0.0665420070290565,75.33320617675781,99.7149658203125,6.903305053710938
35110,0.115234375,1.020492553710938,0.000396728515625,-0.0261788740754127,0.2566363215446472,-0.0844826623797416,75.23318481445312,99.61872863769533,7.038345336914062
35111,0.131256103515625,1.04913330078125,-0.007568359375,0.0029582392890006,0.2805397808551788,-0.1133734285831451,75.19403076171875,99.61410522460938,7.048004150390625
35112,0.137969970703125,1.0567626953125,-0.031524658203125,0.0638295784592628,0.2853483855724335,-0.1395216733217239,75.13546752929688,99.70968627929688,7.091110229492188
35113,0.1375579833984375,1.058242797851562,-0.0485076904296875,0.1452629268169403,0.2726309895515442,-0.1362425237894058,75.04209899902344,99.76618957519533,7.223190307617188
35114,0.1310272216796875,1.056900024414062,-0.05560302734375,0.2139378488063812,0.2644854485988617,-0.1290320158004761,74.98550415039062,99.89785766601562,7.105667114257812
35115,0.1287689208984375,1.04632568359375,-0.052764892578125,0.3235048353672028,0.2388378828763962,-0.1168627068400383,74.89646911621094,99.9780731201172,7.163818359375
35116,0.10418701171875,1.054351806640625,-0.071136474609375,0.3202930688858032,0.0897479951381683,0.0415860600769519,74.83311462402344,100.0537109375,7.031997680664062
35117,0.1199951171875,1.064727783203125,-0.02508544921875,0.2996434271335602,-0.0111538516357541,0.1195554286241531,74.7728271484375,99.88829040527344,7.288467407226562
35118,0.1199951171875,1.064727783203125,-0.02508544921875,0.2996434271335602,-0.0111538516357541,0.1195554286241531,74.7728271484375,99.88829040527344,7.288467407226562
35119,0.1463775634765625,1.012527465820312,-0.015472412109375,0.3258875608444214,0.0160087943077087,0.0418430529534816,74.68246459960938,100.1076049804688,6.980545043945312
35120,0.1446533203125,1.004547119140625,-0.068267822265625,0.3563549220561981,-0.3137480616569519,0.0593386925756931,74.89692687988281,100.1505889892578,6.52386474609375
35121,0.1636505126953125,1.008316040039062,-0.038299560546875,0.3103509545326233,-0.458543062210083,0.1143896952271461,74.85096740722656,100.2084350585938,6.4368896484375
35122,0.1943511962890625,0.94659423828125,-0.03656005859375,0.2040250301361084,-0.2436129301786423,-0.1070833131670952,74.98678588867188,100.3285827636719,6.2310791015625
35123,0.1943511962890625,0.94659423828125,-0.03656005859375,0.2040250301361084,-0.2436129301786423,-0.1070833131670952,74.98678588867188,100.3285827636719,6.2310791015625
35124,0.1943511962890625,0.94659423828125,-0.03656005859375,0.2040250301361084,-0.2436129301786423,-0.1070833131670952,74.98678588867188,100.3285827636719,6.2310791015625
35125,0.1966705322265625,0.9359893798828124,0.0079803466796875,0.2040250301361084,-0.2436129301786423,-0.1070833131670952,75.00015258789062,100.3381805419922,6.02032470703125
35126,0.1889190673828125,0.9522857666015624,0.0639801025390625,0.1618970185518265,0.1052611768245697,-0.1849738508462906,75.12335205078125,100.3858489990234,5.875900268554688
35127,0.17596435546875,0.9868011474609376,0.016082763671875,0.0824879556894302,0.3002181351184845,-0.1039197370409966,75.00901794433594,100.3589172363281,5.812713623046875
35128,0.129974365234375,1.03814697265625,-0.04620361328125,0.0316013358533382,0.1918099075555801,-0.0545434020459651,74.99922180175781,100.29541015625,5.729965209960938
35129,0.078399658203125,1.0430908203125,-0.032257080078125,0.0316013358533382,0.1918099075555801,-0.0545434020459651,74.8272705078125,100.3599395751953,5.633514404296875
35130,0.0707244873046875,1.018173217773438,0.0199432373046875,-0.0177007000893354,0.3894324600696564,-0.1588272005319595,74.78230285644531,100.5858154296875,5.557037353515625
35131,0.0844573974609375,1.013641357421875,-0.0596923828125,0.2625397443771362,0.0871902927756309,-0.0691564306616783,74.69525146484375,100.5797271728516,5.758041381835938
35132,-0.00592041015625,1.109207153320312,-0.0575408935546875,0.2577380537986755,-0.2006180584430695,0.0764239355921745,74.61337280273438,100.6410217285156,5.750869750976562
35133,-0.00457763671875,1.184661865234375,-0.0580902099609375,0.2577380537986755,-0.2006180584430695,0.0764239355921745,74.52912902832031,100.7576293945312,5.6441650390625
35134,0.0429534912109375,1.186447143554688,-0.06976318359375,0.267226368188858,-0.606778621673584,0.179767906665802,74.481201171875,100.7132568359375,5.66217041015625
35135,0.054290771484375,1.176025390625,-0.018280029296875,0.2999425232410431,-0.964383065700531,0.2311605215072632,74.55108642578125,100.7767639160156,5.519927978515625
35136,0.08929443359375,1.133132934570312,0.0807952880859375,0.2932326793670654,-1.048308610916138,0.2375134825706482,74.60316467285156,100.6562652587891,5.320098876953125
35137,0.134246826171875,1.098922729492188,0.1485595703125,0.2626057863235474,-0.8558576703071594,0.1760993897914886,74.84233093261719,100.7407836914062,5.159576416015625
35138,0.053619384765625,1.00830078125,0.1856689453125,0.4136831760406494,-0.2358910888433456,0.0049651972949504,75.25645446777344,100.5631408691406,4.260665893554688
35139,0.053619384765625,1.00830078125,0.1856689453125,0.4136831760406494,-0.2358910888433456,0.0049651972949504,75.25645446777344,100.5631408691406,4.260665893554688
35140,0.053619384765625,1.00830078125,0.1856689453125,0.4136831760406494,-0.2358910888433456,0.0049651972949504,75.25645446777344,100.5631408691406,4.260665893554688
35141,0.028961181640625,0.9983062744140624,0.2071380615234375,0.5042812824249268,-0.0929280743002891,-0.0391633808612823,75.27694702148438,100.6715240478516,4.218002319335938
35142,-0.0401763916015625,0.9846038818359376,0.26763916015625,0.6237922310829163,0.4970097839832306,-0.2179999798536301,75.31179809570312,100.6974334716797,4.14288330078125
35143,-0.0401763916015625,0.9846038818359376,0.26763916015625,0.6237922310829163,0.4970097839832306,-0.2179999798536301,75.31179809570312,100.6974334716797,4.14288330078125
35144,-0.07867431640625,1.012496948242188,0.2856292724609375,0.6237922310829163,0.4970097839832306,-0.2179999798536301,75.19143676757812,100.6654052734375,3.8951416015625
35145,-0.118804931640625,1.040878295898438,0.3119964599609375,0.572787880897522,0.7089755535125732,-0.2429210394620895,75.15605163574219,100.7620697021484,3.362655639648438
35146,-0.13525390625,1.052505493164062,0.322998046875,0.5042868852615356,0.9307093024253844,-0.2303261458873749,74.92933654785156,100.9174652099609,2.86590576171875
35147,-0.1694183349609375,1.070602416992188,0.312744140625,0.2497517764568329,1.148605346679688,-0.1033237278461456,74.74571228027344,101.041015625,2.716064453125
35148,-0.1694183349609375,1.070602416992188,0.312744140625,0.2497517764568329,1.148605346679688,-0.1033237278461456,74.74571228027344,101.041015625,2.716064453125
35149,-0.2513885498046875,1.029983520507812,0.2103118896484375,-0.0281429551541805,1.051456689834595,0.0266848746687173,74.43453979492188,101.2800598144531,2.656402587890625
35150,-0.2613372802734375,1.016769409179688,0.1338958740234375,-0.0359239131212234,0.8356245756149292,0.0317589938640594,74.26142883300781,101.2210540771484,3.09259033203125
35151,-0.2703857421875,0.9395294189453124,0.1161651611328125,-0.0359239131212234,0.8356245756149292,0.0317589938640594,74.11256408691406,101.2464294433594,3.2342529296875
35152,-0.23211669921875,0.88134765625,0.1344451904296875,-0.0101548992097377,0.7366721630096436,0.0774295404553413,73.985107421875,101.1428833007812,3.495880126953125
35153,-0.1697235107421875,0.8922576904296875,0.0652313232421875,0.0084323668852448,0.5798801779747009,0.0692091658711433,74.03805541992188,101.1284332275391,3.366043090820312
35154,-0.1143646240234375,0.87225341796875,0.05926513671875,0.0601943656802177,0.2547603845596313,0.0282968860119581,73.92958068847656,101.0548248291016,3.306777954101562
35155,-0.0770721435546875,0.860198974609375,0.15802001953125,0.0790894925594329,-0.0455131568014621,0.0160221103578805,73.99710083007812,101.0799865722656,3.302291870117188
35156,-0.036163330078125,0.8496246337890625,0.202880859375,0.0790894925594329,-0.0455131568014621,0.0160221103578805,73.95272827148438,100.9810485839844,3.385818481445312
35157,0.0110626220703125,0.8610076904296875,0.19317626953125,-0.0381026454269886,-0.0268941987305879,0.0814794152975082,74.03474426269531,101.0486297607422,3.458251953125
35158,0.051605224609375,0.8776397705078125,0.1644439697265625,-0.1666254699230194,-0.0639984235167503,0.1408263593912125,74.0623779296875,100.9736480712891,3.572219848632812
35159,0.080902099609375,0.891143798828125,0.1634063720703125,-0.2457128316164017,-0.1127859354019165,0.1750554293394089,73.99531555175781,101.0993347167969,3.52020263671875
35160,0.1040191650390625,0.905792236328125,0.1757354736328125,-0.1929872930049896,-0.1466046273708344,0.1745643466711044,74.09445190429688,101.1556549072266,3.524154663085938
35161,0.1156768798828125,0.9397125244140624,0.19598388671875,-0.1929872930049896,-0.1466046273708344,0.1745643466711044,74.147705078125,101.2293548583984,3.58026123046875
35162,0.1358795166015625,0.9629974365234376,0.2064208984375,-0.164417177438736,-0.0533819980919361,0.1515442579984665,74.27676391601562,101.0811767578125,3.695205688476562
35163,0.156097412109375,0.9954681396484376,0.181427001953125,-0.2868847548961639,0.2848969697952271,0.143327072262764,74.380126953125,100.9823760986328,3.741867065429688
35164,0.1378326416015625,1.007049560546875,0.1655120849609375,-0.3602982759475708,0.5601407885551453,0.1510949730873108,74.44099426269531,100.7422180175781,3.760391235351562
35165,0.1250152587890625,1.0218505859375,0.1134796142578125,-0.3293597996234894,0.6705016493797302,0.1831035017967224,74.58547973632812,100.5436096191406,3.9207763671875
35166,0.0786895751953125,1.06732177734375,-0.0223388671875,-0.1516249477863312,0.5791480541229248,0.2376777976751328,74.62721252441406,100.5097961425781,4.41070556640625
35167,0.0786895751953125,1.06732177734375,-0.0223388671875,-0.1516249477863312,0.5791480541229248,0.2376777976751328,74.62721252441406,100.5097961425781,4.41070556640625
35168,0.0509185791015625,1.0439453125,-0.04547119140625,-0.1516249477863312,0.5791480541229248,0.2376777976751328,74.64846801757812,100.3954010009766,4.51318359375
35169,0.0120697021484375,1.0157470703125,-0.060089111328125,-0.093922235071659,0.5413578152656555,0.2226842045783997,74.58401489257812,100.2095489501953,4.725051879882812
35170,-0.018096923828125,1.016952514648438,-0.07049560546875,-0.0094994958490133,0.437766432762146,0.2345099747180939,74.58570861816406,100.0465545654297,4.858749389648438
35171,-0.036773681640625,1.013214111328125,-0.0155792236328125,0.0170554164797067,0.4674364328384399,0.1999719738960266,74.59135437011719,100.0943450927734,5.00604248046875
35172,-0.0261383056640625,0.9773101806640624,0.0412750244140625,-0.0307030510157346,0.5925091505050659,0.1161614954471588,74.6954345703125,100.069091796875,5.10150146484375
35173,-0.0370025634765625,0.935302734375,0.0440826416015625,-0.0307030510157346,0.5925091505050659,0.1161614954471588,74.80784606933594,99.98643493652344,5.181488037109375
35174,-0.0427398681640625,0.89935302734375,0.053009033203125,-0.084145501255989,0.6831588745117188,0.0306782834231853,74.88984680175781,99.84371948242188,5.166641235351562
35175,-0.021881103515625,0.8948822021484375,0.08258056640625,-0.2045669853687286,0.8063170313835144,-0.1096705719828606,74.89979553222656,99.79351806640624,5.224700927734375
35176,0.001251220703125,0.91070556640625,0.1065826416015625,-0.2045669853687286,0.8063170313835144,-0.1096705719828606,74.87063598632812,99.88414001464844,5.259490966796875
35177,0.01611328125,0.91571044921875,0.1129913330078125,-0.2332484275102615,0.8438409566879272,-0.1502291858196259,74.68824768066406,99.92344665527344,5.455093383789062
35178,0.0208587646484375,0.9184722900390624,0.1095123291015625,-0.2496021091938019,0.8486785888671875,-0.1370055228471756,74.63655090332031,99.8971710205078,5.560821533203125
35179,0.0328826904296875,0.9131622314453124,0.093475341796875,-0.2648100852966309,0.7842900156974792,-0.0891913920640945,74.51008605957031,99.86367797851562,5.868820190429688
35180,0.0430908203125,0.87841796875,0.07550048828125,-0.2891710996627808,0.6341162323951721,-0.0633427500724792,74.42747497558594,99.89845275878906,6.123199462890625
35181,0.0540008544921875,0.8273162841796875,0.0502777099609375,-0.3534073233604431,0.4418248236179352,-0.0876843109726905,74.3192138671875,99.84649658203124,6.446243286132812
35182,0.0770416259765625,0.8388824462890625,-0.0107269287109375,-0.3984568417072296,0.1647940129041672,-0.1349849849939346,74.28730773925781,99.94082641601562,6.7967529296875
35183,0.1262664794921875,1.011856079101562,-0.0779571533203125,-0.3160929977893829,-0.7099825143814087,0.0022391858510673,74.31015014648438,100.0218353271484,7.11773681640625
35184,0.110565185546875,0.9564056396484376,0.0088043212890625,-0.3631462454795837,-0.5095114707946777,-0.1574436873197556,74.19754028320312,99.988525390625,7.35455322265625
35185,0.102691650390625,0.7852935791015625,0.0329132080078125,-0.3631462454795837,-0.5095114707946777,-0.1574436873197556,74.11116027832031,100.0185241699219,7.560546875
35186,0.05780029296875,1.069351196289062,-0.0675506591796875,-0.2913391590118408,-0.3206696212291718,0.0319384932518005,74.23167419433594,99.91453552246094,7.781463623046875
35187,0.05780029296875,1.069351196289062,-0.0675506591796875,-0.2913391590118408,-0.3206696212291718,0.0319384932518005,74.23167419433594,99.91453552246094,7.781463623046875
35188,0.08111572265625,1.098617553710938,-0.0516204833984375,-0.3150029480457306,-0.3864145576953888,0.1457313746213913,74.27897644042969,99.846435546875,8.034927368164062
35189,0.092132568359375,1.104949951171875,-0.018829345703125,-0.2817645668983459,-0.4258208274841309,0.2250552177429199,74.41853332519531,99.81291198730467,8.080062866210938
35190,0.071441650390625,1.029296875,-0.0273590087890625,-0.1991423964500427,-0.3902966380119324,0.1797950565814972,74.67726135253906,99.76560974121094,8.120407104492188
35191,0.071441650390625,1.029296875,-0.0273590087890625,-0.1991423964500427,-0.3902966380119324,0.1797950565814972,74.67726135253906,99.76560974121094,8.120407104492188
35192,0.0537109375,1.078338623046875,-0.0210723876953125,-0.1857557445764542,-0.4032619595527649,0.1851738542318344,74.7803955078125,99.78492736816406,8.094512939453125
35193,0.055938720703125,1.07733154296875,-0.0152130126953125,-0.2252994328737259,-0.397722065448761,0.1799636483192444,74.903076171875,99.70368957519533,8.061477661132812
35194,0.052520751953125,1.095565795898438,-0.043914794921875,-0.2481240481138229,-0.427121490240097,0.1227818429470062,75.06401062011719,99.55941772460938,8.08087158203125
35195,0.052520751953125,1.095565795898438,-0.043914794921875,-0.2481240481138229,-0.427121490240097,0.1227818429470062,75.06401062011719,99.55941772460938,8.08087158203125
35196,0.03759765625,1.048492431640625,-0.0599212646484375,-0.2405329793691635,-0.4950579404830933,0.0397889576852321,75.18199157714844,99.57560729980467,8.026641845703125
35197,0.0032958984375,1.011627197265625,-0.0594940185546875,-0.2407697290182114,-0.5945197939872742,-0.0736047104001045,75.27296447753906,99.37467956542967,8.022308349609375
35198,-0.0357818603515625,1.0054931640625,-0.027313232421875,-0.2080448120832443,-0.6918924450874329,-0.1090503185987473,75.25340270996094,99.1190185546875,7.87835693359375
35199,-0.0755615234375,0.9032440185546876,-0.0110321044921875,-0.1608964800834656,-0.7586357593536377,-0.1608237624168396,75.18533325195312,99.09262084960938,7.632400512695312
35200,-0.0903778076171875,0.8728790283203125,0.026885986328125,-0.0687375217676162,-0.7130962610244751,-0.1926576048135757,75.31681823730469,99.11000061035156,7.48577880859375
35201,-0.0532684326171875,0.97076416015625,-0.0435943603515625,0.0811334699392318,-0.8700941205024719,-0.2079409509897232,75.32089233398438,98.96809387207033,7.383102416992188
35202,-0.0991058349609375,0.841644287109375,-0.0638427734375,0.13408562541008,-1.152827858924866,-0.3513844013214111,75.20793151855469,99.08653259277344,7.277130126953125
35203,-0.1552886962890625,0.5808258056640625,-0.0487823486328125,-0.1518092304468155,-1.504452228546143,-0.7316997647285461,75.23190307617188,99.2408447265625,6.983322143554688
35204,-0.1383819580078125,0.671417236328125,0.085052490234375,-0.3728374838829041,-1.757762432098389,-0.8046770691871643,75.17401123046875,99.34764099121094,6.726272583007812
35205,-0.113983154296875,0.9476776123046876,0.1485595703125,-0.4935401976108551,-1.732677578926086,-0.6470088362693787,75.10983276367188,99.56048583984376,6.485183715820312
35206,-0.09075927734375,1.190689086914062,0.13555908203125,-0.5790069103240967,-1.50034773349762,-0.3651918172836304,74.99627685546875,99.52545166015624,6.34100341796875
35207,-0.0600738525390625,1.352676391601562,0.073577880859375,-0.5710493922233582,-1.270870327949524,-0.202244445681572,75.05043029785156,99.52691650390624,6.182907104492188
35208,-0.024383544921875,1.358901977539062,0.02398681640625,-0.4690164923667908,-1.112273693084717,-0.1413906812667847,75.06904602050781,99.52713012695312,6.254470825195312
35209,-0.015716552734375,1.244903564453125,-0.0335845947265625,-0.2639664113521576,-0.9758594632148744,-0.0889447852969169,75.14482116699219,99.54019165039062,6.246597290039062
35210,-0.1139373779296875,1.127059936523438,-0.1045989990234375,0.0182610284537077,-1.024941205978394,0.0033848776947706,75.31739807128906,99.34664916992188,6.306442260742188
35211,-0.1174774169921875,1.109039306640625,-0.0561065673828125,0.2483932971954346,-1.10680091381073,0.0361449532210826,75.38360595703125,99.4486846923828,6.048065185546875
35212,-0.08648681640625,1.140289306640625,0.0294189453125,0.3934799134731293,-1.134146571159363,0.0050544133409857,75.55950927734375,99.48817443847656,5.949508666992188
35213,-0.029052734375,1.130996704101562,0.079010009765625,0.4736096262931824,-1.268589615821838,-0.0639291778206825,75.68247985839844,99.53759765625,5.590972900390625
35214,0.0661773681640625,1.110946655273438,0.1213836669921875,0.5055590271949768,-1.519105434417725,0.0583011247217655,75.83732604980469,99.60452270507812,5.322189331054688
35215,0.0858612060546875,1.114471435546875,0.127105712890625,0.2903002798557281,-2.014722347259521,-0.0445046164095401,75.91677856445312,99.69447326660156,4.81451416015625
35216,0.07269287109375,0.9788970947265624,0.2135467529296875,0.2903002798557281,-2.014722347259521,-0.0445046164095401,76.00492858886719,99.7738800048828,4.38482666015625
35217,0.0607452392578125,0.882171630859375,0.2649383544921875,0.144560381770134,-1.630372047424316,-0.1538364291191101,76.16325378417969,99.91790771484376,3.99285888671875
35218,0.008453369140625,0.898773193359375,0.17822265625,0.1189452931284904,-1.382514238357544,-0.2670798897743225,76.3802490234375,100.0924377441406,3.59112548828125
35219,-0.0137939453125,0.8896636962890625,0.1618194580078125,0.1901339888572693,-1.367019772529602,-0.2838759124279022,76.36065673828125,100.1532745361328,3.36279296875
35220,-0.02923583984375,0.913360595703125,0.2232513427734375,0.2321834415197372,-1.347319006919861,-0.2590619325637817,76.32095336914062,100.2757568359375,3.175872802734375
35221,-0.021881103515625,0.916534423828125,0.2450408935546875,0.2032375335693359,-1.290019035339355,-0.2239039391279221,76.286865234375,100.3932495117188,2.736282348632812
35222,0.0334930419921875,0.91278076171875,0.20721435546875,0.0222075674682855,-1.224091649055481,-0.1906823366880417,76.27113342285156,100.5267791748047,1.91522216796875
35223,0.0334930419921875,0.91278076171875,0.20721435546875,0.0222075674682855,-1.224091649055481,-0.1906823366880417,76.27113342285156,100.5267791748047,1.91522216796875
35224,0.039154052734375,0.9224853515625,0.1797332763671875,-0.1007705554366112,-1.229290127754211,-0.1892897635698318,76.28521728515625,100.5143585205078,1.677658081054688
35225,0.0288543701171875,0.93084716796875,0.158447265625,-0.1983253359794617,-1.233522415161133,-0.204857274889946,76.26576232910156,100.5464019775391,1.5318603515625
35226,0.0093994140625,0.937530517578125,0.1367950439453125,-0.2515051960945129,-1.242537260055542,-0.1961090564727783,76.22569274902344,100.5456695556641,1.372344970703125
35227,-0.006317138671875,0.95166015625,0.1091766357421875,-0.2434693872928619,-1.262569189071655,-0.1995083093643188,76.22224426269531,100.7171325683594,1.076004028320312
35228,-0.0135040283203125,0.9606781005859376,0.0859832763671875,-0.1993226855993271,-1.317145705223083,-0.2030551135540009,76.23187255859375,100.8309478759766,0.790496826171875
35229,-0.0162353515625,0.96160888671875,0.08428955078125,-0.1319668143987656,-1.361641764640808,-0.2092070132493973,76.2823486328125,100.8290557861328,0.7664794921875
35230,-0.0106201171875,0.961517333984375,0.093597412109375,-0.0700682997703552,-1.407375931739807,-0.1949782818555832,76.31399536132812,100.6847839355469,0.653472900390625
35231,-0.0006256103515625,0.964996337890625,0.118194580078125,-0.0487241297960281,-1.469611883163452,-0.1132842153310776,76.29754638671875,100.8086853027344,0.3983612060546875
35232,0.016357421875,0.97564697265625,0.149383544921875,-0.0487241297960281,-1.469611883163452,-0.1132842153310776,76.18643188476562,100.9298553466797,0.2233428955078125
35233,0.0415496826171875,0.990570068359375,0.1795501708984375,-0.0929528400301933,-1.494587540626526,-0.059547483921051,76.20840454101562,100.9112396240234,-0.023956298828125
35234,0.0655975341796875,1.004257202148438,0.207550048828125,-0.1525919437408447,-1.506108164787292,-0.0085815042257308,76.21299743652344,100.9104156494141,-0.2946014404296875
35235,0.0931549072265625,1.024322509765625,0.2318267822265625,-0.2292947024106979,-1.518464684486389,0.0426569171249866,76.29386901855469,100.969482421875,-0.57940673828125
35236,0.12335205078125,1.041030883789062,0.2618865966796875,-0.3051170408725739,-1.508462309837341,0.0879373103380203,76.38188171386719,100.9344940185547,-0.7259063720703125
35237,0.1858367919921875,1.088088989257812,0.28924560546875,-0.5109567642211914,-1.272945404052734,0.1270772516727448,76.57781982421875,100.8252716064453,-0.8602294921875
35238,0.250396728515625,1.0740966796875,0.223388671875,-0.5420504808425903,-1.243736743927002,0.1101571321487427,76.80360412597656,100.5907897949219,-0.8939666748046875
35239,0.27105712890625,1.06048583984375,0.1745147705078125,-0.5420504808425903,-1.243736743927002,0.1101571321487427,76.99751281738281,100.6176452636719,-0.9093780517578124
35240,0.27105712890625,1.06048583984375,0.1745147705078125,-0.5420504808425903,-1.243736743927002,0.1101571321487427,76.99751281738281,100.6176452636719,-0.9093780517578124
35241,0.27105712890625,1.06048583984375,0.1745147705078125,-0.5420504808425903,-1.243736743927002,0.1101571321487427,76.99751281738281,100.6176452636719,-0.9093780517578124
35242,0.2976531982421875,1.012771606445312,0.072021484375,-0.4665099084377289,-1.064767479896545,0.1268274486064911,77.25242614746094,100.5252532958984,-0.586090087890625
35243,0.29986572265625,0.983795166015625,0.018951416015625,-0.3922045230865479,-0.9518539905548096,0.1423614025115967,77.31690979003906,100.4800720214844,-0.5832977294921875
35244,0.29986572265625,0.983795166015625,0.018951416015625,-0.3922045230865479,-0.9518539905548096,0.1423614025115967,77.31690979003906,100.4800720214844,-0.5832977294921875
35245,0.2997894287109375,0.9661407470703124,-0.00982666015625,-0.199012964963913,-0.8560635447502136,0.2299016416072845,77.39334106445312,100.4214324951172,-0.7647857666015625
35246,0.286041259765625,0.9751739501953124,-0.0134735107421875,-0.199012964963913,-0.8560635447502136,0.2299016416072845,77.45518493652344,100.4376831054688,-0.8735809326171875
35247,0.2684783935546875,1.003524780273438,0.0095672607421875,-0.1301454901695251,-0.8679010272026062,0.2863540053367615,77.5804443359375,100.4468994140625,-1.020339965820312
35248,0.247100830078125,1.03826904296875,0.041900634765625,-0.1127622351050377,-0.8556938767433167,0.3097599744796753,77.73501586914062,100.2969512939453,-1.064437866210938
35249,0.2152557373046875,1.053924560546875,0.072021484375,-0.1185713857412338,-0.8193143010139465,0.3218784332275391,77.97747802734375,100.2707977294922,-1.015823364257812
35250,0.181549072265625,1.074264526367188,0.063873291015625,-0.1523035168647766,-0.8215407133102417,0.3125650882720947,78.04513549804688,100.2256774902344,-1.025100708007812
35251,0.1628875732421875,1.053741455078125,0.129669189453125,-0.2838620841503143,-0.8954184055328369,0.3157821893692017,78.36854553222656,100.3318786621094,-1.313674926757812
35252,0.1628875732421875,1.053741455078125,0.129669189453125,-0.2838620841503143,-0.8954184055328369,0.3157821893692017,78.36854553222656,100.3318786621094,-1.313674926757812
35253,0.156402587890625,1.039688110351562,0.1433258056640625,-0.2832159996032715,-0.8418590426445007,0.3030280470848083,78.54399108886719,100.2034149169922,-1.290054321289062
35254,0.144500732421875,1.028396606445312,0.127593994140625,-0.2727859914302826,-0.8045098185539246,0.3013470470905304,78.79267883300781,100.2254638671875,-1.235916137695312
35255,0.1398773193359375,1.0093994140625,0.1181793212890625,-0.2489568293094635,-0.7602584362030029,0.2901450097560883,78.88531494140625,100.2827911376953,-1.187820434570312
35256,0.1315155029296875,0.987335205078125,0.09161376953125,-0.2138513028621674,-0.6997879147529602,0.2755285203456879,79.08840942382812,100.2656097412109,-1.157318115234375
35257,0.1363525390625,0.9662322998046876,0.0770721435546875,-0.1677333414554596,-0.6532092094421387,0.2417894601821899,79.23684692382812,100.2789611816406,-1.248428344726562
35258,0.1453857421875,0.9426116943359376,0.0579681396484375,-0.1039290651679039,-0.5802791118621826,0.1868937164545059,79.43260192871094,100.2017211914062,-1.158523559570312
35259,0.1604766845703125,0.893768310546875,0.0145416259765625,-0.0614340640604496,-0.5954926609992981,0.1314371228218079,79.44754028320312,100.1899261474609,-1.261611938476562
35260,0.1853485107421875,0.8629302978515625,0.0189666748046875,-0.0545929372310638,-0.6318104863166809,0.0940862819552421,79.56074523925781,100.2061157226562,-1.196807861328125
35261,0.201751708984375,0.8658294677734375,0.0463409423828125,-0.0774178281426429,-0.6401498913764954,0.0787584632635116,79.64727783203125,100.0632171630859,-1.210052490234375
35262,0.209075927734375,0.8805999755859375,0.05780029296875,-0.1254631131887436,-0.6347753405570984,0.0831795781850814,79.68812561035156,99.95623779296876,-1.128738403320312
35263,0.216766357421875,0.9058990478515624,0.05706787109375,-0.2345230281352997,-0.6249293684959412,0.1049218848347664,79.66972351074219,99.99777221679688,-1.289886474609375
35264,0.223480224609375,0.9285430908203124,0.053436279296875,-0.2345230281352997,-0.6249293684959412,0.1049218848347664,79.74310302734375,99.95619201660156,-1.439651489257812
35265,0.219329833984375,0.950531005859375,0.042144775390625,-0.2201422154903412,-0.5850024819374084,0.1086830720305443,79.79826354980469,99.87588500976562,-1.397537231445312
35266,0.2093963623046875,0.9670867919921876,0.047271728515625,-0.1721472591161728,-0.5518168210983276,0.0986429527401924,79.911865234375,99.7852783203125,-1.0279541015625
35267,0.17987060546875,0.97979736328125,0.0794830322265625,-0.129725769162178,-0.5279098749160767,0.0922228693962097,80.20220947265625,99.46853637695312,-0.278472900390625
35268,0.17987060546875,0.97979736328125,0.0794830322265625,-0.129725769162178,-0.5279098749160767,0.0922228693962097,80.20220947265625,99.46853637695312,-0.278472900390625
35269,0.15765380859375,0.9799652099609376,0.08917236328125,-0.0985068678855896,-0.5218394994735718,0.0875287801027298,80.18548583984375,99.56852722167967,-0.7756805419921875
35270,0.136688232421875,0.989715576171875,0.100830078125,-0.0895852744579315,-0.526454508304596,0.0654565021395683,80.21888732910156,99.63882446289062,-1.135513305664062
35271,0.1167144775390625,1.002593994140625,0.1208038330078125,-0.0933443307876586,-0.4990193843841553,0.0349385440349578,80.27168273925781,99.63706970214844,-1.412643432617188
35272,0.10675048828125,1.013504028320312,0.1266937255859375,-0.0924843922257423,-0.4551624655723572,-0.0586864836513996,80.24649047851562,99.64398193359376,-1.634674072265625
35273,0.096923828125,1.019073486328125,0.12506103515625,-0.0924843922257423,-0.4551624655723572,-0.0586864836513996,80.2528076171875,99.72071838378906,-1.762054443359375
35274,0.097198486328125,1.025604248046875,0.132293701171875,-0.0894087105989456,-0.4640803039073944,-0.0988552048802375,80.26748657226562,99.63296508789062,-1.915634155273438
35275,0.1855926513671875,1.0421142578125,0.2200927734375,-0.0547399446368217,-0.4625050723552704,-0.1034843102097511,80.29434204101562,99.74082946777344,-2.011077880859375
35276,0.1855926513671875,1.0421142578125,0.2200927734375,-0.0547399446368217,-0.4625050723552704,-0.1034843102097511,80.29434204101562,99.74082946777344,-2.011077880859375
35277,0.1983795166015625,1.033233642578125,0.2545928955078125,-0.0350551903247833,-0.4909404218196869,-0.0607174076139926,80.31918334960938,99.68180847167967,-2.0264892578125
35278,0.205078125,1.017669677734375,0.2907562255859375,-0.122060663998127,-0.5662775039672852,0.0422073751688003,80.25347900390625,99.65492248535156,-2.0921630859375
35279,0.1614837646484375,0.953155517578125,0.3361968994140625,-0.2077915519475937,-0.5154169797897339,0.0933472588658332,80.16098022460938,99.9517059326172,-2.30633544921875
35280,0.1614837646484375,0.953155517578125,0.3361968994140625,-0.2077915519475937,-0.5154169797897339,0.0933472588658332,80.16098022460938,99.9517059326172,-2.30633544921875
35281,0.113067626953125,0.9097442626953124,0.29571533203125,-0.2446105480194092,-0.3702603578567505,0.1098047941923141,80.16554260253906,99.8148956298828,-2.185806274414062
35282,0.0435638427734375,0.88494873046875,0.186004638671875,-0.2340124994516373,-0.2131367772817612,0.1071986258029938,80.17134094238281,99.78297424316406,-2.28045654296875
35283,-0.002288818359375,0.8883209228515625,0.093292236328125,-0.1361666321754456,-0.0484199970960617,0.0559503510594368,80.27104187011719,99.79736328125,-2.40118408203125
35284,-0.0249176025390625,0.9061737060546876,0.04248046875,-0.0822799578309059,-0.048769935965538,0.0364773161709308,80.17959594726562,99.70782470703124,-2.287384033203125
35285,-0.03045654296875,0.9316864013671876,0.01983642578125,-0.0822799578309059,-0.048769935965538,0.0364773161709308,80.19816589355469,99.61955261230467,-2.164932250976562
35286,-0.009124755859375,0.9498138427734376,0.0647735595703125,-0.0417466461658477,-0.084426999092102,0.0168439615517854,80.31190490722656,99.54458618164062,-2.190109252929688
35287,0.0219573974609375,0.9705352783203124,0.15948486328125,0.0104920556768775,-0.0208823792636394,-0.0099807288497686,80.28509521484375,99.49754333496094,-2.22052001953125
35288,0.0580902099609375,0.9745635986328124,0.13909912109375,-0.0111109744757413,-0.0595956854522228,-0.0270164366811513,80.3359375,99.49073791503906,-2.095474243164062
35289,0.103973388671875,0.988433837890625,0.22979736328125,0.0041484059765934,-0.0101413177326321,-0.0498136281967163,80.37760925292969,99.51072692871094,-2.123687744140625
35290,0.164093017578125,0.97991943359375,0.2081756591796875,-0.1551728099584579,-0.1288951337337494,-0.0160415507853031,80.39088439941406,99.5937957763672,-2.145095825195312
35291,0.164093017578125,0.97991943359375,0.2081756591796875,-0.1551728099584579,-0.1288951337337494,-0.0160415507853031,80.39088439941406,99.5937957763672,-2.145095825195312
35292,0.2076568603515625,0.9884490966796876,0.2190704345703125,-0.1639713644981384,-0.1288661062717438,-0.0276260357350111,80.37289428710938,99.57814025878906,-2.234710693359375
35293,0.2223052978515625,1.005508422851562,0.2107086181640625,-0.1443720906972885,-0.11347596347332,-0.0268193632364273,80.40431213378906,99.48500061035156,-2.213729858398438
35294,0.2315216064453125,1.023330688476562,0.187835693359375,-0.1263408958911896,-0.1014904081821442,-0.0165552739053964,80.33515930175781,99.52517700195312,-2.114501953125
35295,0.2209625244140625,1.037033081054688,0.162750244140625,-0.1064468175172806,-0.1128557100892067,-0.0098467720672488,80.40296936035156,99.4027099609375,-2.162918090820312
35296,0.1911468505859375,1.024978637695312,0.147125244140625,-0.0737141668796539,-0.1627803891897202,-0.0045326999388635,80.414306640625,99.4689483642578,-1.96685791015625
35297,0.1689300537109375,0.998382568359375,0.1544342041015625,-0.011885954067111,-0.2101511061191559,-0.0324681960046291,80.32266235351562,99.37667846679688,-1.818572998046875
35298,0.1444244384765625,0.98150634765625,0.1581268310546875,0.0026447852142155,-0.3822128772735596,-0.1161899864673615,80.30451965332031,99.3760986328125,-1.926010131835938
35299,0.1444244384765625,0.98150634765625,0.1581268310546875,0.0026447852142155,-0.3822128772735596,-0.1161899864673615,80.30451965332031,99.3760986328125,-1.926010131835938
35300,0.14874267578125,0.973724365234375,0.1684112548828125,-0.0110127041116356,-0.4340995252132416,-0.1218454763293266,80.29586791992188,99.46632385253906,-1.952667236328125
35301,0.1611175537109375,0.969757080078125,0.193145751953125,-0.0110127041116356,-0.4340995252132416,-0.1218454763293266,80.27326965332031,99.4393310546875,-2.21435546875
35302,0.170074462890625,0.97076416015625,0.199615478515625,-0.0135786589235067,-0.4521767795085907,-0.1186917647719383,80.18727111816406,99.387939453125,-2.235183715820312
35303,0.171661376953125,0.9717254638671876,0.1966400146484375,-0.0099844569340348,-0.4552375674247742,-0.107781320810318,80.24607849121094,99.54722595214844,-2.33026123046875
35304,0.1693572998046875,0.968414306640625,0.1941070556640625,-0.0150449955835938,-0.4556564688682556,-0.0947747156023979,80.18551635742188,99.5915985107422,-2.4453125
35305,0.1595611572265625,0.9635162353515624,0.19049072265625,-0.015589346177876,-0.4366798400878906,-0.0849130228161811,80.11009216308594,99.66070556640624,-2.651260375976562
35306,0.1347808837890625,0.95361328125,0.177520751953125,-0.0135544249787926,-0.4497953951358795,-0.0921285971999168,80.10165405273438,99.54544067382812,-2.848831176757812
35307,0.1347808837890625,0.95361328125,0.177520751953125,-0.0135544249787926,-0.4497953951358795,-0.0921285971999168,80.10165405273438,99.54544067382812,-2.848831176757812
35308,0.1270751953125,0.9512481689453124,0.1720123291015625,-0.0313201062381267,-0.5252102613449097,-0.1107283756136894,80.06204223632812,99.58474731445312,-2.982772827148438
35309,0.1299896240234375,0.9541168212890624,0.1839752197265625,-0.0313201062381267,-0.5252102613449097,-0.1107283756136894,79.97239685058594,99.602294921875,-3.165390014648438
35310,0.155853271484375,0.9567718505859376,0.1898193359375,-0.0088017471134662,-0.5509092211723328,-0.1300546675920486,79.97200012207031,99.79550170898438,-3.287139892578125
35311,0.155853271484375,0.9567718505859376,0.1898193359375,-0.0088017471134662,-0.5509092211723328,-0.1300546675920486,79.97200012207031,99.79550170898438,-3.287139892578125
35312,0.1635284423828125,0.959686279296875,0.1934967041015625,0.0022740731947124,-0.5624558925628662,-0.1309777200222015,79.89817810058594,99.72384643554688,-3.463790893554688
35313,0.16583251953125,0.9597320556640624,0.1943511962890625,0.0108499843627214,-0.578008234500885,-0.1284751445055008,79.8116455078125,99.69432067871094,-3.561676025390625
35314,0.163543701171875,0.961395263671875,0.1930084228515625,0.013414341956377,-0.601627767086029,-0.1295683830976486,79.75807189941406,99.84226989746094,-3.796615600585938
35315,0.158782958984375,0.9621124267578124,0.19342041015625,0.0048197889700531,-0.6359029412269592,-0.1219469457864761,79.70059204101562,99.88824462890624,-3.945266723632812
35316,0.1516265869140625,0.9679107666015624,0.197235107421875,-0.0092616751790046,-0.6594775319099426,-0.1201849952340126,79.66119384765625,99.9132080078125,-3.933013916015625
35317,0.1408233642578125,0.975494384765625,0.19964599609375,-0.017021594569087,-0.6758343577384949,-0.1185434237122536,79.57931518554688,99.89340209960938,-4.008041381835938
35318,0.121795654296875,0.9910736083984376,0.2057342529296875,0.0087223853915929,-0.7360545992851257,-0.1357868611812592,79.43385314941406,99.92575073242188,-4.19091796875
35319,0.121795654296875,0.9910736083984376,0.2057342529296875,0.0087223853915929,-0.7360545992851257,-0.1357868611812592,79.43385314941406,99.92575073242188,-4.19091796875
35320,0.11431884765625,0.9978485107421876,0.175689697265625,0.0087223853915929,-0.7360545992851257,-0.1357868611812592,79.34294128417969,99.9585418701172,-4.404541015625
35321,0.11651611328125,1.005523681640625,0.2057647705078125,0.0034149715211242,-0.7633285522460938,-0.15110082924366,79.33265686035156,99.94631958007812,-4.619171142578125
35322,0.1267852783203125,1.015640258789062,0.1891632080078125,0.0337851271033287,-0.7646675705909729,-0.1794688254594803,79.1505126953125,100.1377105712891,-5.0811767578125
35323,0.1267852783203125,1.015640258789062,0.1891632080078125,0.0337851271033287,-0.7646675705909729,-0.1794688254594803,79.1505126953125,100.1377105712891,-5.0811767578125
35324,0.130218505859375,1.013656616210938,0.197998046875,0.0462710931897163,-0.7827030420303345,-0.1891395598649979,79.10867309570312,100.1013488769531,-5.1812744140625
35325,0.131744384765625,1.008941650390625,0.195892333984375,0.0396795012056827,-0.8244486451148987,-0.2016516327857971,79.04901123046875,100.0660552978516,-5.401275634765625
35326,0.1310882568359375,1.000595092773438,0.20147705078125,0.0396795012056827,-0.8244486451148987,-0.2016516327857971,78.97445678710938,100.1762084960938,-5.653488159179688
35327,0.1309661865234375,0.98785400390625,0.2166595458984375,0.0141099598258733,-0.7586387395858765,-0.2096491008996964,78.82380676269531,100.2615966796875,-5.73553466796875
35328,0.1272430419921875,0.975128173828125,0.2181396484375,0.0272055212408304,-0.6910394430160522,-0.2036838829517365,78.7467041015625,100.2595520019531,-6.003128051757812
35329,0.1159515380859375,0.9630889892578124,0.202178955078125,0.0272055212408304,-0.6910394430160522,-0.2036838829517365,78.63088989257812,100.3280792236328,-6.22955322265625
35330,0.103668212890625,0.95721435546875,0.1904754638671875,0.0474908202886581,-0.6266229152679443,-0.2070139050483704,78.57635498046875,100.4678039550781,-6.541168212890625
35331,0.0887451171875,0.953460693359375,0.1821441650390625,0.0680411010980606,-0.5630881190299988,-0.2062961757183075,78.39595031738281,100.6331634521484,-6.754562377929688
35332,0.0708770751953125,0.9533843994140624,0.1727447509765625,0.0874353051185607,-0.5075129866600037,-0.198989525437355,78.31494140625,100.826416015625,-6.967239379882812
35333,0.04974365234375,0.9569091796875,0.162506103515625,0.1032662019133568,-0.4725065529346466,-0.1917694360017776,78.14447021484375,100.8570556640625,-7.121810913085938
35334,0.0324859619140625,0.9632568359375,0.1467742919921875,0.1194046884775162,-0.457232803106308,-0.191949725151062,78.12913513183594,100.8973693847656,-7.313461303710938
35335,0.021636962890625,0.9739990234375,0.129913330078125,0.1312632113695145,-0.4795466363430023,-0.1957263648509979,78.0504150390625,100.8456726074219,-7.305068969726562
35336,0.015777587890625,0.9803466796875,0.122802734375,0.1496976166963577,-0.5191968083381653,-0.1983772665262222,77.94952392578125,100.8372497558594,-7.362411499023438
35337,0.021209716796875,0.9804840087890624,0.1179046630859375,0.1726149171590805,-0.5560307502746582,-0.1988340020179749,77.91180419921875,100.8164825439453,-7.57110595703125
35338,0.039276123046875,0.9771881103515624,0.1159515380859375,0.2145799398422241,-0.6556737422943115,-0.1807239800691605,77.78297424316406,100.9831848144531,-7.68011474609375
35339,0.0662994384765625,0.9692230224609376,0.1357269287109375,0.2145799398422241,-0.6556737422943115,-0.1807239800691605,77.5618896484375,101.0523834228516,-7.998931884765625
35340,0.0662994384765625,0.9692230224609376,0.1357269287109375,0.2145799398422241,-0.6556737422943115,-0.1807239800691605,77.5618896484375,101.0523834228516,-7.998931884765625
35341,0.1073150634765625,0.946136474609375,0.17669677734375,0.1998947411775589,-0.6891107559204102,-0.165533035993576,77.40437316894531,101.0352020263672,-8.301315307617188
35342,0.1174774169921875,0.9367828369140624,0.20166015625,0.1899622082710266,-0.6881821155548096,-0.1439004391431808,77.37754821777344,101.099365234375,-8.40789794921875
35343,0.1247100830078125,0.93804931640625,0.2121429443359375,0.1774914264678955,-0.672531008720398,-0.130400612950325,77.32493591308594,101.0848083496094,-8.471176147460938
35344,0.1230010986328125,0.9404296875,0.2057952880859375,0.1635479182004929,-0.6945550441741943,-0.1138922125101089,77.16789245605469,101.1277923583984,-8.379745483398438
35345,0.1146392822265625,0.9507598876953124,0.1978912353515625,0.1406306177377701,-0.727821409702301,-0.1051445305347443,77.12174987792969,101.2073059082031,-8.712860107421875
35346,0.0863189697265625,0.9879608154296876,0.19049072265625,0.1026960164308548,-0.822333812713623,-0.1031623408198357,76.70037841796875,101.3507843017578,-9.720123291015623
35347,0.0863189697265625,0.9879608154296876,0.19049072265625,0.1026960164308548,-0.822333812713623,-0.1031623408198357,76.70037841796875,101.3507843017578,-9.720123291015623
35348,0.0758819580078125,1.019912719726562,0.191680908203125,0.0918369814753532,-0.8638466000556946,-0.1167865395545959,76.60560607910156,101.3790435791016,-9.832931518554688
35349,0.062957763671875,1.052032470703125,0.21087646484375,0.0799571499228477,-0.8827084898948669,-0.1274956464767456,76.54132080078125,101.3528289794922,-10.00393676757812
35350,0.055999755859375,1.069915771484375,0.2335357666015625,0.06704081594944,-0.8457011580467224,-0.1481314152479172,76.51193237304688,101.4447479248047,-10.18937683105469
35351,0.037994384765625,1.023941040039062,0.2523651123046875,0.0845324620604515,-0.7713321447372437,-0.1989623606204987,76.31539916992188,101.4618988037109,-10.46922302246094
35352,0.037994384765625,1.023941040039062,0.2523651123046875,0.0845324620604515,-0.7713321447372437,-0.1989623606204987,76.31539916992188,101.4618988037109,-10.46922302246094
35353,0.0251007080078125,0.97625732421875,0.24456787109375,0.0678541511297226,-0.7965618371963501,-0.2137136161327362,76.12812805175781,101.4479064941406,-10.77069091796875
35354,0.02685546875,0.9237823486328124,0.2530670166015625,0.0471557937562465,-0.8068405985832214,-0.220451146364212,76.16455078125,101.5681457519531,-11.12117004394531
35355,0.0334014892578125,0.8888702392578125,0.21295166015625,0.0056996974162757,-0.8627789616584778,-0.2281040102243423,75.93681335449219,101.592529296875,-11.41758728027344
35356,0.0489501953125,0.8717803955078125,0.1594390869140625,-0.054150853306055,-0.9905920624732972,-0.2385065853595734,75.72085571289062,101.6998901367188,-11.63337707519531
35357,0.1116485595703125,0.8862152099609375,0.140350341796875,-0.1086385995149612,-1.099390745162964,-0.2577860057353973,75.58966064453125,101.6497955322266,-11.79644775390625
35358,0.159698486328125,0.903839111328125,0.133941650390625,-0.144466906785965,-1.144823670387268,-0.257474958896637,75.46092224121094,101.7024841308594,-11.90512084960938
35359,0.203155517578125,0.91766357421875,0.130706787109375,-0.157390683889389,-1.157198667526245,-0.1883318275213242,75.04533386230469,101.804443359375,-12.07760620117188
35360,0.203155517578125,0.91766357421875,0.130706787109375,-0.157390683889389,-1.157198667526245,-0.1883318275213242,75.04533386230469,101.804443359375,-12.07760620117188
35361,0.2092742919921875,0.9110107421875,0.14263916015625,-0.1690625250339508,-1.17220151424408,-0.15931536257267,74.875244140625,101.9223175048828,-12.25447082519531
35362,0.19970703125,0.900146484375,0.1835784912109375,-0.1856122016906738,-1.161354780197144,-0.1453177779912949,74.70265197753906,102.0312042236328,-12.36558532714844
35363,0.1784210205078125,0.8931884765625,0.2040252685546875,-0.2196601927280426,-1.148087382316589,-0.1323524415493011,74.52783203125,102.0891723632812,-12.51441955566406
35364,0.1517333984375,0.9051666259765624,0.205810546875,-0.2685438394546509,-1.171008706092834,-0.1430394500494003,74.43550109863281,102.1235046386719,-12.6229248046875
35365,0.1284027099609375,0.9351043701171876,0.202484130859375,-0.3160058856010437,-1.217957854270935,-0.1765462756156921,74.17658996582031,102.1733703613281,-12.71847534179688
35366,0.106414794921875,0.970977783203125,0.183349609375,-0.3442196846008301,-1.271893978118896,-0.2140100300312042,74.08247375488281,102.3446044921875,-12.82929992675781
35367,0.1027679443359375,1.003997802734375,0.1509857177734375,-0.3610205054283142,-1.347021222114563,-0.2419455200433731,73.84269714355469,102.3432922363281,-12.91287231445312
35368,0.110687255859375,1.023056030273438,0.13006591796875,-0.3625401258468628,-1.418548464775085,-0.2656431198120117,73.6583251953125,102.3749847412109,-12.96662902832031
35369,0.123382568359375,1.024688720703125,0.12615966796875,-0.3401564955711365,-1.4432053565979,-0.2755838930606842,73.46969604492188,102.3880462646484,-12.95571899414062
35370,0.1414642333984375,1.019729614257812,0.129241943359375,-0.2540740966796875,-1.448899745941162,-0.277121365070343,73.01765441894531,102.5438842773438,-13.15927124023438
35371,0.1414642333984375,1.019729614257812,0.129241943359375,-0.2540740966796875,-1.448899745941162,-0.277121365070343,73.01765441894531,102.5438842773438,-13.15927124023438
35372,0.149627685546875,1.01556396484375,0.1430206298828125,-0.1964749693870544,-1.431538581848145,-0.2444630116224289,72.82670593261719,102.6160430908203,-13.22209167480469
35373,0.1519012451171875,1.015151977539062,0.149383544921875,-0.1964749693870544,-1.431538581848145,-0.2444630116224289,72.58607482910156,102.6166076660156,-13.28883361816406
35374,0.1396942138671875,1.008880615234375,0.1474609375,-0.1967354267835617,-1.393439054489136,-0.222678080201149,72.32283020019531,102.8137359619141,-13.44581604003906
35375,0.096435546875,1.02899169921875,0.1140594482421875,-0.2080927491188049,-1.296114444732666,-0.2247351109981537,71.90623474121094,102.9776611328125,-13.48980712890625
35376,0.096435546875,1.02899169921875,0.1140594482421875,-0.2080927491188049,-1.296114444732666,-0.2247351109981537,71.90623474121094,102.9776611328125,-13.48980712890625
35377,0.0509796142578125,1.047637939453125,0.0948486328125,-0.1941846609115601,-1.182421684265137,-0.2422312796115875,71.65257263183594,103.2005767822266,-13.56434631347656
35378,0.01153564453125,1.066009521484375,0.069915771484375,-0.1941846609115601,-1.182421684265137,-0.2422312796115875,71.46272277832031,103.2980346679688,-13.62823486328125
35379,-0.039031982421875,1.084854125976562,0.00848388671875,-0.1371181756258011,-1.097939848899841,-0.2421556413173676,71.04226684570312,103.5175476074219,-13.89604187011719
35380,-0.039031982421875,1.084854125976562,0.00848388671875,-0.1371181756258011,-1.097939848899841,-0.2421556413173676,71.04226684570312,103.5175476074219,-13.89604187011719
35381,-0.044525146484375,1.087387084960938,-0.0228729248046875,-0.0719599425792694,-1.090420961380005,-0.2304949909448624,70.90480041503906,103.7110290527344,-14.0889892578125
35382,-0.0363922119140625,1.079544067382812,-0.0394439697265625,0.0029806098900735,-1.091310143470764,-0.21257084608078,70.7652587890625,103.8084564208984,-14.15118408203125
35383,-0.01904296875,1.0693359375,-0.037445068359375,0.1366910040378571,-1.028130888938904,-0.1760434657335281,70.50386047363281,103.8705596923828,-14.21821594238281
35384,0.005340576171875,1.047195434570312,-0.030548095703125,0.1756898015737534,-0.9937769174575806,-0.1676116287708282,70.27557373046875,103.9662933349609,-14.33538818359375
35385,0.03192138671875,1.028091430664062,-0.0218353271484375,0.1756898015737534,-0.9937769174575806,-0.1676116287708282,70.12135314941406,103.9509887695312,-14.42306518554688
35386,0.0423583984375,1.010574340820312,-0.0006561279296875,0.1946480423212051,-0.9196438193321228,-0.2078008651733398,69.73628234863281,103.9894561767578,-14.88247680664062
35387,0.0423583984375,1.010574340820312,-0.0006561279296875,0.1946480423212051,-0.9196438193321228,-0.2078008651733398,69.73628234863281,103.9894561767578,-14.88247680664062
35388,0.0342864990234375,1.002792358398438,-0.0008544921875,0.1884988099336624,-0.8688637614250183,-0.2353744357824326,69.60617065429688,104.0640716552734,-15.04647827148438
35389,0.0298004150390625,0.99554443359375,-0.0113372802734375,0.1939396411180496,-0.8338485360145569,-0.2660535275936127,69.40573120117188,104.1298522949219,-15.26394653320312
35390,0.022369384765625,0.9884033203125,-0.0110015869140625,0.2161421477794647,-0.7938542366027832,-0.2894001305103302,69.17828369140625,104.1369934082031,-15.41415405273438
35391,0.0267333984375,0.9769439697265624,0.018829345703125,0.2491978406906128,-0.6977795958518982,-0.3224140107631683,68.66954040527344,104.3127136230469,-15.54977416992188
35392,0.0267333984375,0.9769439697265624,0.018829345703125,0.2491978406906128,-0.6977795958518982,-0.3224140107631683,68.66954040527344,104.3127136230469,-15.54977416992188
35393,0.024444580078125,0.979400634765625,0.036468505859375,0.2525680661201477,-0.6473681330680847,-0.3193284571170807,68.4964599609375,104.3310546875,-15.8087158203125
35394,0.021392822265625,0.986328125,0.052734375,0.2499086409807205,-0.5936050415039062,-0.310036689043045,68.19743347167969,104.3783416748047,-15.95301818847656
35395,0.008758544921875,0.992401123046875,0.0591583251953125,0.2446915060281754,-0.5334809422492981,-0.2972588539123535,67.92396545410156,104.4091491699219,-16.25332641601562
35396,0.006744384765625,1.003555297851562,0.0580596923828125,0.2411998361349106,-0.4785356819629669,-0.2888046503067017,67.86178588867188,104.4605712890625,-16.40826416015625
35397,0.003387451171875,1.010910034179688,0.0543365478515625,0.2407822459936142,-0.4314981400966644,-0.2761461138725281,67.58380126953125,104.5534973144531,-16.497314453125
35398,0.0050811767578125,1.014694213867188,0.0591888427734375,0.2458387911319733,-0.3836739063262939,-0.2653919756412506,67.34341430664062,104.5059814453125,-16.722900390625
35399,0.00018310546875,1.015701293945312,0.05767822265625,0.2588813602924347,-0.3168855309486389,-0.2426405996084213,67.15614318847656,104.6417694091797,-16.88726806640625
35400,0.00146484375,1.015350341796875,0.0595550537109375,0.2588813602924347,-0.3168855309486389,-0.2426405996084213,67.08320617675781,104.4930877685547,-17.15122985839844
35401,0.0028076171875,1.016189575195312,0.0620574951171875,0.2658868134021759,-0.2804993093013763,-0.2285122722387314,66.90243530273438,104.5400543212891,-17.28330993652344
35402,0.0045318603515625,1.013580322265625,0.06494140625,0.2631794214248657,-0.2396477460861206,-0.2173139452934265,66.72494506835938,104.4663391113281,-17.32557678222656
35403,-0.0011749267578125,1.00396728515625,0.063079833984375,0.260615348815918,-0.1939870417118073,-0.2012766599655151,66.59979248046875,104.3681945800781,-17.59124755859375
35404,-0.00299072265625,0.994903564453125,0.0567474365234375,0.2608848512172699,-0.1526955366134644,-0.1946006417274475,66.47743225097656,104.4590148925781,-17.72201538085938
35405,-0.01025390625,0.9846649169921876,0.0482940673828125,0.2588099837303162,-0.1164208874106407,-0.1806904226541519,66.44474792480469,104.5178985595703,-17.82403564453125
35406,-0.0115203857421875,0.980255126953125,0.0429840087890625,0.2511627078056335,-0.0921696051955223,-0.1750333309173584,66.29347229003906,104.4214477539062,-17.74237060546875
35407,-0.0093994140625,0.979888916015625,0.04046630859375,0.2299629002809525,-0.0596366971731185,-0.144132137298584,66.244873046875,104.3280639648438,-17.73680114746094
35408,4.57763671875e-05,0.980865478515625,0.0375823974609375,0.2299629002809525,-0.0596366971731185,-0.144132137298584,66.21737670898438,104.2652893066406,-17.79299926757812
35409,0.0122528076171875,0.9860382080078124,0.0450897216796875,0.2128755152225494,-0.038813441991806,-0.13252954185009,66.01033020019531,104.4599456787109,-18.04635620117188
35410,0.023651123046875,0.99066162109375,0.049346923828125,0.1995906084775925,-0.0118723716586828,-0.1230199337005615,66.00346374511719,104.4984893798828,-18.27568054199219
35411,0.027130126953125,0.993896484375,0.05279541015625,0.1833181530237198,0.004226969089359,-0.1134072542190552,65.82452392578125,104.4990081787109,-18.46221923828125
35412,0.02447509765625,1.00091552734375,0.058013916015625,0.1567392796278,0.0407924354076385,-0.0948514118790626,65.836669921875,104.4690704345703,-18.57772827148438
35413,0.0177001953125,1.001998901367188,0.058746337890625,0.1567392796278,0.0407924354076385,-0.0948514118790626,65.81394958496094,104.4355621337891,-18.62686157226562
35414,0.011444091796875,1.000396728515625,0.0567626953125,0.1507972329854965,0.0704653784632682,-0.0983915477991104,65.81495666503906,104.3300628662109,-18.64302062988281
35415,-0.0045166015625,0.9971771240234376,0.0345916748046875,0.1596541106700897,0.1314792037010193,-0.1159361898899078,65.72799682617188,104.36767578125,-18.59352111816406
35416,-0.0045166015625,0.9971771240234376,0.0345916748046875,0.1596541106700897,0.1314792037010193,-0.1159361898899078,65.72799682617188,104.36767578125,-18.59352111816406
35417,-0.0061798095703125,1.000015258789062,0.029510498046875,0.1658923029899597,0.1451193690299988,-0.120758906006813,65.72941589355469,104.3695831298828,-18.52871704101562
35418,-0.00311279296875,1.003433227539062,0.03204345703125,0.1654339730739594,0.1561467200517654,-0.1231387108564377,65.6849365234375,104.2960815429688,-18.49046325683594
35419,-0.00164794921875,1.003204345703125,0.0335845947265625,0.1592043042182922,0.1599185615777969,-0.1281230747699738,65.68733215332031,104.3598175048828,-18.66636657714844
35420,0.0045318603515625,0.996185302734375,0.034912109375,0.1368633061647415,0.1827682107686996,-0.1229094117879868,65.47679138183594,104.4057159423828,-18.75323486328125
35421,0.0045318603515625,0.996185302734375,0.034912109375,0.1368633061647415,0.1827682107686996,-0.1229094117879868,65.47679138183594,104.4057159423828,-18.75323486328125
35422,0.006011962890625,0.98345947265625,0.0245361328125,0.1168283522129059,0.1939665377140045,-0.1089152991771698,65.39132690429688,104.4613037109375,-18.90614318847656
35423,0.006011962890625,0.98345947265625,0.0245361328125,0.1168283522129059,0.1939665377140045,-0.1089152991771698,65.39132690429688,104.4613037109375,-18.90614318847656
35424,0.00848388671875,0.9799957275390624,0.0236968994140625,0.1115928366780281,0.1934136748313904,-0.0981798321008682,65.40594482421875,104.3245849609375,-18.93342590332031
35425,0.0086822509765625,0.976043701171875,0.0233306884765625,0.1071488261222839,0.210105299949646,-0.0930641666054725,65.35502624511719,104.2791442871094,-18.94830322265625
35426,0.005157470703125,0.974365234375,0.02496337890625,0.1021396815776825,0.21275594830513,-0.0867820307612419,65.33793640136719,104.2323455810547,-18.97502136230469
35427,-0.0015716552734375,0.9712982177734376,0.0272979736328125,0.0958261266350746,0.2162633240222931,-0.0803102850914001,65.30245971679688,104.2869873046875,-19.05984497070312
35428,-0.0035858154296875,0.9754638671875,0.0289764404296875,0.085172414779663,0.2162241786718369,-0.0777003839612007,65.29981994628906,104.3416442871094,-19.17741394042969
35429,0.0041046142578125,0.98016357421875,0.031768798828125,0.0764178112149238,0.2107077091932297,-0.0701207667589187,65.29299926757812,104.2484436035156,-19.10490417480469
35430,0.0115203857421875,0.9859771728515624,0.0371856689453125,0.061802115291357,0.2101116925477982,-0.0612559020519256,65.25990295410156,104.1422882080078,-19.07258605957031
35431,0.0302276611328125,0.990386962890625,0.044708251953125,0.037977211177349,0.2101138234138489,-0.04774621874094,65.24044799804688,104.2306213378906,-19.15576171875
35432,0.03338623046875,0.9881439208984376,0.043121337890625,0.0242036059498786,0.2184476554393768,-0.0376557670533657,65.22596740722656,104.2783050537109,-19.15347290039062
35433,0.03338623046875,0.9881439208984376,0.043121337890625,0.0242036059498786,0.2184476554393768,-0.0376557670533657,65.22596740722656,104.2783050537109,-19.15347290039062
35434,0.024627685546875,0.99334716796875,0.0307159423828125,0.0098848547786474,0.2203920185565948,-0.0207649338990449,65.411865234375,104.1720581054688,-19.03707885742188
35435,0.024627685546875,0.99334716796875,0.0307159423828125,0.0098848547786474,0.2203920185565948,-0.0207649338990449,65.411865234375,104.1720581054688,-19.03707885742188
35436,0.01849365234375,1.000717163085938,0.0307769775390625,0.0113133741542697,0.2205960303544998,-0.0168934967368841,65.3931884765625,104.1679840087891,-19.06494140625
35437,0.0103912353515625,1.006027221679688,0.032470703125,0.0163137260824441,0.2183808088302612,-0.0204919595271349,65.38453674316406,104.0809783935547,-19.04066467285156
35438,-0.00689697265625,1.005340576171875,0.028533935546875,0.0379279404878616,0.2068128287792206,-0.0422174930572509,65.49679565429688,104.0134887695312,-18.92539978027344
35439,-0.00689697265625,1.005340576171875,0.028533935546875,0.0379279404878616,0.2068128287792206,-0.0422174930572509,65.49679565429688,104.0134887695312,-18.92539978027344
35440,-0.00689697265625,1.005340576171875,0.028533935546875,0.0379279404878616,0.2068128287792206,-0.0422174930572509,65.49679565429688,104.0134887695312,-18.92539978027344
35441,-0.0072784423828125,1.00341796875,0.0282135009765625,0.0320391580462455,0.1893661916255951,-0.0436180494725704,65.67462158203125,103.9886169433594,-18.80717468261719
35442,-0.003631591796875,1.002853393554688,0.0299530029296875,0.0320391580462455,0.1893661916255951,-0.0436180494725704,65.59187316894531,103.9055480957031,-18.59042358398438
35443,-0.003631591796875,1.002853393554688,0.0299530029296875,0.0320391580462455,0.1893661916255951,-0.0436180494725704,65.59187316894531,103.9055480957031,-18.59042358398438
35444,-0.000732421875,1.001235961914062,0.0305328369140625,0.0285405647009611,0.1933582723140717,-0.0442944951355457,65.60661315917969,104.0564422607422,-18.6202392578125
35445,-0.000152587890625,0.9994964599609376,0.0334320068359375,0.023046463727951,0.1964661926031113,-0.0441616028547287,65.63056945800781,104.0466156005859,-18.6719970703125
35446,-0.0023956298828125,0.9991912841796876,0.0356292724609375,0.0227966587990522,0.2046665847301483,-0.0443096756935119,65.67030334472656,103.8583984375,-18.65943908691406
35447,-0.004241943359375,1.001800537109375,0.0328826904296875,0.0181521065533161,0.210070937871933,-0.0440694577991962,65.78053283691406,103.8445892333984,-18.77120971679688
35448,-0.0063018798828125,1.00579833984375,0.034027099609375,0.0112244253978133,0.2086267173290253,-0.042903259396553,65.77098083496094,103.9421234130859,-18.85324096679688
35449,-0.0096893310546875,1.007186889648438,0.0358428955078125,0.0076709692366421,0.2062836587429047,-0.0379670895636081,65.70140075683594,103.9953308105469,-18.85356140136719
35450,-0.00860595703125,1.010360717773438,0.0384674072265625,0.0088885659351944,0.2055672705173492,-0.0366163328289985,65.687255859375,104.0694580078125,-18.80632019042969
35451,-0.011138916015625,1.005233764648438,0.0323486328125,0.0273605175316333,0.2115103900432587,-0.0274894144386053,65.72674560546875,104.0503845214844,-18.81121826171875
35452,-0.011138916015625,1.005233764648438,0.0323486328125,0.0273605175316333,0.2115103900432587,-0.0274894144386053,65.72674560546875,104.0503845214844,-18.81121826171875
35453,-0.0150299072265625,0.9995574951171876,0.030853271484375,0.0273605175316333,0.2115103900432587,-0.0274894144386053,65.69889831542969,103.9731140136719,-18.82089233398438
35454,-0.0128631591796875,0.996734619140625,0.03668212890625,0.0342932604253292,0.1999008655548096,-0.0232651084661483,65.734619140625,104.0110626220703,-18.84947204589844
35455,-0.010223388671875,0.9910888671875,0.04278564453125,0.038758847862482,0.1848944872617722,-0.0214773286134004,65.78631591796875,103.9991455078125,-18.83901977539062
35456,-0.0079803466796875,0.9857635498046876,0.0435638427734375,0.0312497988343238,0.1693592071533203,-0.024861142039299,65.8314208984375,104.0738220214844,-18.88516235351562
35457,-0.0043487548828125,0.9815216064453124,0.044830322265625,0.0269008558243513,0.154313936829567,-0.0274380166083574,65.77098083496094,103.9332885742188,-18.81439208984375
35458,0.0107879638671875,0.979339599609375,0.0421142578125,0.0270124431699514,0.1004994437098503,-0.0454090274870395,65.80805969238281,104.0556488037109,-18.86456298828125
35459,0.0107879638671875,0.979339599609375,0.0421142578125,0.0270124431699514,0.1004994437098503,-0.0454090274870395,65.80805969238281,104.0556488037109,-18.86456298828125
35460,0.0205230712890625,0.9795989990234376,0.044403076171875,0.02567127533257,0.070118099451065,-0.0559652633965015,65.80596923828125,104.0479125976562,-18.87347412109375
35461,0.0312652587890625,0.9772491455078124,0.046722412109375,0.0179350581020116,0.0377971790730953,-0.0630016028881073,65.86314392089844,104.2724456787109,-18.91975402832031
35462,0.039581298828125,0.9738006591796876,0.04852294921875,0.014280934818089,0.0074552530422806,-0.0675846338272094,65.88606262207031,104.1766815185547,-18.82241821289062
35463,0.04736328125,0.9737396240234376,0.052642822265625,0.0025936525780707,-0.0224776118993759,-0.0653236135840416,65.86882019042969,104.0892944335938,-18.85244750976562
35464,0.0533599853515625,0.9764556884765624,0.054931640625,-0.0066214175894856,-0.0436806343495845,-0.0632942840456962,65.88330078125,103.9969024658203,-18.87025451660156
35465,0.0548858642578125,0.981353759765625,0.0564727783203125,-0.0148316770792007,-0.0635209158062934,-0.0611917190253734,65.80404663085938,103.8486785888672,-18.85659790039062
35466,0.0539398193359375,0.9846649169921876,0.0581207275390625,-0.0181100275367498,-0.0891759470105171,-0.0618958584964275,65.75772094726562,104.0261077880859,-18.87504577636719
35467,0.0495758056640625,0.981292724609375,0.0591278076171875,-0.021787853911519,-0.1205439940094948,-0.0681500285863876,65.66337585449219,103.9905548095703,-18.97122192382812
35468,0.0482635498046875,0.9808197021484376,0.063079833984375,-0.0285288468003273,-0.1452887505292892,-0.071966603398323,65.65385437011719,103.9945373535156,-19.06700134277344
35469,0.047088623046875,0.9799346923828124,0.0681915283203125,-0.039632897824049,-0.1706998348236084,-0.078238345682621,65.61184692382812,104.1438751220703,-18.93556213378906
35470,0.046295166015625,0.9844207763671876,0.0774078369140625,-0.0634253099560737,-0.2000321596860886,-0.0797994881868362,65.50389099121094,104.1589965820312,-18.86167907714844
35471,0.046295166015625,0.9844207763671876,0.0774078369140625,-0.0634253099560737,-0.2000321596860886,-0.0797994881868362,65.50389099121094,104.1589965820312,-18.86167907714844
35472,0.0486907958984375,0.9840850830078124,0.0727386474609375,-0.0808194801211357,-0.2149650305509567,-0.0723503604531288,65.52536010742188,104.1591644287109,-18.75602722167969
35473,0.052337646484375,0.9819488525390624,0.0681610107421875,-0.1048630326986313,-0.219615176320076,-0.061595719307661,65.47422790527344,104.1122589111328,-18.62718200683594
35474,0.0483245849609375,0.9826507568359376,0.051483154296875,-0.1212228313088417,-0.3222464919090271,-0.021548168733716,65.32418823242188,104.1932373046875,-18.75787353515625
35475,0.0483245849609375,0.9826507568359376,0.051483154296875,-0.1212228313088417,-0.3222464919090271,-0.021548168733716,65.32418823242188,104.1932373046875,-18.75787353515625
35476,0.0446014404296875,0.9813385009765624,0.0646209716796875,-0.1266572773456573,-0.3404760956764221,-0.0091436970978975,65.24392700195312,104.2337188720703,-18.7091064453125
35477,0.04443359375,0.974273681640625,0.080230712890625,-0.1266572773456573,-0.3404760956764221,-0.0091436970978975,65.26132202148438,104.2914428710938,-18.68315124511719
35478,0.0384674072265625,0.961761474609375,0.0625,-0.1753843426704407,-0.2561289966106415,0.0239327624440193,65.18412780761719,104.2887573242188,-18.62689208984375
35479,0.030670166015625,0.9556884765625,0.0345916748046875,-0.1753843426704407,-0.2561289966106415,0.0239327624440193,65.15194702148438,104.3186340332031,-18.36198425292969
35480,0.030670166015625,0.9556884765625,0.0345916748046875,-0.1753843426704407,-0.2561289966106415,0.0239327624440193,65.15194702148438,104.3186340332031,-18.36198425292969
35481,0.015106201171875,0.9517364501953124,-0.00445556640625,-0.1791063696146011,-0.187017560005188,0.0293168760836124,65.05078125,104.3977661132812,-18.19241333007812
35482,-0.025177001953125,0.972747802734375,-0.0712890625,-0.1380177885293961,0.0097692739218473,0.0253066886216402,64.9571533203125,104.5589141845703,-18.4302978515625
35483,-0.025177001953125,0.972747802734375,-0.0712890625,-0.1380177885293961,0.0097692739218473,0.0253066886216402,64.9571533203125,104.5589141845703,-18.4302978515625
35484,-0.05133056640625,0.988800048828125,-0.092193603515625,-0.1380177885293961,0.0097692739218473,0.0253066886216402,64.889892578125,104.5948944091797,-18.46124267578125
35485,-0.0804595947265625,1.0111083984375,-0.1042022705078125,-0.1256434172391891,0.0394494049251079,0.015868179500103,64.90089416503906,104.6648864746094,-18.46519470214844
35486,-0.1261444091796875,1.045135498046875,-0.087982177734375,-0.1133880764245987,0.0824243053793907,-0.0140132876113057,64.940185546875,104.7740631103516,-18.30207824707031
35487,-0.1261444091796875,1.045135498046875,-0.087982177734375,-0.1133880764245987,0.0824243053793907,-0.0140132876113057,64.940185546875,104.7740631103516,-18.30207824707031
35488,-0.1350250244140625,1.05621337890625,-0.06549072265625,-0.1028622016310692,0.1230790540575981,-0.0243721846491098,64.93443298339844,104.63916015625,-18.013671875
35489,-0.1338043212890625,1.059005737304688,-0.045684814453125,-0.1009199544787407,0.1664361208677292,-0.0301275420933961,65.02703857421875,104.6199340820312,-17.85409545898438
35490,-0.115631103515625,1.059188842773438,-0.025115966796875,-0.0930186212062835,0.3204677700996399,-0.0241375602781772,64.93672180175781,104.5922088623047,-17.78866577148438
35491,-0.098297119140625,1.0546875,-0.0305633544921875,-0.0891146957874298,0.3983130156993866,-0.0157778970897197,65.02912902832031,104.7583160400391,-17.77482604980469
35492,-0.098297119140625,1.0546875,-0.0305633544921875,-0.0891146957874298,0.3983130156993866,-0.0157778970897197,65.02912902832031,104.7583160400391,-17.77482604980469
35493,-0.0783843994140625,1.049148559570312,-0.03369140625,-0.0749067291617393,0.4792605936527252,-0.0110752880573272,65.0733642578125,104.9302673339844,-17.63560485839844
35494,-0.0341339111328125,0.9995880126953124,-0.0470123291015625,-0.0162570010870695,0.6021335124969482,0.0031710257753729,65.17146301269531,104.9196014404297,-17.36042785644531
35495,-0.0341339111328125,0.9995880126953124,-0.0470123291015625,-0.0162570010870695,0.6021335124969482,0.0031710257753729,65.17146301269531,104.9196014404297,-17.36042785644531
35496,-0.0288848876953125,0.991729736328125,-0.044525146484375,0.0109972571954131,0.656244695186615,-0.0105083007365465,65.32591247558594,104.9141540527344,-17.28425598144531
35497,-0.023590087890625,0.9911651611328124,-0.0314178466796875,0.0290835835039615,0.7198622822761536,-0.0165736507624387,65.34687805175781,105.000244140625,-17.15623474121094
35498,-0.0145416259765625,0.98480224609375,-0.040252685546875,0.0231998618692159,0.8468580842018127,-0.0337451808154583,65.57199096679688,104.8601226806641,-17.00799560546875
35499,-0.0145416259765625,0.98480224609375,-0.040252685546875,0.0231998618692159,0.8468580842018127,-0.0337451808154583,65.57199096679688,104.8601226806641,-17.00799560546875
35500,-0.0154876708984375,0.98272705078125,-0.0451202392578125,0.0285147316753864,0.9176622033119202,-0.0420888625085353,65.63565063476562,104.8491668701172,-16.90812683105469
35501,-0.0189056396484375,0.9781494140625,-0.0512542724609375,0.0550315603613853,1.038042426109314,-0.0636639297008514,65.67523193359375,104.8761901855469,-16.95481872558594
35502,-0.0216064453125,0.9675140380859376,-0.0574188232421875,0.0566734001040458,1.129263401031494,-0.0793933570384979,65.87107849121094,104.9440002441406,-16.67613220214844
35503,-0.0216064453125,0.9675140380859376,-0.0574188232421875,0.0566734001040458,1.129263401031494,-0.0793933570384979,65.87107849121094,104.9440002441406,-16.67613220214844
35504,-0.01849365234375,0.9676055908203124,-0.0558319091796875,0.0566734001040458,1.129263401031494,-0.0793933570384979,66.12287902832031,104.9036560058594,-16.39578247070312
35505,-0.0129547119140625,0.9713134765625,-0.0670928955078125,0.0485097467899322,1.156624674797058,-0.0834115371108055,66.18901062011719,104.9322967529297,-16.55776977539062
35506,0.0338134765625,1.015594482421875,-0.006317138671875,0.0587133802473545,1.188781261444092,-0.069698117673397,66.47203063964844,104.9299926757812,-16.66084289550781
35507,0.0338134765625,1.015594482421875,-0.006317138671875,0.0587133802473545,1.188781261444092,-0.069698117673397,66.47203063964844,104.9299926757812,-16.66084289550781
35508,0.0338134765625,1.015594482421875,-0.006317138671875,0.0587133802473545,1.188781261444092,-0.069698117673397,66.47203063964844,104.9299926757812,-16.66084289550781
35509,0.0482330322265625,1.020462036132812,0.0009613037109375,0.0522389709949493,1.195473551750183,-0.0577213540673255,66.64945983886719,104.8598327636719,-16.66270446777344
35510,0.0619049072265625,1.108566284179688,0.011688232421875,0.0026804716326296,1.08014452457428,-0.0078147798776626,66.79530334472656,104.7732696533203,-16.56880187988281
35511,0.0619049072265625,1.108566284179688,0.011688232421875,0.0026804716326296,1.08014452457428,-0.0078147798776626,66.79530334472656,104.7732696533203,-16.56880187988281
35512,0.10357666015625,1.202224731445312,0.1230316162109375,0.0273658446967601,0.946819007396698,0.0118103204295039,66.89729309082031,104.7616271972656,-16.68641662597656
35513,0.13671875,1.228256225585938,0.2506256103515625,0.07121292501688,0.8436444401741028,0.0495443828403949,66.96925354003906,104.6277160644531,-16.60545349121094
35514,0.14532470703125,1.076919555664062,0.2895660400390625,-0.0300798714160919,0.6171374917030334,0.2803112864494324,67.16983032226562,104.3762054443359,-16.51673889160156
35515,0.14532470703125,1.076919555664062,0.2895660400390625,-0.0300798714160919,0.6171374917030334,0.2803112864494324,67.16983032226562,104.3762054443359,-16.51673889160156
35516,0.193267822265625,0.99169921875,0.2755126953125,-0.1323117017745972,0.5814239978790283,0.3718726336956024,67.31764221191406,104.2034912109375,-16.52273559570312
35517,0.168212890625,0.8891448974609375,0.22857666015625,-0.167517364025116,0.8453608155250549,0.3666834533214569,67.58613586425781,104.1657257080078,-16.42567443847656
35518,-0.09759521484375,0.8059234619140625,-0.10052490234375,-0.0243958868086338,1.24613618850708,0.2930513024330139,68.10305786132812,104.1397705078125,-16.14503479003906
35519,-0.09759521484375,0.8059234619140625,-0.10052490234375,-0.0243958868086338,1.24613618850708,0.2930513024330139,68.10305786132812,104.1397705078125,-16.14503479003906
35520,-0.1522216796875,0.83544921875,-0.1031341552734375,0.0772527083754539,1.256266593933105,0.209692507982254,68.35107421875,104.1200408935547,-15.8614501953125
35521,-0.2062835693359375,0.874908447265625,-0.050384521484375,0.1334944069385529,1.196133971214294,0.0920023620128631,68.5909423828125,104.1298370361328,-15.71322631835938
35522,-0.199005126953125,0.948486328125,0.1077423095703125,-0.028890237212181,1.214069128036499,0.027728833258152,68.94979858398438,104.080810546875,-15.53094482421875
35523,-0.199005126953125,0.948486328125,0.1077423095703125,-0.028890237212181,1.214069128036499,0.027728833258152,68.94979858398438,104.080810546875,-15.53094482421875
35524,-0.1551055908203125,0.9843597412109376,0.1281280517578125,-0.1838507950305939,1.24876868724823,0.0833207219839096,69.07984924316406,104.0733489990234,-15.42425537109375
35525,-0.130279541015625,1.006698608398438,0.1390838623046875,-0.2942569255828857,1.325350642204285,0.1588607579469681,69.31117248535156,104.0182647705078,-15.09028625488281
35526,-0.09796142578125,1.033782958984375,0.1141357421875,-0.3367902636528015,1.41369640827179,0.2276123911142349,69.64727783203125,104.0638732910156,-14.51509094238281
35527,-0.09796142578125,1.033782958984375,0.1141357421875,-0.3367902636528015,1.41369640827179,0.2276123911142349,69.64727783203125,104.0638732910156,-14.51509094238281
35528,-0.0815277099609375,1.0277099609375,0.113555908203125,-0.2607458531856537,1.40754771232605,0.2220698148012161,69.90434265136719,104.0272979736328,-14.11585998535156
35529,-0.063995361328125,1.023452758789062,0.1178131103515625,-0.1848388314247131,1.392630338668823,0.2062708735466003,70.09494018554688,104.0147857666016,-13.80964660644531
35530,-0.018524169921875,0.987213134765625,0.10498046875,-0.0910430923104286,1.41081964969635,0.1973396986722946,70.71565246582031,104.0789337158203,-13.12889099121094
35531,-0.018524169921875,0.987213134765625,0.10498046875,-0.0910430923104286,1.41081964969635,0.1973396986722946,70.71565246582031,104.0789337158203,-13.12889099121094
35532,-0.016815185546875,0.985870361328125,0.0880279541015625,-0.0566193386912345,1.410690307617188,0.1966784447431564,70.89222717285156,104.0120239257812,-12.90171813964844
35533,-0.0213470458984375,0.98504638671875,0.0924224853515625,-0.013480388559401,1.426410317420959,0.1913936585187912,71.13058471679688,103.8865814208984,-12.43380737304688
35534,-0.047576904296875,0.9952239990234376,0.09893798828125,0.0200799684971571,1.460343360900879,0.177394762635231,71.58323669433594,103.6632995605469,-11.48283386230469
35535,-0.047576904296875,0.9952239990234376,0.09893798828125,0.0200799684971571,1.460343360900879,0.177394762635231,71.58323669433594,103.6632995605469,-11.48283386230469
35536,-0.062164306640625,0.99969482421875,0.1036834716796875,0.0064642908982932,1.45890200138092,0.1651399582624435,71.73756408691406,103.4508514404297,-11.23591613769531
35537,-0.0809783935546875,0.9969940185546876,0.099700927734375,-0.0296588260680437,1.427804231643677,0.157039150595665,71.89305114746094,103.4514465332031,-10.96279907226562
35538,-0.10205078125,0.96893310546875,0.1097259521484375,-0.101299986243248,1.507183790206909,0.134172722697258,72.28022766113281,103.2638397216797,-10.55630493164062
35539,-0.10205078125,0.96893310546875,0.1097259521484375,-0.101299986243248,1.507183790206909,0.134172722697258,72.28022766113281,103.2638397216797,-10.55630493164062
35540,-0.10205078125,0.96893310546875,0.1097259521484375,-0.101299986243248,1.507183790206909,0.134172722697258,72.28022766113281,103.2638397216797,-10.55630493164062
35541,-0.1103973388671875,0.953155517578125,0.105743408203125,-0.0711745768785476,1.584891080856323,0.1230228617787361,72.53019714355469,103.4102020263672,-10.40966796875
35542,-0.1161651611328125,0.9555511474609376,0.135833740234375,-0.0573639571666717,1.688297390937805,0.1171434000134468,72.91041564941406,103.2675018310547,-9.613845825195312
35543,-0.1161651611328125,0.9555511474609376,0.135833740234375,-0.0573639571666717,1.688297390937805,0.1171434000134468,72.91041564941406,103.2675018310547,-9.613845825195312
35544,-0.1156005859375,0.9607086181640624,0.1461029052734375,-0.0573639571666717,1.688297390937805,0.1171434000134468,73.07330322265625,103.2384948730469,-9.524246215820312
35545,-0.116363525390625,0.96417236328125,0.142181396484375,-0.0543375387787818,1.7333163022995,0.1133787557482719,73.23384094238281,103.2699432373047,-9.485626220703123
35546,-0.113677978515625,0.97711181640625,0.130615234375,-0.0646527633070945,1.860566377639771,0.0895533189177513,73.67950439453125,103.0064849853516,-8.689346313476562
35547,-0.113677978515625,0.97711181640625,0.130615234375,-0.0646527633070945,1.860566377639771,0.0895533189177513,73.67950439453125,103.0064849853516,-8.689346313476562
35548,-0.113677978515625,0.97711181640625,0.130615234375,-0.0646527633070945,1.860566377639771,0.0895533189177513,73.67950439453125,103.0064849853516,-8.689346313476562
35549,-0.1106719970703125,0.98052978515625,0.126800537109375,-0.0753560066223144,1.884283185005188,0.0827273726463317,73.69926452636719,103.0310363769531,-8.243087768554688
35550,-0.1177520751953125,0.9738922119140624,0.1240997314453125,-0.0848773419857025,1.899367809295654,0.0646666139364242,73.93339538574219,102.7821502685547,-7.576553344726562
35551,-0.124542236328125,0.9732818603515624,0.1363677978515625,-0.0891391932964325,1.884856224060059,0.066129483282566,73.97906494140625,102.6713562011719,-7.238677978515625
35552,-0.124542236328125,0.9732818603515624,0.1363677978515625,-0.0891391932964325,1.884856224060059,0.066129483282566,73.97906494140625,102.6713562011719,-7.238677978515625
35553,-0.1190643310546875,0.9716949462890624,0.1523895263671875,-0.0908494815230369,1.890099763870239,0.0667723715305328,74.03256225585938,102.5712585449219,-6.950897216796875
35554,-0.1205596923828125,0.9765777587890624,0.176055908203125,-0.085630215704441,1.942247629165649,0.0627699047327041,74.15055847167969,102.5742492675781,-6.45867919921875
35555,-0.117950439453125,0.986572265625,0.170745849609375,-0.0888875275850296,1.985914468765259,0.0668336227536201,74.2496337890625,102.5526123046875,-6.200149536132812
35556,-0.117950439453125,0.986572265625,0.170745849609375,-0.0888875275850296,1.985914468765259,0.0668336227536201,74.2496337890625,102.5526123046875,-6.200149536132812
35557,-0.116058349609375,0.9992218017578124,0.158172607421875,-0.1045525074005127,2.008203268051147,0.0680626705288887,74.26493835449219,102.4280700683594,-5.771163940429688
35558,-0.1091156005859375,1.014907836914062,0.1506500244140625,-0.1321300715208054,2.024564027786255,0.08357984572649,74.36328125,102.1710205078125,-5.018814086914062
35559,-0.1091156005859375,1.014907836914062,0.1506500244140625,-0.1321300715208054,2.024564027786255,0.08357984572649,74.36328125,102.1710205078125,-5.018814086914062
35560,-0.0994110107421875,1.016647338867188,0.146392822265625,-0.1238297969102859,2.041207075119019,0.0973981916904449,74.36225891113281,102.1312866210938,-4.689605712890625
35561,-0.0938568115234375,1.01873779296875,0.1404266357421875,-0.1166978552937508,2.045928001403809,0.1167718917131424,74.37263488769531,102.0546264648438,-4.409881591796875
35562,-0.0925140380859375,1.009872436523438,0.1428680419921875,-0.0899432078003883,2.037592172622681,0.1288069784641266,74.38813781738281,102.0133514404297,-3.698974609375
35563,-0.09552001953125,1.0010986328125,0.13201904296875,-0.0723735317587852,1.989777326583862,0.1265488862991333,74.52032470703125,101.8606719970703,-3.322128295898438
35564,-0.09552001953125,1.0010986328125,0.13201904296875,-0.0723735317587852,1.989777326583862,0.1265488862991333,74.52032470703125,101.8606719970703,-3.322128295898438
35565,-0.0996551513671875,0.99066162109375,0.1334381103515625,-0.0625667050480842,1.910063862800598,0.1103890910744667,74.54685974121094,101.7853088378906,-2.857040405273438
35566,-0.08245849609375,0.9872283935546876,0.1453094482421875,-0.0489981696009635,1.744219541549683,0.0852792114019393,74.5635986328125,101.8076477050781,-2.017562866210938
35567,-0.0668487548828125,0.9847869873046876,0.156890869140625,-0.0529931783676147,1.699998497962952,0.0788482129573822,74.50636291503906,101.7625579833984,-1.636672973632812
35568,-0.0668487548828125,0.9847869873046876,0.156890869140625,-0.0529931783676147,1.699998497962952,0.0788482129573822,74.50636291503906,101.7625579833984,-1.636672973632812
35569,-0.05322265625,0.9907989501953124,0.1578826904296875,-0.0664666444063186,1.684354543685913,0.0758734568953514,74.52928161621094,101.6179809570312,-1.231719970703125
35570,-0.0359039306640625,1.02105712890625,0.145294189453125,-0.0874225199222564,1.667765974998474,0.0715519487857818,74.55262756347656,101.504638671875,-0.722564697265625
35571,-0.0359039306640625,1.02105712890625,0.145294189453125,-0.0874225199222564,1.667765974998474,0.0715519487857818,74.55262756347656,101.504638671875,-0.722564697265625
35572,-0.03753662109375,1.035552978515625,0.1395721435546875,-0.0858422070741653,1.625967383384705,0.0612859949469566,74.41903686523438,101.5517272949219,-0.4201812744140625
35573,-0.0416259765625,1.04156494140625,0.140869140625,-0.0858422070741653,1.625967383384705,0.0612859949469566,74.30499267578125,101.5127410888672,-0.0380859375
35574,-0.0569915771484375,1.036849975585938,0.152374267578125,-0.0480751171708107,1.567636489868164,0.0603730641305446,74.25657653808594,101.3574523925781,1.096710205078125
35575,-0.0569915771484375,1.036849975585938,0.152374267578125,-0.0480751171708107,1.567636489868164,0.0603730641305446,74.25657653808594,101.3574523925781,1.096710205078125
35576,-0.06072998046875,1.022674560546875,0.1569366455078125,-0.026534404605627,1.546318411827087,0.0599067434668541,74.18551635742188,101.2621917724609,1.4971923828125
35577,-0.05987548828125,1.007781982421875,0.1490631103515625,-0.011731756851077,1.533583641052246,0.0650407820940017,74.12040710449219,101.2691345214844,1.709945678710938
35578,-0.0632476806640625,0.98236083984375,0.138671875,-0.0008133294177241,1.517669200897217,0.078410655260086,74.03683471679688,101.1304016113281,2.447265625
35579,-0.0677642822265625,0.981842041015625,0.1353607177734375,0.0195321552455425,1.513596653938293,0.0860597863793373,74.04039001464844,101.0488586425781,2.676849365234375
35580,-0.0677642822265625,0.981842041015625,0.1353607177734375,0.0195321552455425,1.513596653938293,0.0860597863793373,74.04039001464844,101.0488586425781,2.676849365234375
35581,-0.0692596435546875,0.9832916259765624,0.125244140625,0.0195321552455425,1.513596653938293,0.0860597863793373,73.92597961425781,100.9497833251953,3.020309448242188
35582,-0.0728912353515625,0.9798736572265624,0.1218414306640625,0.0321603342890739,1.498348236083984,0.0784822925925254,73.75126647949219,101.05908203125,3.392349243164062
35583,-0.07568359375,0.979705810546875,0.1249847412109375,0.019464511424303,1.505520939826965,0.0798639357089996,73.72358703613281,101.1035308837891,3.601119995117188
35584,-0.07568359375,0.979705810546875,0.1249847412109375,0.019464511424303,1.505520939826965,0.0798639357089996,73.72358703613281,101.1035308837891,3.601119995117188
35585,-0.0780487060546875,0.9745330810546876,0.1236572265625,-0.010831874795258,1.529408693313599,0.0881849825382232,73.55694580078125,101.0753784179688,3.955841064453125
35586,-0.06939697265625,0.9665069580078124,0.1197967529296875,-0.0255927108228206,1.523728370666504,0.0932415276765823,73.42512512207031,100.8890228271484,4.283279418945312
35587,-0.0561065673828125,0.961395263671875,0.124114990234375,-0.0555801726877689,1.513577461242676,0.1059759706258774,73.43589782714844,101.0191497802734,4.44696044921875
35588,-0.0561065673828125,0.961395263671875,0.124114990234375,-0.0555801726877689,1.513577461242676,0.1059759706258774,73.43589782714844,101.0191497802734,4.44696044921875
35589,-0.0373077392578125,0.9565277099609376,0.1269073486328125,-0.0568797923624515,1.499543190002441,0.1108298450708389,73.23930358886719,101.0525512695312,4.859237670898438
35590,-0.0395965576171875,0.960296630859375,0.136474609375,-0.0474274381995201,1.480551362037659,0.1247307434678078,73.0352783203125,101.0940704345703,5.225570678710938
35591,-0.0395965576171875,0.960296630859375,0.136474609375,-0.0474274381995201,1.480551362037659,0.1247307434678078,73.0352783203125,101.0940704345703,5.225570678710938
35592,-0.0461273193359375,0.9659271240234376,0.1472320556640625,-0.0393149144947528,1.470864415168762,0.1350558251142502,72.99307250976562,101.0818786621094,5.420578002929688
35593,-0.0678253173828125,0.977203369140625,0.1611328125,-0.0507851503789424,1.462155103683472,0.1618530750274658,72.76985168457031,101.0280609130859,5.869308471679688
35594,-0.073150634765625,0.9800567626953124,0.1605987548828125,-0.0755855739116668,1.477963089942932,0.1874218285083771,72.70381164550781,101.010009765625,6.179672241210938
35595,-0.073150634765625,0.9800567626953124,0.1605987548828125,-0.0755855739116668,1.477963089942932,0.1874218285083771,72.70381164550781,101.010009765625,6.179672241210938
35596,-0.0792236328125,0.9779052734375,0.1548004150390625,-0.0755855739116668,1.477963089942932,0.1874218285083771,72.59184265136719,100.8779296875,6.476699829101562
35597,-0.0735321044921875,0.9809722900390624,0.1347503662109375,-0.076149895787239,1.466031074523926,0.2013669312000275,72.45429992675781,100.9728088378906,7.229461669921875
35598,-0.0655670166015625,0.9846954345703124,0.12628173828125,-0.0868861600756645,1.38734495639801,0.2058831304311752,72.40760803222656,100.9295349121094,7.505233764648438
35599,-0.0655670166015625,0.9846954345703124,0.12628173828125,-0.0868861600756645,1.38734495639801,0.2058831304311752,72.40760803222656,100.9295349121094,7.505233764648438
35600,-0.0553131103515625,0.990203857421875,0.1134490966796875,-0.0868861600756645,1.38734495639801,0.2058831304311752,72.2906494140625,100.8855438232422,7.7603759765625
35601,-0.0438995361328125,0.99542236328125,0.10162353515625,-0.0892063081264495,1.332396745681763,0.2075305581092834,72.25276184082031,100.8650970458984,8.016632080078125
35602,-0.014007568359375,1.008819580078125,0.0965576171875,-0.0895551815629005,1.228295207023621,0.2030327469110489,72.1619873046875,100.8171844482422,8.321929931640625
35603,-0.014007568359375,1.008819580078125,0.0965576171875,-0.0895551815629005,1.228295207023621,0.2030327469110489,72.1619873046875,100.8171844482422,8.321929931640625
35604,0.001708984375,1.0107421875,0.0933380126953125,-0.0684861168265342,1.148536205291748,0.2120451480150223,72.1190185546875,100.8508758544922,8.53741455078125
35605,0.0075531005859375,1.011932373046875,0.084228515625,-0.0684861168265342,1.148536205291748,0.2120451480150223,72.01063537597656,100.8332824707031,8.80859375
35606,0.016326904296875,1.057525634765625,0.0904998779296875,-0.0399125292897224,1.047147750854492,0.2028175592422485,71.8798828125,100.8366546630859,9.146255493164062
35607,0.016326904296875,1.057525634765625,0.0904998779296875,-0.0399125292897224,1.047147750854492,0.2028175592422485,71.8798828125,100.8366546630859,9.146255493164062
35608,0.021636962890625,1.08416748046875,0.1288299560546875,0.0169299803674221,1.075313329696655,0.1879339516162872,71.81784057617188,100.8767242431641,9.35040283203125
35609,0.0256805419921875,1.100234985351562,0.1630706787109375,0.0169299803674221,1.075313329696655,0.1879339516162872,71.77690124511719,100.741455078125,9.618972778320312
35610,0.029052734375,1.070755004882812,0.168212890625,0.0118049941956996,1.072494626045227,0.2426334172487259,71.58175659179688,100.6642303466797,9.891494750976562
35611,0.0342864990234375,1.032028198242188,0.144073486328125,-0.0416704826056957,1.069433927536011,0.2211057543754578,71.53520202636719,100.5089416503906,9.959854125976562
35612,0.0342864990234375,1.032028198242188,0.144073486328125,-0.0416704826056957,1.069433927536011,0.2211057543754578,71.53520202636719,100.5089416503906,9.959854125976562
35613,0.0385284423828125,1.00689697265625,0.10662841796875,-0.0416704826056957,1.069433927536011,0.2211057543754578,71.62156677246094,100.481689453125,9.951141357421877
35614,0.0382080078125,0.9895172119140624,0.0445709228515625,-0.064270332455635,0.9020099639892578,0.1463758498430252,71.42962646484375,100.4389343261719,10.52638244628906
35615,0.0481109619140625,0.984466552734375,0.034271240234375,-0.0631733760237693,0.7838415503501892,0.1180494055151939,71.32870483398438,100.3986511230469,10.85978698730469
35616,0.0481109619140625,0.984466552734375,0.034271240234375,-0.0631733760237693,0.7838415503501892,0.1180494055151939,71.32870483398438,100.3986511230469,10.85978698730469
35617,0.0651702880859375,0.9937744140625,0.006103515625,-0.0539569742977619,0.6596292853355408,0.0813103020191192,71.30302429199219,100.3525848388672,10.96157836914062
35618,0.073516845703125,0.994049072265625,-0.0065460205078125,0.0007432882557623,0.3360949158668518,0.0427610464394092,71.0938720703125,100.4164886474609,11.11186218261719
35619,0.073516845703125,0.994049072265625,-0.0065460205078125,0.0007432882557623,0.3360949158668518,0.0427610464394092,71.0938720703125,100.4164886474609,11.11186218261719
35620,0.07794189453125,1.00421142578125,-0.000396728515625,0.0007432882557623,0.3360949158668518,0.0427610464394092,71.06031799316406,100.3282165527344,11.15559387207031
35621,0.0777130126953125,1.0166015625,0.00860595703125,0.0464652366936206,0.2797560095787048,0.0328410379588604,71.11746215820312,100.1753845214844,11.15486145019531
35622,0.078033447265625,1.023025512695312,0.01824951171875,0.1063125878572464,0.2112001180648804,0.0246510170400142,71.01570129394531,100.0948791503906,11.1422119140625
35623,0.079803466796875,1.02496337890625,0.0346527099609375,0.2079816907644272,0.1097528636455536,-0.0201971475034952,70.96438598632812,100.0918273925781,11.03202819824219
35624,0.085906982421875,1.017868041992188,0.0487213134765625,0.2079816907644272,0.1097528636455536,-0.0201971475034952,70.95162963867188,100.1006927490234,10.97335815429688
35625,0.09326171875,1.017562866210938,0.0605010986328125,0.2386173605918884,0.0616151615977287,-0.0352000668644905,70.97686767578125,100.1781768798828,10.98774719238281
35626,0.1136322021484375,1.001937866210938,0.0802001953125,0.2677813768386841,0.0783675089478492,-0.1057125777006149,70.90167236328125,100.2738494873047,10.75114440917969
35627,0.1136322021484375,1.001937866210938,0.0802001953125,0.2677813768386841,0.0783675089478492,-0.1057125777006149,70.90167236328125,100.2738494873047,10.75114440917969
35628,0.1170501708984375,1.000808715820312,0.0695037841796875,0.2165213823318481,0.0547050572931766,-0.1715424656867981,70.78399658203125,100.2742614746094,10.57820129394531
35629,0.1203765869140625,0.9931640625,0.073333740234375,0.2165213823318481,0.0547050572931766,-0.1715424656867981,70.73997497558594,100.3227386474609,10.4202880859375
35630,0.1263275146484375,0.98797607421875,0.0512542724609375,0.2137213349342346,-0.0247183963656425,-0.2042146474123001,70.5606689453125,100.5713348388672,10.28352355957031
35631,0.1263275146484375,0.98797607421875,0.0512542724609375,0.2137213349342346,-0.0247183963656425,-0.2042146474123001,70.5606689453125,100.5713348388672,10.28352355957031
35632,0.1263275146484375,0.98797607421875,0.0512542724609375,0.2137213349342346,-0.0247183963656425,-0.2042146474123001,70.5606689453125,100.5713348388672,10.28352355957031
35633,0.1172027587890625,0.98907470703125,0.06524658203125,0.2435926795005798,-0.0601637363433837,-0.1973386406898499,70.54032897949219,100.5938110351562,10.120361328125
35634,0.1140594482421875,1.0001220703125,0.0364990234375,0.2787104547023773,-0.1533773094415665,-0.1880716383457184,70.22894287109375,100.6561126708984,9.700225830078123
35635,0.099395751953125,0.99029541015625,0.080047607421875,0.2912299931049347,-0.211675763130188,-0.1814145296812057,70.21092224121094,100.6889495849609,9.468734741210938
35636,0.099395751953125,0.99029541015625,0.080047607421875,0.2912299931049347,-0.211675763130188,-0.1814145296812057,70.21092224121094,100.6889495849609,9.468734741210938
35637,0.0929718017578125,0.984649658203125,0.0937652587890625,0.2912299931049347,-0.211675763130188,-0.1814145296812057,70.10569763183594,100.8136901855469,9.37371826171875
35638,0.089141845703125,0.9718170166015624,0.076416015625,0.2467107176780701,-0.3580026030540466,-0.1731150597333908,70.05758666992188,101.1749725341797,8.943740844726562
35639,0.089141845703125,0.9718170166015624,0.076416015625,0.2467107176780701,-0.3580026030540466,-0.1731150597333908,70.05758666992188,101.1749725341797,8.943740844726562
35640,0.089141845703125,0.9718170166015624,0.076416015625,0.2467107176780701,-0.3580026030540466,-0.1731150597333908,70.05758666992188,101.1749725341797,8.943740844726562
35641,0.089141845703125,0.9718170166015624,0.076416015625,0.2467107176780701,-0.3580026030540466,-0.1731150597333908,70.05758666992188,101.1749725341797,8.943740844726562
35642,0.07843017578125,0.9827117919921876,0.068756103515625,0.2392773032188416,-0.4060987830162048,-0.177847221493721,70.00990295410156,101.0755310058594,8.886978149414062
35643,0.07843017578125,0.9827117919921876,0.068756103515625,0.2392773032188416,-0.4060987830162048,-0.177847221493721,70.00990295410156,101.0755310058594,8.886978149414062
35644,0.0726470947265625,0.9831390380859376,0.0680389404296875,0.2392773032188416,-0.4060987830162048,-0.177847221493721,69.99417114257812,101.2380676269531,8.6707763671875
35645,0.0702667236328125,0.9881744384765624,0.06634521484375,0.2426946610212326,-0.4622517824172974,-0.1669341325759888,70.04043579101562,101.3751525878906,8.358535766601562
35646,0.0678558349609375,0.9881744384765624,0.082427978515625,0.2373281270265579,-0.4713057279586792,-0.1625697314739227,69.83334350585938,101.6172180175781,7.995208740234375
35647,0.0678558349609375,0.9881744384765624,0.082427978515625,0.2373281270265579,-0.4713057279586792,-0.1625697314739227,69.83334350585938,101.6172180175781,7.995208740234375
35648,0.0690460205078125,0.987884521484375,0.0813140869140625,0.2044452875852585,-0.491830974817276,-0.1434455811977386,69.77560424804688,101.6386871337891,7.965499877929688
35649,0.0652313232421875,0.9821014404296876,0.0804901123046875,0.2044452875852585,-0.491830974817276,-0.1434455811977386,69.78842163085938,101.7138366699219,7.801712036132812
35650,0.050628662109375,0.9718017578125,0.0760345458984375,0.1672710180282593,-0.5406211614608765,-0.1261150538921356,69.75148010253906,101.9594268798828,7.436233520507812
35651,0.050628662109375,0.9718017578125,0.0760345458984375,0.1672710180282593,-0.5406211614608765,-0.1261150538921356,69.75148010253906,101.9594268798828,7.436233520507812
35652,0.0465240478515625,0.9675140380859376,0.0701751708984375,0.1672710180282593,-0.5406211614608765,-0.1261150538921356,69.72102355957031,102.0985870361328,7.184036254882812
35653,0.042144775390625,0.965850830078125,0.078125,0.1602530479431152,-0.5617107152938843,-0.1257914900779724,69.68309020996094,102.1102142333984,7.006317138671875
35654,0.023590087890625,0.9687347412109376,0.0717620849609375,0.1391267329454422,-0.575839102268219,-0.1183556690812111,69.71241760253906,102.1389770507812,6.699981689453125
35655,0.023590087890625,0.9687347412109376,0.0717620849609375,0.1391267329454422,-0.575839102268219,-0.1183556690812111,69.71241760253906,102.1389770507812,6.699981689453125
35656,0.016998291015625,0.9708099365234376,0.0736846923828125,0.1232843846082687,-0.5920981764793396,-0.1154709383845329,69.80325317382812,102.2206268310547,6.5352783203125
35657,0.0112457275390625,0.9691619873046876,0.0728759765625,0.1040350571274757,-0.6054579615592957,-0.114371046423912,69.85044860839844,102.1403961181641,6.51727294921875
35658,-3.0517578125e-05,0.9732666015625,0.065887451171875,0.0607869178056716,-0.6413624286651611,-0.1109747216105461,69.88456726074219,102.2138671875,6.26416015625
35659,-3.0517578125e-05,0.9732666015625,0.065887451171875,0.0607869178056716,-0.6413624286651611,-0.1109747216105461,69.88456726074219,102.2138671875,6.26416015625
35660,-0.00115966796875,0.97686767578125,0.0614013671875,0.0607869178056716,-0.6413624286651611,-0.1109747216105461,69.93928527832031,102.2581481933594,6.054046630859375
35661,-0.0008544921875,0.9775238037109376,0.0626983642578125,0.0508200377225875,-0.641295313835144,-0.1153087466955185,69.93888854980469,102.1953277587891,5.987533569335938
35662,-0.0055389404296875,0.9803314208984376,0.0665283203125,0.0449581518769264,-0.6189281940460205,-0.1129728928208351,69.96481323242188,102.2369537353516,5.751983642578125
35663,-0.0055389404296875,0.9803314208984376,0.0665283203125,0.0449581518769264,-0.6189281940460205,-0.1129728928208351,69.96481323242188,102.2369537353516,5.751983642578125
35664,-0.008392333984375,0.9847259521484376,0.064361572265625,0.0457051694393158,-0.5766449570655823,-0.1156371161341667,70.07173156738281,102.2286682128906,5.759048461914062
35665,-0.0150146484375,0.9859466552734376,0.064453125,0.0457051694393158,-0.5766449570655823,-0.1156371161341667,70.08444213867188,102.3481597900391,5.5682373046875
35666,-0.03717041015625,0.99072265625,0.0680084228515625,0.0220674853771925,-0.5102179646492004,-0.1119635552167892,70.10302734375,102.4584045410156,5.3466796875
35667,-0.03717041015625,0.99072265625,0.0680084228515625,0.0220674853771925,-0.5102179646492004,-0.1119635552167892,70.10302734375,102.4584045410156,5.3466796875
35668,-0.053680419921875,0.9882965087890624,0.067718505859375,0.0136244660243392,-0.474459707736969,-0.1062012687325478,70.11341857910156,102.4243621826172,5.22784423828125
35669,-0.068878173828125,0.9873809814453124,0.067169189453125,0.0064347297884523,-0.4449854493141174,-0.099444031715393,70.18528747558594,102.5184326171875,5.168533325195312
35670,-0.0870361328125,0.989532470703125,0.072296142578125,-0.0103788711130619,-0.4213632047176361,-0.0940822884440422,70.2303466796875,102.5950012207031,5.022598266601562
35671,-0.0870361328125,0.989532470703125,0.072296142578125,-0.0103788711130619,-0.4213632047176361,-0.0940822884440422,70.2303466796875,102.5950012207031,5.022598266601562
35672,-0.0904388427734375,0.998077392578125,0.08465576171875,-0.0187904648482799,-0.4009074866771698,-0.1040174812078476,70.20759582519531,102.6336212158203,4.993423461914062
35673,-0.0948028564453125,1.002090454101562,0.0776519775390625,-0.0404747202992439,-0.3854057490825653,-0.1088697612285614,70.26905822753906,102.4802703857422,5.128555297851562
35674,-0.1033935546875,1.002700805664062,0.050537109375,-0.0998512282967567,-0.3961071372032166,-0.1226998195052147,70.08818054199219,102.6566619873047,4.449508666992188
35675,-0.1033935546875,1.002700805664062,0.050537109375,-0.0998512282967567,-0.3961071372032166,-0.1226998195052147,70.08818054199219,102.6566619873047,4.449508666992188
35676,-0.0973663330078125,1.00445556640625,0.0381622314453125,-0.1208425313234329,-0.4016222655773163,-0.1339370310306549,70.04701232910156,102.7497100830078,4.369873046875
35677,-0.1006317138671875,1.003280639648438,0.0232391357421875,-0.1270921677350998,-0.4110543727874756,-0.1355849951505661,70.07540893554688,102.7738037109375,4.366912841796875
35678,-0.0799102783203125,1.0,0.0356292724609375,-0.0904750376939773,-0.3386116027832031,-0.1369152367115021,70.02415466308594,102.8357238769531,4.521194458007812
35679,-0.0799102783203125,1.0,0.0356292724609375,-0.0904750376939773,-0.3386116027832031,-0.1369152367115021,70.02415466308594,102.8357238769531,4.521194458007812
35680,-0.086639404296875,0.9897613525390624,0.0349578857421875,-0.081607773900032,-0.296477735042572,-0.1214228346943855,70.08058166503906,102.7672424316406,4.500961303710938
35681,-0.0848541259765625,0.9832916259765624,0.0521697998046875,-0.0678927674889564,-0.2309112399816513,-0.1080921143293381,70.01954650878906,102.8866729736328,4.454254150390625
35682,-0.1075592041015625,0.9785308837890624,0.05010986328125,-0.091741107404232,-0.1533378958702087,-0.0828874260187149,69.9962158203125,102.9092864990234,4.476791381835938
35683,-0.1075592041015625,0.9785308837890624,0.05010986328125,-0.091741107404232,-0.1533378958702087,-0.0828874260187149,69.9962158203125,102.9092864990234,4.476791381835938
35684,-0.1195220947265625,0.981201171875,0.0526580810546875,-0.091741107404232,-0.1533378958702087,-0.0828874260187149,69.93133544921875,102.8156585693359,4.414230346679688
35685,-0.1220703125,0.984710693359375,0.0587615966796875,-0.1147002130746841,-0.1550039649009705,-0.0923222079873085,69.85195922851562,102.8531494140625,4.439544677734375
35686,-0.12060546875,0.9833831787109376,0.059295654296875,-0.1485423296689987,-0.1558564454317093,-0.1065687835216522,69.72454833984375,102.8187103271484,4.480056762695312
35687,-0.12060546875,0.9833831787109376,0.059295654296875,-0.1485423296689987,-0.1558564454317093,-0.1065687835216522,69.72454833984375,102.8187103271484,4.480056762695312
35688,-0.1160125732421875,0.9852142333984376,0.053863525390625,-0.1541648060083389,-0.1652022749185562,-0.1088865324854851,69.70521545410156,102.8711547851562,4.695938110351562
35689,-0.109283447265625,0.9840545654296876,0.053375244140625,-0.1558226197957993,-0.1715453863143921,-0.1048473194241524,69.68077087402344,102.7443542480469,4.807525634765625
35690,-0.089874267578125,0.9822235107421876,0.0495452880859375,-0.1500257104635239,-0.1447316259145737,-0.1107600703835487,69.63949584960938,103.0299224853516,4.679550170898438
35691,-0.089874267578125,0.9822235107421876,0.0495452880859375,-0.1500257104635239,-0.1447316259145737,-0.1107600703835487,69.63949584960938,103.0299224853516,4.679550170898438
35692,-0.086517333984375,0.975341796875,0.04351806640625,-0.1389400362968445,-0.1317079663276672,-0.1176784262061119,69.5880126953125,102.9348754882812,4.692352294921875
35693,-0.0875091552734375,0.968231201171875,0.03973388671875,-0.1277462393045425,-0.133748471736908,-0.1289712935686111,69.57485961914062,102.9117279052734,4.732833862304688
35694,-0.09906005859375,0.955078125,0.0213775634765625,-0.1218574643135071,-0.1696108728647232,-0.1543536186218262,69.53947448730469,102.8455047607422,5.014312744140625
35695,-0.105072021484375,0.951507568359375,0.0122833251953125,-0.1308528184890747,-0.2099915891885757,-0.1595470458269119,69.58480834960938,102.7690124511719,5.052505493164062
35696,-0.105072021484375,0.951507568359375,0.0122833251953125,-0.1308528184890747,-0.2099915891885757,-0.1595470458269119,69.58480834960938,102.7690124511719,5.052505493164062
35697,-0.108734130859375,0.9504852294921876,0.0165863037109375,-0.1363594383001328,-0.2306433320045471,-0.1642938703298569,69.4822998046875,102.6177215576172,5.102447509765625
35698,-0.1218414306640625,0.9600067138671876,0.047088623046875,-0.1060420125722885,-0.197978600859642,-0.1498837769031525,69.37750244140625,102.8074645996094,5.133148193359375
35699,-0.1218414306640625,0.9600067138671876,0.047088623046875,-0.1060420125722885,-0.197978600859642,-0.1498837769031525,69.37750244140625,102.8074645996094,5.133148193359375
35700,-0.131103515625,0.974456787109375,0.0690460205078125,-0.0822618529200553,-0.1512566357851028,-0.1397784054279327,69.36827087402344,102.8190612792969,5.085357666015625
35701,-0.141754150390625,0.989105224609375,0.083221435546875,-0.074590615928173,-0.0923565626144409,-0.1255773603916168,69.28117370605469,102.7840881347656,5.02886962890625
35702,-0.1700897216796875,1.013748168945312,0.0737152099609375,-0.1451614499092102,0.0431448072195053,-0.1138775646686554,69.24620056152344,102.8168640136719,5.173675537109375
35703,-0.1700897216796875,1.013748168945312,0.0737152099609375,-0.1451614499092102,0.0431448072195053,-0.1138775646686554,69.24620056152344,102.8168640136719,5.173675537109375
35704,-0.1832275390625,1.02294921875,0.0528411865234375,-0.1451614499092102,0.0431448072195053,-0.1138775646686554,69.23272705078125,102.6965637207031,5.382537841796875
35705,-0.1909637451171875,1.025543212890625,0.0370635986328125,-0.1585800498723984,0.0633392930030822,-0.124935545027256,69.18057250976562,102.789306640625,5.451171875
35706,-0.1806640625,1.0128173828125,0.029205322265625,-0.126573920249939,0.0939118489623069,-0.1443899422883987,69.07902526855469,102.8203887939453,5.419921875
35707,-0.1806640625,1.0128173828125,0.029205322265625,-0.126573920249939,0.0939118489623069,-0.1443899422883987,69.07902526855469,102.8203887939453,5.419921875
35708,-0.1786651611328125,0.99774169921875,0.041412353515625,-0.0889519751071929,0.1130019202828407,-0.1288131028413773,68.94941711425781,102.8319549560547,5.611175537109375
35709,-0.1779937744140625,0.9893951416015624,0.0590667724609375,-0.0510453395545482,0.152851328253746,-0.126251146197319,68.85391235351562,102.7392120361328,5.635086059570312
35710,-0.1759796142578125,0.986968994140625,0.0955047607421875,-0.0103948507457971,0.249204233288765,-0.1110705956816673,68.67396545410156,102.7115936279297,5.765823364257812
35711,-0.167755126953125,0.9911956787109376,0.099517822265625,-0.0189832784235477,0.2589753568172455,-0.1084846630692482,68.57521057128906,102.7079772949219,5.717086791992188
35712,-0.167755126953125,0.9911956787109376,0.099517822265625,-0.0189832784235477,0.2589753568172455,-0.1084846630692482,68.57521057128906,102.7079772949219,5.717086791992188
35713,-0.1650238037109375,0.9976959228515624,0.1102294921875,-0.0388182364404201,0.2604992389678955,-0.1100165173411369,68.53768920898438,102.6667175292969,5.723617553710938
35714,-0.161224365234375,0.9996490478515624,0.115997314453125,-0.0983233749866485,0.2883955836296082,-0.1045312061905861,68.36439514160156,102.6597595214844,5.795028686523438
35715,-0.161224365234375,0.9996490478515624,0.115997314453125,-0.0983233749866485,0.2883955836296082,-0.1045312061905861,68.36439514160156,102.6597595214844,5.795028686523438
35716,-0.158843994140625,0.9978790283203124,0.1160736083984375,-0.1114642098546028,0.3412710428237915,-0.1021817624568939,68.30580139160156,102.6142730712891,5.909774780273438
35717,-0.1577301025390625,0.9961090087890624,0.1019744873046875,-0.1105528771877289,0.4024220108985901,-0.0938378125429153,68.20849609375,102.4935455322266,5.962570190429688
35718,-0.1580810546875,1.000564575195312,0.0804290771484375,-0.0948732495307922,0.4875150620937347,-0.0901429429650306,68.03758239746094,102.3859710693359,6.087554931640625
35719,-0.1580810546875,1.000564575195312,0.0804290771484375,-0.0948732495307922,0.4875150620937347,-0.0901429429650306,68.03758239746094,102.3859710693359,6.087554931640625
35720,-0.173431396484375,0.9989013671875,0.075225830078125,-0.0896550491452217,0.5006551146507263,-0.0778106451034545,67.90147399902344,102.4120178222656,6.117904663085938
35721,-0.17742919921875,0.9991912841796876,0.07952880859375,-0.087025448679924,0.5146816968917847,-0.058195661753416,67.789794921875,102.4428405761719,6.235015869140625
35722,-0.175384521484375,1.009170532226562,0.0711212158203125,-0.0981579944491386,0.5046207904815674,-0.0481949597597122,67.62864685058594,102.2630004882812,6.584854125976562
35723,-0.175384521484375,1.009170532226562,0.0711212158203125,-0.0981579944491386,0.5046207904815674,-0.0481949597597122,67.62864685058594,102.2630004882812,6.584854125976562
35724,-0.1815338134765625,1.009140014648438,0.0826263427734375,-0.1053703650832176,0.4977812767028809,-0.0505446679890155,67.60562133789062,102.1787872314453,6.595474243164062
35725,-0.172119140625,1.006454467773438,0.0929107666015625,-0.1010856032371521,0.5068597197532654,-0.0462034493684768,67.55046081542969,102.2326202392578,6.633056640625
35726,-0.1602630615234375,1.00823974609375,0.102630615234375,-0.1294996738433838,0.5075201988220215,-0.0542741566896438,67.491943359375,102.2567138671875,6.894561767578125
35727,-0.1602630615234375,1.00823974609375,0.102630615234375,-0.1294996738433838,0.5075201988220215,-0.0542741566896438,67.491943359375,102.2567138671875,6.894561767578125
35728,-0.144927978515625,1.004486083984375,0.1026153564453125,-0.1294996738433838,0.5075201988220215,-0.0542741566896438,67.41580200195312,102.2419281005859,6.96087646484375
35729,-0.13629150390625,0.9994049072265624,0.093170166015625,-0.1642986685037613,0.484687864780426,-0.0584462657570838,67.29692077636719,102.3960723876953,6.976654052734375
35730,-0.1147918701171875,0.9959716796875,0.0841217041015625,-0.2170513570308685,0.4512856900691986,-0.053172405809164,67.04020690917969,102.3973388671875,7.022842407226562
35731,-0.1147918701171875,0.9959716796875,0.0841217041015625,-0.2170513570308685,0.4512856900691986,-0.053172405809164,67.04020690917969,102.3973388671875,7.022842407226562
35732,-0.1068115234375,0.993072509765625,0.0711212158203125,-0.2203986793756485,0.4315000176429749,-0.0640703290700912,67.04931640625,102.2640991210938,7.159637451171875
35733,-0.110107421875,0.9868011474609376,0.06365966796875,-0.1851514726877213,0.3691636621952057,-0.0534562990069389,66.91661071777344,102.0807952880859,7.26251220703125
35734,-0.119384765625,0.9828643798828124,0.0668487548828125,-0.1484645754098892,0.3506152629852295,-0.0454716123640537,66.65618896484375,102.0320281982422,7.621597290039062
35735,-0.119384765625,0.9828643798828124,0.0668487548828125,-0.1484645754098892,0.3506152629852295,-0.0454716123640537,66.65618896484375,102.0320281982422,7.621597290039062
35736,-0.1142730712890625,0.97467041015625,0.072784423828125,-0.1228598728775978,0.3195771872997284,-0.0358541384339332,66.6134033203125,101.9951782226562,7.782058715820312
35737,-0.1210784912109375,0.9722442626953124,0.0796051025390625,-0.0920620188117027,0.2941226959228516,-0.0394712425768375,66.52801513671875,102.0039520263672,7.84356689453125
35738,-0.1417083740234375,0.9669647216796876,0.1016845703125,-0.0575216151773929,0.2547931373119354,-0.0620609745383262,66.34768676757812,102.0670318603516,8.166275024414062
35739,-0.1417083740234375,0.9669647216796876,0.1016845703125,-0.0575216151773929,0.2547931373119354,-0.0620609745383262,66.34768676757812,102.0670318603516,8.166275024414062
35740,-0.1417083740234375,0.9669647216796876,0.1016845703125,-0.0575216151773929,0.2547931373119354,-0.0620609745383262,66.34768676757812,102.0670318603516,8.166275024414062
35741,-0.1470184326171875,0.95556640625,0.10186767578125,-0.0798405036330223,0.2710940837860107,-0.0849694833159446,66.33792114257812,101.8238983154297,8.726058959960938
35742,-0.1470184326171875,0.95556640625,0.10186767578125,-0.0798405036330223,0.2710940837860107,-0.0849694833159446,66.33792114257812,101.8238983154297,8.726058959960938
35743,-0.14385986328125,0.9505615234375,0.10040283203125,-0.0798405036330223,0.2710940837860107,-0.0849694833159446,66.31593322753906,101.7160034179688,8.836288452148438
35744,-0.144195556640625,0.949981689453125,0.0978240966796875,-0.0890518426895141,0.2664766907691956,-0.0962626188993454,66.20254516601562,101.7852783203125,8.765335083007812
35745,-0.14495849609375,0.9573211669921876,0.1024627685546875,-0.0886182859539985,0.249555230140686,-0.1063429489731789,66.00059509277344,101.9192962646484,8.182373046875
35746,-0.1353759765625,0.958709716796875,0.0985565185546875,-0.0916335135698318,0.1902807205915451,-0.1146307066082954,65.94889831542969,102.1192474365234,8.037567138671875
35747,-0.1353759765625,0.958709716796875,0.0985565185546875,-0.0916335135698318,0.1902807205915451,-0.1146307066082954,65.94889831542969,102.1192474365234,8.037567138671875
35748,-0.12750244140625,0.96185302734375,0.102081298828125,-0.0957646071910858,0.1710319370031357,-0.1164480522274971,65.84405517578125,102.0620727539062,8.071792602539062
35749,-0.12493896484375,0.961334228515625,0.1088104248046875,-0.0957646071910858,0.1710319370031357,-0.1164480522274971,65.72587585449219,101.955810546875,8.2786865234375
35750,-0.11505126953125,0.9533843994140624,0.10174560546875,-0.1056697070598602,0.1409230381250381,-0.0964825972914695,65.59428405761719,101.9517517089844,8.632843017578125
35751,-0.11505126953125,0.9533843994140624,0.10174560546875,-0.1056697070598602,0.1409230381250381,-0.0964825972914695,65.59428405761719,101.9517517089844,8.632843017578125
35752,-0.116912841796875,0.9540863037109376,0.106842041015625,-0.1056697070598602,0.1409230381250381,-0.0964825972914695,65.59413146972656,101.9436187744141,8.689163208007812
35753,-0.125335693359375,0.960784912109375,0.105499267578125,-0.1120090931653976,0.138884112238884,-0.0880731344223022,65.50909423828125,101.8390502929688,8.586715698242188
35754,-0.1402740478515625,0.9743194580078124,0.1006622314453125,-0.1226750537753105,0.1124961823225021,-0.086200401186943,65.37052917480469,101.8775329589844,8.642837524414062
35755,-0.1402740478515625,0.9743194580078124,0.1006622314453125,-0.1226750537753105,0.1124961823225021,-0.086200401186943,65.37052917480469,101.8775329589844,8.642837524414062
35756,-0.138702392578125,0.9755859375,0.098419189453125,-0.1209860742092133,0.0915163308382034,-0.0955502241849899,65.31404113769531,102.0378570556641,8.728500366210938
35757,-0.1343994140625,0.9768829345703124,0.0994415283203125,-0.1209860742092133,0.0915163308382034,-0.0955502241849899,65.19119262695312,101.8669128417969,8.922225952148438
35758,-0.123931884765625,0.98150634765625,0.0988006591796875,-0.1075693368911743,0.0211540218442678,-0.090436153113842,65.03167724609375,101.8706970214844,9.12225341796875
35759,-0.123931884765625,0.98150634765625,0.0988006591796875,-0.1075693368911743,0.0211540218442678,-0.090436153113842,65.03167724609375,101.8706970214844,9.12225341796875
35760,-0.121917724609375,0.9839630126953124,0.09783935546875,-0.1075693368911743,0.0211540218442678,-0.090436153113842,65.06379699707031,101.7270202636719,9.266326904296877
35761,-0.1182098388671875,0.9818267822265624,0.0957794189453125,-0.1079424470663071,-0.0042996737174689,-0.0821348205208778,65.04660034179688,101.8321990966797,9.331695556640623
35762,-0.1126861572265625,0.982879638671875,0.09320068359375,-0.0746326893568038,-0.0641643404960632,-0.0637784451246261,65.07473754882812,101.8238677978516,9.276214599609377
35763,-0.1126861572265625,0.982879638671875,0.09320068359375,-0.0746326893568038,-0.0641643404960632,-0.0637784451246261,65.07473754882812,101.8238677978516,9.276214599609377
35764,-0.1126556396484375,0.9852142333984376,0.092315673828125,-0.0746326893568038,-0.0641643404960632,-0.0637784451246261,65.009521484375,101.8277282714844,9.24896240234375
35765,-0.1150665283203125,0.9851531982421876,0.0942840576171875,-0.0435080640017986,-0.0941984057426452,-0.0433245711028575,64.98106384277344,101.7889556884766,9.440170288085938
35766,-0.117462158203125,0.9873199462890624,0.0996246337890625,-0.0164868310093879,-0.1162965148687363,-0.0244547426700592,65.01702880859375,101.7400054931641,9.52191162109375
35767,-0.117462158203125,0.9873199462890624,0.0996246337890625,-0.0164868310093879,-0.1162965148687363,-0.0244547426700592,65.01702880859375,101.7400054931641,9.52191162109375
35768,-0.122467041015625,0.9835968017578124,0.103668212890625,-0.0164868310093879,-0.1162965148687363,-0.0244547426700592,64.95295715332031,101.8466796875,9.489395141601562
35769,-0.1287689208984375,0.977874755859375,0.10467529296875,-0.0106648951768875,-0.1236577555537224,-0.0143874613568186,64.93708801269531,101.8612213134766,9.44415283203125
35770,-0.1420440673828125,0.9800262451171876,0.0996856689453125,0.0223202183842659,-0.1160610914230347,0.0053566819988191,64.98109436035156,101.9457092285156,9.491119384765623
35771,-0.1420440673828125,0.9800262451171876,0.0996856689453125,0.0223202183842659,-0.1160610914230347,0.0053566819988191,64.98109436035156,101.9457092285156,9.491119384765623
35772,-0.1451873779296875,0.9827423095703124,0.101654052734375,0.031362984329462,-0.1150690615177155,0.0082624573260545,64.92868041992188,101.9912109375,9.520477294921877
35773,-0.1469268798828125,0.985015869140625,0.107757568359375,0.031362984329462,-0.1150690615177155,0.0082624573260545,64.97721862792969,101.9804382324219,9.556381225585938
35774,-0.14373779296875,0.986907958984375,0.108642578125,0.0328839123249054,-0.1310938447713852,0.0166610013693571,64.98162841796875,101.9510498046875,9.4730224609375
35775,-0.14373779296875,0.986907958984375,0.108642578125,0.0328839123249054,-0.1310938447713852,0.0166610013693571,64.98162841796875,101.9510498046875,9.4730224609375
35776,-0.1399078369140625,0.9843597412109376,0.1052703857421875,0.0355625227093696,-0.1356180161237717,0.019012838602066,64.99826049804688,101.9972229003906,9.42919921875
35777,-0.1372222900390625,0.9793701171875,0.1067047119140625,0.0397942848503589,-0.1433710157871246,0.0234001316130161,65.05555725097656,101.9569244384766,9.382827758789062
35778,-0.13616943359375,0.9799652099609376,0.10546875,0.0566803216934204,-0.1540023535490036,0.0320854969322681,65.10134887695312,102.0055236816406,9.3192138671875
35779,-0.13616943359375,0.9799652099609376,0.10546875,0.0566803216934204,-0.1540023535490036,0.0320854969322681,65.10134887695312,102.0055236816406,9.3192138671875
35780,-0.1378326416015625,0.98455810546875,0.1068572998046875,0.0566803216934204,-0.1540023535490036,0.0320854969322681,65.06741333007812,101.9638519287109,9.319442749023438
35781,-0.13519287109375,0.9891204833984376,0.107208251953125,0.0643052235245704,-0.153785303235054,0.0302268788218498,65.15730285644531,101.8761901855469,9.274063110351562
35782,-0.130859375,0.9842987060546876,0.102783203125,0.0821241661906242,-0.1758786141872406,0.0258422493934631,65.27059936523438,101.8578338623047,9.218704223632812
35783,-0.130859375,0.9842987060546876,0.102783203125,0.0821241661906242,-0.1758786141872406,0.0258422493934631,65.27059936523438,101.8578338623047,9.218704223632812
35784,-0.1274566650390625,0.9803009033203124,0.1043853759765625,0.0821241661906242,-0.1758786141872406,0.0258422493934631,65.28517150878906,101.9023132324219,9.064895629882812
35785,-0.1256561279296875,0.9786834716796876,0.1017303466796875,0.0900710374116897,-0.1790246069431305,0.0319142565131187,65.36929321289062,101.9716796875,9.096664428710938
35786,-0.1239776611328125,0.9803924560546876,0.1016845703125,0.0942197069525718,-0.1946174204349518,0.0307499226182699,65.4898681640625,101.9738159179688,8.911056518554688
35787,-0.1239776611328125,0.9803924560546876,0.1016845703125,0.0942197069525718,-0.1946174204349518,0.0307499226182699,65.4898681640625,101.9738159179688,8.911056518554688
35788,-0.1279449462890625,0.979217529296875,0.1009979248046875,0.094814658164978,-0.2013344466686249,0.0326666012406349,65.52381896972656,102.016845703125,8.887039184570312
35789,-0.1318511962890625,0.9804229736328124,0.1021881103515625,0.0989987552165985,-0.2123024016618729,0.0364216566085815,65.53907775878906,102.0115509033203,8.9158935546875
35790,-0.135711669921875,0.98529052734375,0.0994415283203125,0.1053661033511162,-0.2279607355594635,0.0459898635745048,65.56326293945312,102.1028289794922,8.857742309570312
35791,-0.135711669921875,0.98529052734375,0.0994415283203125,0.1053661033511162,-0.2279607355594635,0.0459898635745048,65.56326293945312,102.1028289794922,8.857742309570312
35792,-0.13714599609375,0.9828338623046876,0.1014556884765625,0.1053661033511162,-0.2279607355594635,0.0459898635745048,65.74478149414062,101.9016571044922,8.964019775390625
35793,-0.1414031982421875,0.9832305908203124,0.1077728271484375,0.112696185708046,-0.2267825454473495,0.0508346855640411,65.80401611328125,101.8832550048828,9.105239868164062
35794,-0.14422607421875,0.99481201171875,0.1166534423828125,0.1136551946401596,-0.216455340385437,0.0623861476778984,65.82380676269531,102.0234222412109,8.665145874023438
35795,-0.14434814453125,0.998443603515625,0.1215057373046875,0.1136551946401596,-0.216455340385437,0.0623861476778984,65.84716796875,102.0520477294922,8.643692016601562
35796,-0.14434814453125,0.998443603515625,0.1215057373046875,0.1136551946401596,-0.216455340385437,0.0623861476778984,65.84716796875,102.0520477294922,8.643692016601562
35797,-0.143463134765625,0.997406005859375,0.1226959228515625,0.1085784062743187,-0.2106610983610153,0.056979663670063,65.90913391113281,102.0091400146484,8.6248779296875
35798,-0.144775390625,0.9748687744140624,0.11669921875,0.0975326821208,-0.1779524236917496,0.0624511279165744,66.04039001464844,102.1861877441406,8.650009155273438
35799,-0.144775390625,0.9748687744140624,0.11669921875,0.0975326821208,-0.1779524236917496,0.0624511279165744,66.04039001464844,102.1861877441406,8.650009155273438
35800,-0.1499786376953125,0.9655914306640624,0.1142578125,0.0975326821208,-0.1779524236917496,0.0624511279165744,66.20172119140625,102.1645202636719,8.530654907226562
35801,-0.15386962890625,0.961090087890625,0.11480712890625,0.1158091574907303,-0.1606693118810654,0.0621640384197235,66.17008972167969,102.1681365966797,8.416702270507812
35802,-0.156219482421875,0.9687042236328124,0.1122283935546875,0.1223714500665665,-0.1476294100284576,0.0579232200980186,66.31263732910156,102.1151733398438,8.203933715820312
35803,-0.156219482421875,0.9687042236328124,0.1122283935546875,0.1223714500665665,-0.1476294100284576,0.0579232200980186,66.31263732910156,102.1151733398438,8.203933715820312
35804,-0.151397705078125,0.974609375,0.1139373779296875,0.1223714500665665,-0.1476294100284576,0.0579232200980186,66.39533996582031,102.0908966064453,8.148300170898438
35805,-0.1479644775390625,0.9789886474609376,0.11383056640625,0.110435962677002,-0.1322280764579773,0.05669816583395,66.48486328125,102.1298980712891,8.087875366210938
35806,-0.1396331787109375,0.9818572998046876,0.103668212890625,0.0916127413511276,-0.1284320056438446,0.0447360463440418,66.5283203125,102.1662750244141,7.851852416992188
35807,-0.1396331787109375,0.9818572998046876,0.103668212890625,0.0916127413511276,-0.1284320056438446,0.0447360463440418,66.5283203125,102.1662750244141,7.851852416992188
35808,-0.137298583984375,0.985015869140625,0.0980072021484375,0.086338885128498,-0.130235493183136,0.0456684194505214,66.60408020019531,102.2026519775391,7.865280151367188
35809,-0.1332855224609375,0.9888763427734376,0.0931854248046875,0.0858507230877876,-0.1370774209499359,0.0492703430354595,66.63703918457031,101.9810943603516,7.847900390625
35810,-0.126617431640625,0.9911346435546876,0.0931854248046875,0.0909480154514312,-0.1583968251943588,0.0559716559946537,66.70968627929688,102.0180816650391,7.77459716796875
35811,-0.126617431640625,0.9911346435546876,0.0931854248046875,0.0909480154514312,-0.1583968251943588,0.0559716559946537,66.70968627929688,102.0180816650391,7.77459716796875
35812,-0.123565673828125,0.99432373046875,0.0978851318359375,0.0957326516509056,-0.1643460690975189,0.0592774376273155,66.64385986328125,102.1587371826172,7.771621704101562
35813,-0.119781494140625,0.991668701171875,0.0994720458984375,0.0954237207770347,-0.1789966523647308,0.0647174790501594,66.69349670410156,102.2140350341797,7.698944091796875
35814,-0.1148834228515625,0.98919677734375,0.10479736328125,0.0883751362562179,-0.2115543186664581,0.0691103637218475,66.85107421875,102.2574157714844,7.772964477539062
35815,-0.1148834228515625,0.98919677734375,0.10479736328125,0.0883751362562179,-0.2115543186664581,0.0691103637218475,66.85107421875,102.2574157714844,7.772964477539062
35816,-0.111724853515625,0.9850311279296876,0.102325439453125,0.0887109637260437,-0.2558424174785614,0.0657145678997039,66.95860290527344,102.3047790527344,7.825180053710938
35817,-0.11224365234375,0.982818603515625,0.1004180908203125,0.0887109637260437,-0.2558424174785614,0.0657145678997039,66.99201965332031,102.2365264892578,7.72503662109375
35818,-0.114410400390625,0.982513427734375,0.0971527099609375,0.1090931966900826,-0.3163060247898102,0.0535495094954967,67.119873046875,102.2454833984375,7.511642456054688
35819,-0.114410400390625,0.982513427734375,0.0971527099609375,0.1090931966900826,-0.3163060247898102,0.0535495094954967,67.119873046875,102.2454833984375,7.511642456054688
35820,-0.1161346435546875,0.98199462890625,0.0936431884765625,0.1151345819234848,-0.3257741034030914,0.0523958280682563,67.21298217773438,102.2623596191406,7.42022705078125
35821,-0.110626220703125,0.9842681884765624,0.0970001220703125,0.1151345819234848,-0.3257741034030914,0.0523958280682563,67.29376220703125,102.1745300292969,7.440460205078125
35822,-0.1111907958984375,0.98114013671875,0.098968505859375,0.1130346730351448,-0.3370102643966675,0.0492375865578651,67.44966125488281,102.0962219238281,7.25054931640625
35823,-0.1111907958984375,0.98114013671875,0.098968505859375,0.1130346730351448,-0.3370102643966675,0.0492375865578651,67.44966125488281,102.0962219238281,7.25054931640625
35824,-0.1142425537109375,0.9779205322265624,0.0970916748046875,0.1078596189618111,-0.3523806929588318,0.0483518205583095,67.51435852050781,102.1108551025391,7.103927612304688
35825,-0.11517333984375,0.9768218994140624,0.0977935791015625,0.1026299744844437,-0.3620849847793579,0.0417258739471435,67.60575866699219,102.1629180908203,6.946395874023438
35826,-0.1172637939453125,0.9750213623046876,0.09478759765625,0.1037122830748558,-0.387740284204483,0.0347657017409801,67.73135375976562,102.1505737304688,6.95159912109375
35827,-0.1172637939453125,0.9750213623046876,0.09478759765625,0.1037122830748558,-0.387740284204483,0.0347657017409801,67.73135375976562,102.1505737304688,6.95159912109375
35828,-0.1168365478515625,0.9796142578125,0.0970306396484375,0.1037122830748558,-0.387740284204483,0.0347657017409801,67.87095642089844,102.2139892578125,6.775955200195312
35829,-0.1102752685546875,0.986846923828125,0.0959014892578125,0.1050217598676682,-0.3902351260185242,0.0302617661654949,67.86671447753906,102.2806091308594,6.6051025390625
35830,-0.110198974609375,0.987518310546875,0.0941162109375,0.1020022630691528,-0.4004808366298676,0.0323552750051021,67.94398498535156,102.30908203125,6.433624267578125
35831,-0.110198974609375,0.987518310546875,0.0941162109375,0.1020022630691528,-0.4004808366298676,0.0323552750051021,67.94398498535156,102.30908203125,6.433624267578125
35832,-0.11016845703125,0.9868621826171876,0.09478759765625,0.0987944900989532,-0.4030574560165405,0.0335094891488552,68.10786437988281,102.2619934082031,6.241073608398438
35833,-0.1122283935546875,0.9842681884765624,0.0930328369140625,0.0988283082842826,-0.3958911299705505,0.0343281477689743,68.04139709472656,102.3284454345703,6.263626098632812
35834,-0.1137847900390625,0.98504638671875,0.0936279296875,0.0967057719826698,-0.3894510865211487,0.0334327928721904,68.10884094238281,102.2052764892578,6.172409057617188
35835,-0.1141510009765625,0.9837493896484376,0.0950164794921875,0.0950815081596374,-0.3672906458377838,0.0279674530029296,68.23529052734375,102.3836059570312,6.094680786132812
35836,-0.1175994873046875,0.982818603515625,0.09027099609375,0.0947438180446624,-0.360474556684494,0.0279224440455436,68.29718017578125,102.5339813232422,6.008010864257812
35837,-0.118896484375,0.9815826416015624,0.0881195068359375,0.0930870696902275,-0.3637281358242035,0.0252909753471612,68.30021667480469,102.4969635009766,6.016403198242188
35838,-0.1140594482421875,0.9837493896484376,0.096221923828125,0.0895930007100105,-0.3567874133586884,0.0263455864042043,68.47758483886719,102.5045013427734,5.90283203125
35839,-0.1140594482421875,0.9837493896484376,0.096221923828125,0.0895930007100105,-0.3567874133586884,0.0263455864042043,68.47758483886719,102.5045013427734,5.90283203125
35840,-0.1140594482421875,0.9837493896484376,0.096221923828125,0.0895930007100105,-0.3567874133586884,0.0263455864042043,68.47758483886719,102.5045013427734,5.90283203125
35841,-0.110076904296875,0.9895172119140624,0.0977630615234375,0.0809225440025329,-0.3460841774940491,0.0288564153015613,68.6884765625,102.4587707519531,5.781265258789062
35842,-0.113128662109375,0.9956207275390624,0.094482421875,0.0714696571230888,-0.3222142457962036,0.0272334851324558,68.79594421386719,102.4733123779297,5.784103393554688
35843,-0.113128662109375,0.9956207275390624,0.094482421875,0.0714696571230888,-0.3222142457962036,0.0272334851324558,68.79594421386719,102.4733123779297,5.784103393554688
35844,-0.1078033447265625,0.99774169921875,0.0911712646484375,0.0672943517565727,-0.3124375343322754,0.0249703302979469,68.75239562988281,102.6240997314453,5.485458374023438
35845,-0.108551025390625,0.995330810546875,0.0811920166015625,0.065788596868515,-0.3233090937137604,0.0251418389379978,68.82354736328125,102.4974365234375,5.4232177734375
35846,-0.1048126220703125,0.989898681640625,0.0848388671875,0.0682858452200889,-0.3300822973251343,0.0222368631511926,68.82127380371094,102.6955261230469,5.3284912109375
35847,-0.1068572998046875,0.9827728271484376,0.085235595703125,0.0765443071722984,-0.3443906605243683,0.0206067413091659,68.89775085449219,102.6531372070312,5.177459716796875
35848,-0.10980224609375,0.974853515625,0.084014892578125,0.0765443071722984,-0.3443906605243683,0.0206067413091659,68.96981811523438,102.6930236816406,5.07318115234375
35849,-0.10955810546875,0.9731292724609376,0.0882415771484375,0.0800900384783744,-0.3520714938640594,0.015443405136466,69.021728515625,102.6571197509766,5.005340576171875
35850,-0.1132659912109375,0.9733734130859376,0.0998382568359375,0.0713498145341873,-0.3675220906734467,0.0083303675055503,69.06918334960938,102.6272125244141,4.979324340820312
35851,-0.1132659912109375,0.9733734130859376,0.0998382568359375,0.0713498145341873,-0.3675220906734467,0.0083303675055503,69.06918334960938,102.6272125244141,4.979324340820312
35852,-0.10821533203125,0.97802734375,0.1035614013671875,0.0620013177394866,-0.3716228306293488,0.0050754523836076,69.07391357421875,102.6824798583984,4.896316528320312
35853,-0.100250244140625,0.98193359375,0.1052703857421875,0.0469864159822464,-0.3806647956371307,0.0028983182273805,69.11048889160156,102.6947174072266,4.739852905273438
35854,-0.0887908935546875,0.97918701171875,0.10638427734375,0.0308583136647939,-0.3850877583026886,0.0103961816057562,69.34538269042969,102.6860198974609,4.649185180664062
35855,-0.0887908935546875,0.97918701171875,0.10638427734375,0.0308583136647939,-0.3850877583026886,0.0103961816057562,69.34538269042969,102.6860198974609,4.649185180664062
35856,-0.08636474609375,0.9772796630859376,0.103668212890625,0.0311411414295435,-0.3885163068771362,0.0109088402241468,69.44996643066406,102.6943664550781,4.567062377929688
35857,-0.0879974365234375,0.9801025390625,0.10528564453125,0.0308292843401432,-0.3997543156147003,0.0084885591641068,69.43074035644531,102.6932373046875,4.40924072265625
35858,-0.08587646484375,0.98101806640625,0.1065826416015625,0.0263860672712326,-0.4150467216968536,-0.0002937466779258,69.48211669921875,102.6358795166016,4.264846801757812
35859,-0.08587646484375,0.98101806640625,0.1065826416015625,0.0263860672712326,-0.4150467216968536,-0.0002937466779258,69.48211669921875,102.6358795166016,4.264846801757812
35860,-0.079437255859375,0.9770660400390624,0.110809326171875,0.017593640834093,-0.4242208003997803,-0.0067969197407364,69.48820495605469,102.6479797363281,4.202438354492188
35861,-0.0753936767578125,0.973968505859375,0.1153106689453125,0.0134609472006559,-0.446889340877533,-0.0076376795768737,69.48779296875,102.6958312988281,4.207275390625
35862,-0.064422607421875,0.9725494384765624,0.1288604736328125,0.0071183633990585,-0.4932528436183929,-0.017591243609786,69.49685668945312,102.6725311279297,4.263916015625
35863,-0.064422607421875,0.9725494384765624,0.1288604736328125,0.0071183633990585,-0.4932528436183929,-0.017591243609786,69.49685668945312,102.6725311279297,4.263916015625
35864,-0.065216064453125,0.9727630615234376,0.133544921875,0.0044269724749028,-0.5055830478668213,-0.01788792014122,69.66549682617188,102.6063690185547,4.203079223632812
35865,-0.0671539306640625,0.973602294921875,0.13751220703125,-0.0017009610310196,-0.5193771123886108,-0.0159661825746297,69.67050170898438,102.6519165039062,4.055389404296875
35866,-0.074310302734375,0.9767608642578124,0.1528167724609375,-0.0262643601745367,-0.5502822995185852,-0.0155099835246801,69.67373657226562,102.6330108642578,3.858795166015625
35867,-0.074310302734375,0.9767608642578124,0.1528167724609375,-0.0262643601745367,-0.5502822995185852,-0.0155099835246801,69.67373657226562,102.6330108642578,3.858795166015625
35868,-0.0798492431640625,0.9788665771484376,0.160369873046875,-0.0358293689787387,-0.5682453513145447,-0.0170961618423461,69.73507690429688,102.6152954101562,3.818206787109375
35869,-0.087432861328125,0.9821014404296876,0.161376953125,-0.0451469719409942,-0.5857231020927429,-0.0224970523267984,69.89439392089844,102.7389831542969,3.75836181640625
35870,-0.0997467041015625,0.97509765625,0.158477783203125,-0.076322466135025,-0.629785418510437,-0.0334820598363876,69.843994140625,102.7834930419922,3.7139892578125
35871,-0.0997467041015625,0.97509765625,0.158477783203125,-0.076322466135025,-0.629785418510437,-0.0334820598363876,69.843994140625,102.7834930419922,3.7139892578125
35872,-0.100860595703125,0.9636077880859376,0.1539154052734375,-0.0892606377601623,-0.6541671752929688,-0.0451501682400703,69.87738037109375,102.6890258789062,3.729949951171875
35873,-0.102447509765625,0.945068359375,0.1499786376953125,-0.1023058667778969,-0.6877893209457397,-0.0498479828238487,69.84024047851562,102.7037658691406,3.5953369140625
35874,-0.0984344482421875,0.92095947265625,0.138916015625,-0.1284937858581543,-0.7665733098983765,-0.0573833994567394,70.03750610351562,102.6625366210938,4.0087890625
35875,-0.10015869140625,0.914764404296875,0.13201904296875,-0.1415067911148071,-0.7979682683944702,-0.0492394529283046,70.09397888183594,102.6640167236328,3.889846801757812
35876,-0.10015869140625,0.914764404296875,0.13201904296875,-0.1415067911148071,-0.7979682683944702,-0.0492394529283046,70.09397888183594,102.6640167236328,3.889846801757812
35877,-0.105224609375,0.9171295166015624,0.1276397705078125,-0.1429606229066849,-0.8195659518241882,-0.046917974948883,70.02813720703125,102.5010986328125,3.91180419921875
35878,-0.1149749755859375,0.9428863525390624,0.1234893798828125,-0.1134437397122383,-0.8539945483207703,-0.0352469384670257,70.13533020019531,102.4226531982422,3.820419311523438
35879,-0.1149749755859375,0.9428863525390624,0.1234893798828125,-0.1134437397122383,-0.8539945483207703,-0.0352469384670257,70.13533020019531,102.4226531982422,3.820419311523438
35880,-0.1184234619140625,0.9598388671875,0.130340576171875,-0.093746468424797,-0.8747408390045166,-0.0194703713059425,70.18878173828125,102.4709625244141,3.6773681640625
35881,-0.1242218017578125,0.9772796630859376,0.1357574462890625,-0.0804892480373382,-0.9460458755493164,0.0017438378417864,70.24798583984375,102.4917755126953,3.522064208984375
35882,-0.1419830322265625,0.9958953857421876,0.144073486328125,-0.0879823192954063,-0.9581891298294068,0.0109322760254144,70.29913330078125,102.3843841552734,3.301559448242188
35883,-0.1419830322265625,0.9958953857421876,0.144073486328125,-0.0879823192954063,-0.9581891298294068,0.0109322760254144,70.29913330078125,102.3843841552734,3.301559448242188
35884,-0.1537017822265625,1.004806518554688,0.1367950439453125,-0.1133515909314156,-0.9980869889259338,0.0179811306297779,70.42304992675781,102.4466247558594,3.134445190429688
35885,-0.1693878173828125,1.013473510742188,0.1289215087890625,-0.1133515909314156,-0.9980869889259338,0.0179811306297779,70.57917785644531,102.4292755126953,3.036514282226562
35886,-0.1849822998046875,1.017257690429688,0.1301116943359375,-0.0945784375071525,-1.083203792572021,-0.0056493636220693,70.81227111816406,102.3259887695312,3.00909423828125
35887,-0.1849822998046875,1.017257690429688,0.1301116943359375,-0.0945784375071525,-1.083203792572021,-0.0056493636220693,70.81227111816406,102.3259887695312,3.00909423828125
35888,-0.181488037109375,1.02301025390625,0.1402435302734375,-0.0776876062154769,-1.127036213874817,-0.0291331186890602,70.92303466796875,102.1617889404297,3.055572509765625
35889,-0.1748504638671875,1.0284423828125,0.1510467529296875,-0.072922945022583,-1.178482294082642,-0.0524110086262226,70.9581298828125,102.2623443603516,2.84075927734375
35890,-0.1438751220703125,1.040390014648438,0.1701202392578125,-0.0979289636015892,-1.343068838119507,-0.1168184950947762,71.15887451171875,102.1917114257812,2.413345336914062
35891,-0.1438751220703125,1.040390014648438,0.1701202392578125,-0.0979289636015892,-1.343068838119507,-0.1168184950947762,71.15887451171875,102.1917114257812,2.413345336914062
35892,-0.125152587890625,1.041702270507812,0.1736297607421875,-0.0979289636015892,-1.343068838119507,-0.1168184950947762,71.20491027832031,102.1246490478516,2.359909057617188
35893,-0.109893798828125,1.033416748046875,0.1743011474609375,-0.1101565957069397,-1.374539136886597,-0.1260287761688232,71.27676391601562,102.1847381591797,2.261184692382812
35894,-0.09130859375,1.014205932617188,0.1500091552734375,-0.0694680213928222,-1.457543253898621,-0.1462485492229462,71.35621643066406,102.2662506103516,1.925155639648438
35895,-0.090972900390625,0.994171142578125,0.1478729248046875,-0.0694680213928222,-1.457543253898621,-0.1462485492229462,71.40632629394531,102.1734924316406,1.792877197265625
35896,-0.090972900390625,0.994171142578125,0.1478729248046875,-0.0694680213928222,-1.457543253898621,-0.1462485492229462,71.40632629394531,102.1734924316406,1.792877197265625
35897,-0.0925140380859375,0.977508544921875,0.142425537109375,-0.0127943586558103,-1.5499187707901,-0.1558812111616135,71.46640014648438,102.3081207275391,1.613922119140625
35898,-0.0905914306640625,0.9455108642578124,0.1531524658203125,0.0092827146872878,-1.621890425682068,-0.1552260667085648,71.50448608398438,102.1114501953125,1.150299072265625
35899,-0.0905914306640625,0.9455108642578124,0.1531524658203125,0.0092827146872878,-1.621890425682068,-0.1552260667085648,71.50448608398438,102.1114501953125,1.150299072265625
35900,-0.09197998046875,0.9337158203125,0.17767333984375,0.0213175397366285,-1.682336211204529,-0.1550732105970383,71.64578247070312,102.1762084960938,0.90924072265625
35901,-0.0945281982421875,0.92303466796875,0.199737548828125,0.0312463361769914,-1.736581325531006,-0.14814393222332,71.67240905761719,102.2817077636719,0.7336273193359375
35902,-0.0941925048828125,0.9220428466796876,0.2271270751953125,0.0330287888646125,-1.835931062698364,-0.1333753615617752,71.73341369628906,102.3978881835938,0.119964599609375
35903,-0.0941925048828125,0.9220428466796876,0.2271270751953125,0.0330287888646125,-1.835931062698364,-0.1333753615617752,71.73341369628906,102.3978881835938,0.119964599609375
35904,-0.0997314453125,0.9253692626953124,0.2393951416015625,0.0321454182267189,-1.868669509887695,-0.1269249320030212,71.72135925292969,102.4381713867188,-0.0979461669921875
35905,-0.108306884765625,0.92926025390625,0.2490692138671875,0.0360858328640461,-1.883654356002808,-0.1192057505249977,71.74580383300781,102.5224609375,-0.393890380859375
35906,-0.1345367431640625,0.923919677734375,0.2578277587890625,0.0439607985317707,-1.93886387348175,-0.1069554761052132,71.79107666015625,102.4666748046875,-0.9103851318359376
35907,-0.1345367431640625,0.923919677734375,0.2578277587890625,0.0439607985317707,-1.93886387348175,-0.1069554761052132,71.79107666015625,102.4666748046875,-0.9103851318359376
35908,-0.1389923095703125,0.9250640869140624,0.2698211669921875,0.0489848516881465,-1.979598999023438,-0.1044808700680733,71.83079528808594,102.445556640625,-1.339523315429688
35909,-0.1474456787109375,0.91796875,0.2843017578125,0.0489931106567382,-2.040881872177124,-0.0983896851539611,71.84039306640625,102.5870819091797,-1.602859497070312
35910,-0.15020751953125,0.9017181396484376,0.3098907470703125,0.0364171303808689,-2.170765399932861,-0.0943467393517494,71.92726135253906,102.6362457275391,-2.484512329101562
35911,-0.15020751953125,0.9017181396484376,0.3098907470703125,0.0364171303808689,-2.170765399932861,-0.0943467393517494,71.92726135253906,102.6362457275391,-2.484512329101562
35912,-0.14776611328125,0.8957672119140625,0.318695068359375,0.0224033091217279,-2.233368396759033,-0.0974543839693069,71.92233276367188,102.7867279052734,-2.886550903320312
35913,-0.1454620361328125,0.89599609375,0.3325347900390625,0.0032607743050903,-2.266555547714233,-0.1039098873734474,71.98724365234375,102.750244140625,-3.134811401367188
35914,-0.150146484375,0.8969879150390625,0.3535308837890625,-0.0235980041325092,-2.232505083084106,-0.1389767974615097,71.91696166992188,102.7707824707031,-3.892471313476562
35915,-0.150146484375,0.8969879150390625,0.3535308837890625,-0.0235980041325092,-2.232505083084106,-0.1389767974615097,71.91696166992188,102.7707824707031,-3.892471313476562
35916,-0.156219482421875,0.9000396728515625,0.3587493896484375,-0.0283943563699722,-2.188276529312134,-0.1534191220998764,71.799560546875,102.680419921875,-4.124267578125
35917,-0.1598358154296875,0.9218902587890624,0.3520050048828125,-0.0434912852942943,-2.094947099685669,-0.1895012259483337,71.83406066894531,102.8338317871094,-4.793441772460938
35918,-0.156951904296875,0.9373626708984376,0.352142333984375,-0.0542123727500438,-2.051619052886963,-0.1978997588157654,71.83882141113281,102.7361297607422,-4.894561767578125
35919,-0.1524658203125,0.95343017578125,0.355010986328125,-0.0613206140697002,-1.992533683776855,-0.2145636975765228,71.87467956542969,102.7253265380859,-5.176177978515625
35920,-0.1524658203125,0.95343017578125,0.355010986328125,-0.0613206140697002,-1.992533683776855,-0.2145636975765228,71.87467956542969,102.7253265380859,-5.176177978515625
35921,-0.1484375,0.972869873046875,0.355316162109375,-0.0695045068860054,-1.924852967262268,-0.2324260473251343,71.73054504394531,102.8222351074219,-5.529464721679688
35922,-0.1402130126953125,0.985595703125,0.35479736328125,-0.1073413714766502,-1.807933449745178,-0.2492063641548157,71.60916137695312,103.0023498535156,-5.996307373046875
35923,-0.1343994140625,0.9910125732421876,0.3479461669921875,-0.1506771296262741,-1.750269174575806,-0.2403585463762283,71.46673583984375,102.98193359375,-6.131515502929688
35924,-0.1146087646484375,0.984283447265625,0.304840087890625,-0.1999509334564209,-1.720074772834778,-0.2176942378282547,71.20478820800781,103.0061645507812,-6.54608154296875
35925,-0.1146087646484375,0.984283447265625,0.304840087890625,-0.1999509334564209,-1.720074772834778,-0.2176942378282547,71.20478820800781,103.0061645507812,-6.54608154296875
35926,-0.067169189453125,0.960235595703125,0.224365234375,-0.2995310425758362,-1.761704444885254,-0.1762013882398605,71.03486633300781,103.3124694824219,-6.98516845703125
35927,-0.067169189453125,0.960235595703125,0.224365234375,-0.2995310425758362,-1.761704444885254,-0.1762013882398605,71.03486633300781,103.3124694824219,-6.98516845703125
35928,-0.0263519287109375,0.9450225830078124,0.1812896728515625,-0.3230094909667969,-1.818332552909851,-0.1572162508964539,70.85934448242188,103.3818664550781,-7.134719848632812
35929,0.0145416259765625,0.9366912841796876,0.1562347412109375,-0.3196046352386475,-1.876277089118958,-0.1386196613311768,70.77728271484375,103.3439331054688,-7.166595458984375
35930,0.0858001708984375,0.950653076171875,0.150360107421875,-0.291320264339447,-1.959855914115906,-0.0310447346419096,70.68702697753906,103.2983551025391,-7.505691528320312
35931,0.0858001708984375,0.950653076171875,0.150360107421875,-0.291320264339447,-1.959855914115906,-0.0310447346419096,70.68702697753906,103.2983551025391,-7.505691528320312
35932,0.1166839599609375,0.98291015625,0.17083740234375,-0.2736416757106781,-1.929684162139893,0.0213779937475919,70.634521484375,103.2222290039062,-7.703536987304688
35933,0.1357574462890625,1.01080322265625,0.1831817626953125,-0.2526330649852753,-1.859752774238586,0.0591043308377265,70.61676025390625,103.1861419677734,-7.887908935546875
35934,0.13897705078125,1.053421020507812,0.1824493408203125,-0.2106680274009705,-1.701998829841614,0.1003308668732643,70.63160705566406,103.3956298828125,-7.86895751953125
35935,0.1229400634765625,1.070098876953125,0.1807403564453125,-0.1770698577165604,-1.638397455215454,0.0967355966567993,70.65013122558594,103.3655548095703,-8.097488403320312
35936,0.1229400634765625,1.070098876953125,0.1807403564453125,-0.1770698577165604,-1.638397455215454,0.0967355966567993,70.65013122558594,103.3655548095703,-8.097488403320312
35937,0.09173583984375,1.095855712890625,0.1601715087890625,-0.1103347614407539,-1.627198100090027,0.0329606123268604,70.69929504394531,103.2653045654297,-8.17987060546875
35938,-0.0150909423828125,1.159027099609375,0.100494384765625,-0.1105909571051598,-1.738537669181824,-0.1152903735637665,70.62222290039062,103.2431488037109,-8.446182250976562
35939,-0.0150909423828125,1.159027099609375,0.100494384765625,-0.1105909571051598,-1.738537669181824,-0.1152903735637665,70.62222290039062,103.2431488037109,-8.446182250976562
35940,-0.0150909423828125,1.159027099609375,0.100494384765625,-0.1105909571051598,-1.738537669181824,-0.1152903735637665,70.62222290039062,103.2431488037109,-8.446182250976562
35941,-0.01141357421875,1.1495361328125,0.08953857421875,-0.1142908856272697,-1.843440651893616,-0.1981900483369827,70.61634826660156,103.3262481689453,-8.48175048828125
35942,0.017913818359375,1.112899780273438,0.095184326171875,-0.0487273260951042,-1.906764507293701,-0.2260517776012421,70.5076904296875,103.4240112304688,-8.660720825195312
35943,0.0659942626953125,1.07037353515625,0.127166748046875,0.1341836303472519,-1.876492619514465,-0.1957497894763947,70.35777282714844,103.4135437011719,-8.9281005859375
35944,0.1405029296875,1.035934448242188,-0.0088958740234375,0.1184209212660789,-2.051909685134888,-0.1067858338356018,70.02685546875,103.7641754150391,-9.558013916015623
35945,0.1405029296875,1.035934448242188,-0.0088958740234375,0.1184209212660789,-2.051909685134888,-0.1067858338356018,70.02685546875,103.7641754150391,-9.558013916015623
35946,0.1165313720703125,0.9931182861328124,0.1172332763671875,0.1075901091098785,-1.909144759178162,-0.1323220878839493,69.67147827148438,103.8760681152344,-10.28494262695312
35947,0.1165313720703125,0.9931182861328124,0.1172332763671875,0.1075901091098785,-1.909144759178162,-0.1323220878839493,69.67147827148438,103.8760681152344,-10.28494262695312
35948,0.1011962890625,0.9987335205078124,0.1014404296875,0.1075901091098785,-1.909144759178162,-0.1323220878839493,69.56256103515625,103.8571319580078,-10.66073608398438
35949,0.0864105224609375,1.009140014648438,0.193115234375,0.0970743522047996,-1.776397943496704,-0.1513351947069168,69.42355346679688,103.9540710449219,-10.83328247070312
35950,0.0679473876953125,1.013397216796875,0.13592529296875,0.1430128216743469,-1.7342449426651,-0.1732793748378754,69.13923645019531,103.9635162353516,-11.38685607910156
35951,0.0679473876953125,1.013397216796875,0.13592529296875,0.1430128216743469,-1.7342449426651,-0.1732793748378754,69.13923645019531,103.9635162353516,-11.38685607910156
35952,0.061279296875,1.011947631835938,0.1442108154296875,0.1430128216743469,-1.7342449426651,-0.1732793748378754,68.94955444335938,103.8789978027344,-11.49070739746094
35953,0.061492919921875,1.0135498046875,0.1255645751953125,0.1777375042438507,-1.726726770401001,-0.1921473443508148,68.81195068359375,103.8832397460938,-11.82673645019531
35954,0.06268310546875,0.9902496337890624,0.1241455078125,0.2378959208726883,-1.704042792320251,-0.1925390958786011,68.41781616210938,104.0130462646484,-12.54588317871094
35955,0.06268310546875,0.9902496337890624,0.1241455078125,0.2378959208726883,-1.704042792320251,-0.1925390958786011,68.41781616210938,104.0130462646484,-12.54588317871094
35956,0.061737060546875,0.9875335693359376,0.119842529296875,0.2378959208726883,-1.704042792320251,-0.1925390958786011,68.20761108398438,104.0069427490234,-12.83200073242188
35957,0.0607147216796875,0.9891204833984376,0.117767333984375,0.2592944204807281,-1.697661638259888,-0.2027147561311722,68.0228271484375,104.0262603759766,-13.07888793945312
35958,0.061248779296875,0.9848175048828124,0.12237548828125,0.2788031399250031,-1.654248595237732,-0.2246621400117874,67.67645263671875,104.0132751464844,-13.79273986816406
35959,0.061248779296875,0.9848175048828124,0.12237548828125,0.2788031399250031,-1.654248595237732,-0.2246621400117874,67.67645263671875,104.0132751464844,-13.79273986816406
35960,0.0624542236328125,0.9771728515625,0.1222076416015625,0.2788031399250031,-1.654248595237732,-0.2246621400117874,67.44888305664062,104.0678558349609,-14.14349365234375
35961,0.0685577392578125,0.9726715087890624,0.1207122802734375,0.2986761629581451,-1.637499213218689,-0.2312356233596802,67.254638671875,104.0443572998047,-14.48014831542969
35962,0.0766143798828125,0.97332763671875,0.1028289794921875,0.2865731716156006,-1.560774087905884,-0.2386679649353027,66.82080078125,104.0313262939453,-15.03892517089844
35963,0.075836181640625,0.9815673828125,0.096435546875,0.2865731716156006,-1.560774087905884,-0.2386679649353027,66.63267517089844,104.0808258056641,-15.48013305664062
35964,0.075836181640625,0.9815673828125,0.096435546875,0.2865731716156006,-1.560774087905884,-0.2386679649353027,66.63267517089844,104.0808258056641,-15.48013305664062
35965,0.0753936767578125,0.98797607421875,0.0903167724609375,0.3014200329780579,-1.52657425403595,-0.2431335598230362,66.32600402832031,103.9924774169922,-15.687744140625
35966,0.072967529296875,1.016677856445312,0.0891876220703125,0.3471704721450806,-1.455505132675171,-0.253999799489975,65.72457885742188,104.0801239013672,-16.30645751953125
35967,0.072967529296875,1.016677856445312,0.0891876220703125,0.3471704721450806,-1.455505132675171,-0.253999799489975,65.72457885742188,104.0801239013672,-16.30645751953125
35968,0.07110595703125,1.019729614257812,0.0908355712890625,0.3676922619342804,-1.426129102706909,-0.2596486210823059,65.47015380859375,104.0891876220703,-16.68896484375
35969,0.073455810546875,1.003982543945312,0.152252197265625,0.4015474319458008,-1.302111625671387,-0.2272834926843643,65.18850708007812,104.0623626708984,-17.01947021484375
35970,0.088775634765625,1.047012329101562,0.06915283203125,0.4370638728141785,-1.430425643920898,-0.2681795060634613,64.75190734863281,104.1930847167969,-17.62542724609375
35971,0.088775634765625,1.047012329101562,0.06915283203125,0.4370638728141785,-1.430425643920898,-0.2681795060634613,64.75190734863281,104.1930847167969,-17.62542724609375
35972,0.1039581298828125,1.025558471679688,0.125885009765625,0.4129470884799957,-1.391731977462769,-0.2656745612621307,64.48631286621094,104.1721954345703,-17.931396484375
35973,0.112701416015625,1.028884887695312,0.0928192138671875,0.3746241927146912,-1.369290947914124,-0.2628265619277954,64.206787109375,104.2104034423828,-18.34951782226562
35974,0.1346893310546875,1.0010986328125,0.109649658203125,0.3064382374286652,-1.352458596229553,-0.2553319036960602,63.47184753417969,104.1496734619141,-19.04037475585938
35975,0.1346893310546875,1.0010986328125,0.109649658203125,0.3064382374286652,-1.352458596229553,-0.2553319036960602,63.47184753417969,104.1496734619141,-19.04037475585938
35976,0.1437225341796875,0.9518280029296876,0.0925140380859375,0.3352421820163727,-1.331323504447937,-0.2486364394426346,62.90892028808594,104.2177886962891,-19.501953125
35977,0.1544036865234375,0.9430999755859376,0.095672607421875,0.3471233248710632,-1.297135233879089,-0.2336806654930115,62.62750244140625,104.2621765136719,-19.77656555175781
35978,0.1544036865234375,0.9430999755859376,0.095672607421875,0.3471233248710632,-1.297135233879089,-0.2336806654930115,62.62750244140625,104.2621765136719,-19.77656555175781
35979,0.1580352783203125,0.936859130859375,0.0744476318359375,0.31034055352211,-1.29788863658905,-0.2166524082422256,62.41087341308594,104.3546447753906,-19.90620422363281
35980,0.1802215576171875,0.9354705810546876,0.108642578125,0.2353667169809341,-1.297399640083313,-0.2006153911352158,61.68984985351562,104.1626129150391,-20.56338500976562
35981,0.1817474365234375,0.9472808837890624,0.0904998779296875,0.2322454899549484,-1.313868880271912,-0.2040503323078156,61.10650634765625,104.2114105224609,-20.77171325683594
35982,0.1817474365234375,0.9472808837890624,0.0904998779296875,0.2322454899549484,-1.313868880271912,-0.2040503323078156,61.10650634765625,104.2114105224609,-20.77171325683594
35983,0.1817474365234375,0.9472808837890624,0.0904998779296875,0.2322454899549484,-1.313868880271912,-0.2040503323078156,61.10650634765625,104.2114105224609,-20.77171325683594
35984,0.1776885986328125,0.9544219970703124,0.0996246337890625,0.2072170972824097,-1.342151403427124,-0.2104706913232803,60.74195861816406,104.1293029785156,-20.92193603515625
35985,0.1847991943359375,0.9617767333984376,0.1001434326171875,0.1745169460773468,-1.379014849662781,-0.212425172328949,60.45413208007812,104.0592193603516,-21.0179443359375
35986,0.1942291259765625,0.9625701904296876,0.1028289794921875,0.122360534965992,-1.432421088218689,-0.2235465347766876,60.20921325683594,104.1183929443359,-21.24024963378906
35987,0.20208740234375,0.9525909423828124,0.108428955078125,0.0659888684749603,-1.48246693611145,-0.2366407662630081,59.91458129882812,104.2391357421875,-21.39112854003906
35988,0.2104339599609375,0.94287109375,0.108978271484375,0.0163944195955991,-1.531849503517151,-0.2413183450698853,59.63095092773438,104.3053283691406,-21.46543884277344
35989,0.221221923828125,0.934295654296875,0.1108856201171875,-0.0278878230601549,-1.576484560966492,-0.2513121366500854,59.31707763671875,104.2685089111328,-21.53117370605469
35990,0.2234649658203125,0.9212493896484376,0.110687255859375,-0.1055943369865417,-1.613717436790466,-0.2383454591035843,58.24069213867188,104.2271270751953,-21.65931701660156
35991,0.2234649658203125,0.9212493896484376,0.110687255859375,-0.1055943369865417,-1.613717436790466,-0.2383454591035843,58.24069213867188,104.2271270751953,-21.65931701660156
35992,0.2234649658203125,0.9212493896484376,0.110687255859375,-0.1055943369865417,-1.613717436790466,-0.2383454591035843,58.24069213867188,104.2271270751953,-21.65931701660156
35993,0.220947265625,0.914459228515625,0.126861572265625,-0.0820474624633789,-1.52770209312439,-0.2120419442653656,57.93589782714844,104.1921539306641,-21.51832580566406
35994,0.1869964599609375,0.9384307861328124,0.0773468017578125,-0.1036536917090416,-1.642351984977722,-0.2343962639570236,57.45933532714844,104.2237854003906,-21.67201232910156
35995,0.1749267578125,0.9430389404296876,0.105224609375,-0.1211730316281319,-1.633278608322144,-0.2164089977741241,57.15055847167969,104.2697601318359,-21.61053466796875
35996,0.1749267578125,0.9430389404296876,0.105224609375,-0.1211730316281319,-1.633278608322144,-0.2164089977741241,57.15055847167969,104.2697601318359,-21.61053466796875
35997,0.1635589599609375,0.9471282958984376,0.100616455078125,-0.1200497075915337,-1.610236883163452,-0.2115753591060638,56.80113220214844,104.3077087402344,-21.541748046875
35998,0.1285552978515625,0.93853759765625,0.1126861572265625,-0.1183836311101913,-1.598637580871582,-0.2153605073690414,56.06787109375,104.3977203369141,-21.53860473632812
35999,0.1285552978515625,0.93853759765625,0.1126861572265625,-0.1183836311101913,-1.598637580871582,-0.2153605073690414,56.06787109375,104.3977203369141,-21.53860473632812
36000,0.107147216796875,0.94342041015625,0.121124267578125,-0.1753803342580795,-1.55736517906189,-0.218757376074791,55.31968688964844,104.398681640625,-21.33758544921875
36001,0.107147216796875,0.94342041015625,0.121124267578125,-0.1753803342580795,-1.55736517906189,-0.218757376074791,55.31968688964844,104.398681640625,-21.33758544921875
36002,0.09075927734375,0.9718170166015624,0.095733642578125,-0.230411097407341,-1.452484846115112,-0.2143319994211197,54.48736572265625,104.5447235107422,-20.9930419921875
36003,0.09075927734375,0.9718170166015624,0.095733642578125,-0.230411097407341,-1.452484846115112,-0.2143319994211197,54.48736572265625,104.5447235107422,-20.9930419921875
36004,0.09075927734375,0.9718170166015624,0.095733642578125,-0.230411097407341,-1.452484846115112,-0.2143319994211197,54.48736572265625,104.5447235107422,-20.9930419921875
36005,0.090850830078125,0.97998046875,0.08966064453125,-0.2293594181537628,-1.414113759994507,-0.2100762724876404,54.25770568847656,104.5396728515625,-20.85516357421875
36006,0.105133056640625,0.98223876953125,0.07513427734375,-0.2406131476163864,-1.373904347419739,-0.2133727371692657,53.67642211914062,104.6083679199219,-20.614990234375
36007,0.105133056640625,0.98223876953125,0.07513427734375,-0.2406131476163864,-1.373904347419739,-0.2133727371692657,53.67642211914062,104.6083679199219,-20.614990234375
36008,0.1060791015625,0.97796630859375,0.0926055908203125,-0.2476806342601776,-1.3018399477005,-0.2058362513780594,53.39901733398438,104.6788940429688,-20.4810791015625
36009,0.105072021484375,0.972808837890625,0.0698699951171875,-0.2441578060388565,-1.239077210426331,-0.1999583840370178,53.16009521484375,104.6134338378906,-20.30061340332031
36010,0.110321044921875,0.963775634765625,0.0365447998046875,-0.252917468547821,-1.133358478546143,-0.1860401779413223,52.67964172363281,104.7259063720703,-19.75881958007812
36011,0.110321044921875,0.963775634765625,0.0365447998046875,-0.252917468547821,-1.133358478546143,-0.1860401779413223,52.67964172363281,104.7259063720703,-19.75881958007812
36012,0.1147003173828125,0.9681243896484376,0.0283050537109375,-0.252917468547821,-1.133358478546143,-0.1860401779413223,52.48506164550781,104.7194213867188,-19.44815063476562
36013,0.11944580078125,0.97955322265625,0.030914306640625,-0.2434262335300446,-1.06628143787384,-0.1806041300296783,52.28944396972656,104.9060516357422,-19.3536376953125
36014,0.11260986328125,0.997802734375,0.0517578125,-0.1703701317310333,-0.927385151386261,-0.1405597776174545,51.92855834960938,104.9298706054688,-18.80680847167969
36015,0.11260986328125,0.997802734375,0.0517578125,-0.1703701317310333,-0.927385151386261,-0.1405597776174545,51.92855834960938,104.9298706054688,-18.80680847167969
36016,0.1157379150390625,0.9962005615234376,0.05487060546875,-0.1414996087551117,-0.9291425347328186,-0.1209189668297768,51.67404174804688,104.8851470947266,-18.466064453125
36017,0.115020751953125,0.981475830078125,0.0623016357421875,-0.1393320560455322,-0.9484148025512696,-0.1227490901947021,51.55633544921875,105.0014343261719,-18.50839233398438
36018,0.097930908203125,0.9697113037109376,0.06439208984375,-0.1543749272823334,-0.9413643479347228,-0.1201176196336746,51.36680603027344,105.0063171386719,-18.353271484375
36019,0.0983428955078125,0.95928955078125,0.0479583740234375,-0.1749513000249863,-0.9270996451377868,-0.1237576305866241,51.189208984375,105.0952911376953,-18.07205200195312
36020,0.0976715087890625,0.961090087890625,0.0233917236328125,-0.1994284242391586,-0.9195452928543092,-0.1318003684282303,51.04794311523438,105.1165466308594,-18.11343383789062
36021,0.112701416015625,0.963409423828125,0.0070648193359375,-0.2183081060647964,-0.916104793548584,-0.1390335261821747,50.87876892089844,105.0873718261719,-17.82138061523438
36022,0.1658477783203125,0.9728546142578124,-0.014068603515625,-0.2222780734300613,-0.9101733565330504,-0.1137265637516975,50.60408020019531,105.2374267578125,-17.50601196289062
36023,0.1808624267578125,0.9781341552734376,0.00091552734375,-0.2026785463094711,-0.917593479156494,-0.0904204472899437,50.41285705566406,105.3267059326172,-17.23321533203125
36024,0.1808624267578125,0.9781341552734376,0.00091552734375,-0.2026785463094711,-0.917593479156494,-0.0904204472899437,50.41285705566406,105.3267059326172,-17.23321533203125
36025,0.1827239990234375,0.98968505859375,0.02569580078125,-0.1648872196674347,-0.919411599636078,-0.0622029192745685,50.18087768554688,105.3575439453125,-17.0382080078125
36026,0.19482421875,1.0047607421875,0.078399658203125,-0.1106926947832108,-1.013554930686951,-0.0231039877980947,49.945068359375,105.4567718505859,-16.86669921875
36027,0.19482421875,1.0047607421875,0.078399658203125,-0.1106926947832108,-1.013554930686951,-0.0231039877980947,49.945068359375,105.4567718505859,-16.86669921875
36028,0.193450927734375,0.999847412109375,0.111083984375,-0.1127675622701645,-1.097407221794128,-0.008470450527966,49.85592651367188,105.4143524169922,-16.75831604003906
36029,0.19146728515625,0.9935302734375,0.1347503662109375,-0.1400074362754822,-1.186357617378235,0.0038248319178819,49.75932312011719,105.4443359375,-16.65200805664062
36030,0.1889190673828125,0.993682861328125,0.1617431640625,-0.26644366979599,-1.30074667930603,0.0811590328812599,49.58413696289062,105.3499755859375,-16.30938720703125
36031,0.1889190673828125,0.993682861328125,0.1617431640625,-0.26644366979599,-1.30074667930603,0.0811590328812599,49.58413696289062,105.3499755859375,-16.30938720703125
36032,0.17974853515625,1.00201416015625,0.157501220703125,-0.26644366979599,-1.30074667930603,0.0811590328812599,49.41740417480469,105.5089874267578,-16.00205993652344
36033,0.164459228515625,1.007049560546875,0.13507080078125,-0.2690306603908539,-1.266987204551697,0.1148339062929153,49.30419921875,105.6259765625,-15.848388671875
36034,0.1284027099609375,1.012725830078125,0.107666015625,-0.230373814702034,-1.209474086761475,0.1386750638484955,49.14730834960938,105.5992126464844,-15.58830261230469
36035,0.0847015380859375,1.007522583007812,0.0874786376953125,-0.1614525467157364,-1.156812429428101,0.1437145620584488,49.09251403808594,105.8014984130859,-15.41133117675781
36036,0.0375213623046875,0.9871826171875,0.0897216796875,-0.0660842135548591,-1.100978970527649,0.1350129395723343,48.93710327148438,105.8868255615234,-15.15415954589844
36037,-0.010528564453125,0.9721221923828124,0.1073760986328125,0.1347106695175171,-1.078312277793884,0.0429450683295726,49.02078247070312,105.9195098876953,-14.96783447265625
36038,-0.0452880859375,0.959991455078125,0.137847900390625,0.1347106695175171,-1.078312277793884,0.0429450683295726,48.96713256835938,106.02734375,-14.73126220703125
36039,-0.0914459228515625,0.9553985595703124,0.1967620849609375,0.1958792209625244,-1.113224744796753,-0.019757991656661,48.90774536132812,105.9958953857422,-14.66452026367188
36040,-0.1239013671875,0.9614410400390624,0.2680511474609375,0.2014913111925125,-1.193331003189087,-0.1332102566957474,48.79617309570312,105.8934173583984,-14.52609252929688
36041,-0.1597900390625,0.98712158203125,0.339324951171875,0.2014913111925125,-1.193331003189087,-0.1332102566957474,48.77706909179688,105.8046569824219,-14.40220642089844
36042,-0.1925811767578125,1.0172119140625,0.3978424072265625,0.0257397182285785,-1.232017159461975,-0.2302555739879608,48.69996643066406,105.6936798095703,-14.2763671875
36043,-0.1991424560546875,1.034942626953125,0.42926025390625,0.0257397182285785,-1.232017159461975,-0.2302555739879608,48.45159912109375,105.7235260009766,-14.58045959472656
36044,-0.1970977783203125,1.092910766601562,0.45489501953125,-0.0157121177762746,-1.206201553344727,-0.2874101996421814,48.24264526367188,105.7487640380859,-14.62936401367188
36045,-0.2092742919921875,1.123077392578125,0.3880767822265625,-0.1381224542856216,-1.282923817634583,-0.3057058453559875,47.92868041992188,105.7488403320312,-14.67572021484375
36046,-0.163726806640625,1.103790283203125,0.4039764404296875,-0.2587063908576965,-1.266356825828552,-0.3259256482124329,47.42539978027344,105.5100860595703,-14.472900390625
36047,-0.163726806640625,1.103790283203125,0.4039764404296875,-0.2587063908576965,-1.266356825828552,-0.3259256482124329,47.42539978027344,105.5100860595703,-14.472900390625
36048,-0.132171630859375,1.080551147460938,0.37249755859375,-0.2693720757961273,-1.149248003959656,-0.3560092449188232,47.16554260253906,105.4756774902344,-14.23941040039062
36049,-0.106231689453125,1.045547485351562,0.3295745849609375,-0.2959624230861664,-1.064521431922913,-0.3817319273948669,46.80096435546875,105.5355072021484,-14.05345153808594
36050,-0.094390869140625,1.010086059570312,0.301361083984375,-0.3487721085548401,-0.9929527044296264,-0.4106860756874084,46.58842468261719,105.5159454345703,-13.8651123046875
36051,-0.101776123046875,0.964385986328125,0.273590087890625,-0.4065075814723969,-0.9017332792282104,-0.4393206536769867,46.17579650878906,105.5584716796875,-13.76539611816406
36052,-0.1437225341796875,0.919586181640625,0.2267303466796875,-0.4658680856227875,-0.8447011709213257,-0.4453915953636169,45.97331237792969,105.507568359375,-13.36477661132812
36053,-0.194976806640625,0.8892059326171875,0.1679840087890625,-0.5430063009262085,-0.851702868938446,-0.4400418400764465,45.63371276855469,105.3782043457031,-13.0660400390625
36054,-0.2204742431640625,0.881683349609375,0.1221923828125,-0.6299145817756653,-0.9788656234741212,-0.471582442522049,45.43096923828125,105.4194946289062,-12.84654235839844
36055,-0.236083984375,0.8708343505859375,0.1222686767578125,-0.6299145817756653,-0.9788656234741212,-0.471582442522049,45.20278930664062,105.3148956298828,-12.42825317382812
36056,-0.2147216796875,0.8412017822265625,0.12713623046875,-0.6071493029594421,-1.00059700012207,-0.4874029457569122,44.75999450683594,105.1567077636719,-11.50251770019531
36057,-0.2147216796875,0.8412017822265625,0.12713623046875,-0.6071493029594421,-1.00059700012207,-0.4874029457569122,44.75999450683594,105.1567077636719,-11.50251770019531
36058,-0.131134033203125,0.85723876953125,0.17413330078125,-0.623216986656189,-1.089296579360962,-0.4267569184303284,44.21073913574219,105.0866088867188,-10.69735717773438
36059,-0.131134033203125,0.85723876953125,0.17413330078125,-0.623216986656189,-1.089296579360962,-0.4267569184303284,44.21073913574219,105.0866088867188,-10.69735717773438
36060,-0.0897979736328125,0.858123779296875,0.2046356201171875,-0.6686819195747375,-1.097596049308777,-0.3799467980861664,44.0181884765625,105.0217132568359,-10.31980895996094
36061,-0.054443359375,0.853790283203125,0.2194061279296875,-0.7284376621246338,-1.096126437187195,-0.3427379131317139,43.812255859375,104.9567260742188,-9.980361938476562
36062,-0.0254364013671875,0.8576202392578125,0.23236083984375,-0.7749229073524475,-1.099643230438232,-0.3143563270568848,43.60089111328125,105.0443725585938,-9.511566162109377
36063,-0.005401611328125,0.8670501708984375,0.2452239990234375,-0.8113762140274048,-1.103437900543213,-0.2810069024562836,43.41290283203125,104.912109375,-8.830810546875
36064,0.009979248046875,0.880401611328125,0.25518798828125,-0.8545809388160706,-1.092929840087891,-0.1778983622789383,43.25325012207031,104.8906860351562,-8.206253051757812
36065,0.0217132568359375,0.9011383056640624,0.2633819580078125,-0.8547748327255249,-1.064324617385864,-0.1162738800048828,43.07350158691406,104.8447723388672,-7.658843994140625
36066,0.0303802490234375,0.91656494140625,0.2688751220703125,-0.8547748327255249,-1.064324617385864,-0.1162738800048828,42.95523071289062,104.7633972167969,-7.162139892578125
36067,0.035675048828125,0.935272216796875,0.2609100341796875,-0.8544182181358337,-1.03065824508667,-0.0589727722108364,42.84039306640625,104.7646636962891,-6.633697509765625
36068,0.0397491455078125,0.9431610107421876,0.24517822265625,-0.8518059253692627,-1.014065384864807,-0.0132630746811628,42.78744506835938,104.9019927978516,-6.1468505859375
36069,0.0417633056640625,0.9553985595703124,0.2245025634765625,-0.8415924310684204,-1.003440499305725,0.0157853551208972,42.80680847167969,104.8786773681641,-5.558670043945312
36070,0.034942626953125,0.9926300048828124,0.111785888671875,-0.7547033429145813,-1.099905729293823,0.0142204808071255,42.95416259765625,104.8494415283203,-3.743316650390625
36071,0.034942626953125,0.9926300048828124,0.111785888671875,-0.7547033429145813,-1.099905729293823,0.0142204808071255,42.95416259765625,104.8494415283203,-3.743316650390625
36072,0.034942626953125,0.9926300048828124,0.111785888671875,-0.7547033429145813,-1.099905729293823,0.0142204808071255,42.95416259765625,104.8494415283203,-3.743316650390625
36073,0.021087646484375,0.9989471435546876,0.06939697265625,-0.6719847917556763,-1.163987278938293,0.0051987566985189,43.04084777832031,104.8061218261719,-3.196319580078125
36074,-0.0195159912109375,0.9964599609375,0.072601318359375,-0.4701147675514221,-1.342043042182922,-0.0465331487357616,43.13540649414062,104.7684326171875,-1.962554931640625
36075,-0.0195159912109375,0.9964599609375,0.072601318359375,-0.4701147675514221,-1.342043042182922,-0.0465331487357616,43.13540649414062,104.7684326171875,-1.962554931640625
36076,-0.04620361328125,0.991119384765625,0.098876953125,-0.403134673833847,-1.354360699653625,-0.0656884685158729,43.1773681640625,104.7400512695312,-1.495758056640625
36077,-0.063018798828125,0.9921112060546876,0.098785400390625,-0.3538017570972443,-1.303925156593323,-0.0663784891366958,43.26161193847656,104.5835418701172,-0.8967132568359375
36078,-0.0640716552734375,1.003158569335938,0.033843994140625,-0.3229455649852753,-1.326713919639587,-0.0735016465187072,43.35238647460938,104.5838012695312,-0.1299896240234375
36079,-0.0640716552734375,1.003158569335938,0.033843994140625,-0.3229455649852753,-1.326713919639587,-0.0735016465187072,43.35238647460938,104.5838012695312,-0.1299896240234375
36080,-0.0523681640625,1.011474609375,0.010284423828125,-0.255050390958786,-1.388899445533752,-0.0896574482321739,43.42567443847656,104.5257263183594,0.30352783203125
36081,-0.0340423583984375,1.02471923828125,0.01483154296875,-0.1537376344203949,-1.437915205955505,-0.1252532601356506,43.37696838378906,104.4794921875,0.5373382568359375
36082,-0.010162353515625,1.051300048828125,0.0286712646484375,0.1320706903934479,-1.569934487342834,-0.1940959692001343,43.38198852539062,104.6215515136719,0.910430908203125
36083,-0.010162353515625,1.051300048828125,0.0286712646484375,0.1320706903934479,-1.569934487342834,-0.1940959692001343,43.38198852539062,104.6215515136719,0.910430908203125
36084,0.01129150390625,1.0760498046875,0.053131103515625,0.2997451722621918,-1.670900225639343,-0.2227289527654648,43.407958984375,104.6695556640625,1.030624389648438
36085,0.0266265869140625,1.09320068359375,0.0814971923828125,0.4898506700992584,-1.687058448791504,-0.3085945844650269,43.38787841796875,104.7374114990234,1.199783325195312
36086,0.0278778076171875,1.024154663085938,0.1419677734375,0.4958680868148804,-1.782112836837769,-0.4862460792064667,43.27096557617188,104.5571899414062,1.482162475585938
36087,0.0278778076171875,1.024154663085938,0.1419677734375,0.4958680868148804,-1.782112836837769,-0.4862460792064667,43.27096557617188,104.5571899414062,1.482162475585938
36088,0.0080718994140625,0.9687957763671876,0.215789794921875,0.4958680868148804,-1.782112836837769,-0.4862460792064667,43.26332092285156,104.6832275390625,1.581985473632812
36089,-0.0008392333984375,0.928466796875,0.3131256103515625,0.400073915719986,-1.93303120136261,-0.5226059556007385,43.17141723632812,104.6905059814453,1.47821044921875
36090,0.0088348388671875,1.004501342773438,0.546112060546875,0.2192292958498001,-2.166587591171265,-0.3981018364429474,42.76759338378906,104.6650238037109,1.60107421875
36091,0.0088348388671875,1.004501342773438,0.546112060546875,0.2192292958498001,-2.166587591171265,-0.3981018364429474,42.76759338378906,104.6650238037109,1.60107421875
36092,0.084228515625,1.035369873046875,0.6002655029296875,0.1555666923522949,-2.232802867889404,-0.274099737405777,42.49650573730469,104.5865936279297,1.818618774414062
36093,0.1282501220703125,1.075897216796875,0.678314208984375,0.0717836394906044,-2.212336540222168,-0.171051099896431,42.395751953125,104.6155548095703,2.037994384765625
36094,0.17144775390625,1.148345947265625,0.84710693359375,-0.4852529764175415,-1.333718538284302,-0.1932645291090012,42.3583984375,104.9062652587891,2.660049438476562
36095,0.2209320068359375,1.143936157226562,0.8179931640625,-0.4852529764175415,-1.333718538284302,-0.1932645291090012,42.25640869140625,105.0692138671875,3.028778076171875
36096,0.2209320068359375,1.143936157226562,0.8179931640625,-0.4852529764175415,-1.333718538284302,-0.1932645291090012,42.25640869140625,105.0692138671875,3.028778076171875
36097,0.406707763671875,1.084869384765625,0.6290435791015625,-0.7084367871284485,-1.622937560081482,-0.0413580909371376,42.36508178710938,104.9210662841797,4.019393920898438
36098,0.4685211181640625,1.083297729492188,0.624481201171875,-0.5555984973907471,-1.866449236869812,-0.0959118828177452,42.40525817871094,104.8615875244141,4.4996337890625
36099,0.4685211181640625,1.083297729492188,0.624481201171875,-0.5555984973907471,-1.866449236869812,-0.0959118828177452,42.40525817871094,104.8615875244141,4.4996337890625
36100,0.495025634765625,0.971343994140625,0.6387176513671875,-0.3956972658634186,-1.716965794563293,-0.1071613430976868,42.40943908691406,104.7954406738281,5.166183471679688
36101,0.48223876953125,0.9142913818359376,0.5208740234375,-0.4618853330612183,-1.491426110267639,-0.0616947896778583,42.53009033203125,105.0143127441406,5.811859130859375
36102,0.3219757080078125,0.843292236328125,0.4262542724609375,-0.4127920866012573,-1.517618536949158,0.0257106889039278,42.61943054199219,105.0595092773438,6.895187377929688
36103,0.3219757080078125,0.843292236328125,0.4262542724609375,-0.4127920866012573,-1.517618536949158,0.0257106889039278,42.61943054199219,105.0595092773438,6.895187377929688
36104,0.239166259765625,0.8292999267578125,0.433319091796875,-0.6463550329208374,-1.045975685119629,0.2059899121522903,42.99641418457031,104.8280029296875,7.763717651367188
36105,0.239166259765625,0.8292999267578125,0.433319091796875,-0.6463550329208374,-1.045975685119629,0.2059899121522903,42.99641418457031,104.8280029296875,7.763717651367188
36106,0.2242584228515625,0.780731201171875,0.5273590087890625,-0.4717707335948944,-0.9103480577468872,0.2972913384437561,43.47209167480469,104.8647918701172,8.718780517578125
36107,0.2242584228515625,0.780731201171875,0.5273590087890625,-0.4717707335948944,-0.9103480577468872,0.2972913384437561,43.47209167480469,104.8647918701172,8.718780517578125
36108,0.2729339599609375,0.82757568359375,0.371978759765625,-0.8049412369728088,-0.9745203852653505,0.2729330062866211,43.71841430664062,104.9667205810547,9.18914794921875
36109,0.2822265625,0.794189453125,0.481719970703125,-0.9885456562042236,-1.026532173156738,0.233269214630127,43.97798156738281,105.0053558349609,9.592849731445312
36110,0.2998504638671875,0.7818756103515625,0.5474700927734375,-0.9373006224632264,-0.9252442121505736,0.2186929285526276,44.20523071289062,105.0865173339844,9.885345458984377
36111,0.291656494140625,0.786346435546875,0.4969940185546875,-0.8486924171447754,-0.8604191541671753,0.186084657907486,44.50177001953125,104.8773040771484,10.56942749023438
36112,0.2784576416015625,0.79150390625,0.450775146484375,-0.8607600331306458,-0.8751112818717957,0.1799005270004272,44.72103881835938,104.8150634765625,11.23106384277344
36113,0.2721099853515625,0.8025054931640625,0.442779541015625,-0.9435212016105652,-0.842891275882721,0.1919774264097214,44.97821044921875,104.7643585205078,11.69546508789062
36114,0.25445556640625,0.8265380859375,0.4002227783203125,-0.9864686727523804,-0.7015719413757324,0.2255497723817825,45.43359375,104.5787506103516,12.5765380859375
36115,0.25445556640625,0.8265380859375,0.4002227783203125,-0.9864686727523804,-0.7015719413757324,0.2255497723817825,45.43359375,104.5787506103516,12.5765380859375
36116,0.235992431640625,0.8413238525390625,0.38531494140625,-0.9309471249580384,-0.6045836210250854,0.2244890332221985,45.64851379394531,104.4953002929688,13.22895812988281
36117,0.222503662109375,0.850921630859375,0.3619537353515625,-0.8447962403297424,-0.5458452105522156,0.2072722315788269,45.84675598144531,104.2825775146484,13.89605712890625
36118,0.195526123046875,0.8535308837890625,0.3479766845703125,-0.6255142092704773,-0.5569266080856323,0.1348765939474106,46.38151550292969,103.9848480224609,14.99665832519531
36119,0.195526123046875,0.8535308837890625,0.3479766845703125,-0.6255142092704773,-0.5569266080856323,0.1348765939474106,46.38151550292969,103.9848480224609,14.99665832519531
36120,0.201812744140625,0.8580169677734375,0.3641510009765625,-0.5338708758354187,-0.5768313407897949,0.098285287618637,46.65176391601562,103.8309478759766,15.490966796875
36121,0.2081146240234375,0.8520660400390625,0.3860321044921875,-0.2805182039737701,-0.7540556788444519,0.0847913175821304,46.75837707519531,103.7271270751953,15.85345458984375
36122,0.2253875732421875,0.80303955078125,0.409088134765625,-0.2299825996160507,-0.6115661859512329,0.0797206610441207,46.98484802246094,103.5625305175781,16.34280395507812
36123,0.2936859130859375,0.7920379638671875,0.526214599609375,-0.2299825996160507,-0.6115661859512329,0.0797206610441207,47.12603759765625,103.4382019042969,16.53973388671875
36124,0.318328857421875,0.8337554931640625,0.40667724609375,-0.4962718188762665,-0.2882762551307678,0.1151700019836426,47.29887390136719,103.3863372802734,16.85000610351562
36125,0.3101043701171875,0.792144775390625,0.3408203125,-0.4472967982292175,-0.4597044885158539,0.1503623425960541,47.52027893066406,103.3914184570312,17.1527099609375
36126,0.302398681640625,0.7828216552734375,0.4886474609375,-0.4472967982292175,-0.4597044885158539,0.1503623425960541,47.634033203125,103.3851470947266,17.27311706542969
36127,0.3037567138671875,0.8052825927734375,0.478485107421875,-0.4466992020606995,-0.449015349149704,0.1550188809633255,47.6837158203125,103.4194488525391,17.36221313476562
36128,0.31439208984375,0.818023681640625,0.4402618408203125,-0.4466992020606995,-0.449015349149704,0.1550188809633255,47.76820373535156,103.3272857666016,17.60328674316406
36129,0.3148345947265625,0.823638916015625,0.47076416015625,-0.5054490566253662,-0.4197964668273926,0.1739395707845688,47.87554931640625,103.2425537109375,17.84861755371094
36130,0.321563720703125,0.865509033203125,0.468994140625,-0.5344828367233276,-0.3681218326091766,0.1710694879293442,48.24871826171875,103.0186462402344,18.25381469726562
36131,0.321563720703125,0.865509033203125,0.468994140625,-0.5344828367233276,-0.3681218326091766,0.1710694879293442,48.24871826171875,103.0186462402344,18.25381469726562
36132,0.314178466796875,0.8886260986328125,0.4578094482421875,-0.5536684989929199,-0.3429959714412689,0.1722194403409958,48.27496337890625,102.9503631591797,18.55387878417969
36133,0.30914306640625,0.899200439453125,0.45672607421875,-0.4652926027774811,-0.366301029920578,0.1434279978275299,48.53140258789062,102.8117828369141,18.87835693359375
36134,0.3238983154296875,0.9098663330078124,0.4620361328125,-0.3462333083152771,-0.3934548795223236,0.0790990814566612,48.84959411621094,102.4128875732422,19.44876098632812
36135,0.3238983154296875,0.9098663330078124,0.4620361328125,-0.3462333083152771,-0.3934548795223236,0.0790990814566612,48.84959411621094,102.4128875732422,19.44876098632812
36136,0.3398590087890625,0.9106597900390624,0.46441650390625,-0.3462333083152771,-0.3934548795223236,0.0790990814566612,48.97880554199219,102.3517761230469,19.68492126464844
36137,0.356170654296875,0.8989410400390625,0.465484619140625,-0.2342335432767868,-0.4491245448589325,0.0321326367557048,49.11717224121094,102.4096221923828,19.86705017089844
36138,0.37579345703125,0.8797760009765625,0.4820709228515625,-0.2342335432767868,-0.4491245448589325,0.0321326367557048,49.21662902832031,102.3648681640625,20.13795471191406
36139,0.3940277099609375,0.8590545654296875,0.4955902099609375,-0.2062266767024994,-0.4526455104351044,0.0276385527104139,49.23612976074219,102.2123107910156,20.41818237304688
36140,0.41253662109375,0.84515380859375,0.4934539794921875,-0.194578543305397,-0.4740820825099945,0.0223340671509504,49.39796447753906,102.0552978515625,20.54180908203125
36141,0.4279327392578125,0.8368988037109375,0.4897308349609375,-0.1827335953712463,-0.5407993197441101,0.0164423566311597,49.5372314453125,101.8051452636719,20.93426513671875
36142,0.444122314453125,0.8341827392578125,0.4916229248046875,-0.1827335953712463,-0.5407993197441101,0.0164423566311597,49.66783142089844,101.8354797363281,21.1968994140625
36143,0.451904296875,0.837005615234375,0.49114990234375,-0.1791428625583649,-0.5422536730766296,0.0204291082918644,49.86341857910156,101.587890625,21.57293701171875
36144,0.4489288330078125,0.835784912109375,0.4749755859375,-0.1817548871040344,-0.5370389223098755,0.0222331341356039,49.9945068359375,101.5983123779297,21.40562438964844
36145,0.4420318603515625,0.8366241455078125,0.4642486572265625,-0.1817548871040344,-0.5370389223098755,0.0222331341356039,50.18388366699219,101.6253509521484,21.44345092773438
36146,0.4224090576171875,0.8303680419921875,0.43414306640625,-0.1729486137628555,-0.538417398929596,0.0100608896464109,50.45491027832031,101.4881286621094,21.38961791992188
36147,0.4224090576171875,0.8303680419921875,0.43414306640625,-0.1729486137628555,-0.538417398929596,0.0100608896464109,50.45491027832031,101.4881286621094,21.38961791992188
36148,0.4125518798828125,0.8292999267578125,0.425506591796875,-0.1538614630699158,-0.54259192943573,-0.0045446841977536,50.61326599121094,101.4082489013672,21.42941284179688
36149,0.402587890625,0.82904052734375,0.421356201171875,-0.1234239339828491,-0.5365681052207947,-0.0255186762660741,50.69912719726562,101.3592224121094,21.6217041015625
36150,0.3736572265625,0.8303070068359375,0.417938232421875,-0.059761069715023,-0.5411516427993774,-0.0669971406459808,50.8687744140625,101.3905792236328,21.65061950683594
36151,0.3736572265625,0.8303070068359375,0.417938232421875,-0.059761069715023,-0.5411516427993774,-0.0669971406459808,50.8687744140625,101.3905792236328,21.65061950683594
36152,0.3615264892578125,0.826416015625,0.424560546875,-0.0327425003051757,-0.5464215278625488,-0.0854741558432579,50.98886108398438,101.3118743896484,21.82275390625
36153,0.348663330078125,0.8270721435546875,0.4297332763671875,-0.0152023890987038,-0.5395060777664185,-0.1174688413739204,51.11224365234375,101.2752838134766,21.85472106933594
36154,0.3505859375,0.8239898681640625,0.4375152587890625,0.001743305241689,-0.5402395129203796,-0.1614264398813248,51.30630493164062,101.2738952636719,21.93507385253906
36155,0.3505859375,0.8239898681640625,0.4375152587890625,0.001743305241689,-0.5402395129203796,-0.1614264398813248,51.30630493164062,101.2738952636719,21.93507385253906
36156,0.368255615234375,0.815643310546875,0.437957763671875,0.0046221823431551,-0.563137412071228,-0.1851200610399246,51.378173828125,101.3023529052734,21.97259521484375
36157,0.3837432861328125,0.8037567138671875,0.4540557861328125,-0.0173310525715351,-0.5926880836486816,-0.1884969472885132,51.46589660644531,101.1334533691406,22.10394287109375
36158,0.415740966796875,0.7955780029296875,0.4696044921875,-0.0849162191152572,-0.6009851694107056,-0.1894692629575729,51.56123352050781,101.2439575195312,22.05197143554688
36159,0.415740966796875,0.7955780029296875,0.4696044921875,-0.0849162191152572,-0.6009851694107056,-0.1894692629575729,51.56123352050781,101.2439575195312,22.05197143554688
36160,0.427490234375,0.7825469970703125,0.4619598388671875,-0.1120889857411385,-0.5941839814186096,-0.1901411712169647,51.76231384277344,101.0267486572266,22.1512451171875
36161,0.4340972900390625,0.7721710205078125,0.4492645263671875,-0.125411182641983,-0.584510862827301,-0.1866417825222015,51.859619140625,100.8190612792969,22.31175231933594
36162,0.4324493408203125,0.7454986572265625,0.434844970703125,-0.1518790125846863,-0.5799509882926941,-0.18668332695961,51.88252258300781,100.8105010986328,22.37855529785156
36163,0.4324493408203125,0.7454986572265625,0.434844970703125,-0.1518790125846863,-0.5799509882926941,-0.18668332695961,51.88252258300781,100.8105010986328,22.37855529785156
36164,0.4259185791015625,0.738037109375,0.4304351806640625,-0.1656094640493393,-0.5825691223144531,-0.1859296560287476,51.96199035644531,100.8072509765625,22.49571228027344
36165,0.415863037109375,0.7393951416015625,0.4265594482421875,-0.1767726391553879,-0.5687952637672424,-0.1769832968711853,52.03134155273438,100.8059387207031,22.63313293457031
36166,0.40887451171875,0.7526092529296875,0.4211578369140625,-0.1883283704519272,-0.5597476959228516,-0.1729696542024612,52.18302917480469,100.7192687988281,22.89262390136719
36167,0.4048919677734375,0.7698822021484375,0.4169769287109375,-0.2008667886257172,-0.5535071492195129,-0.1767119169235229,52.24125671386719,100.7010955810547,22.88771057128906
36168,0.399383544921875,0.7833099365234375,0.4168243408203125,-0.2134387791156769,-0.5577245354652405,-0.1779337823390961,52.42781066894531,100.6445770263672,22.89945983886719
36169,0.39215087890625,0.7921600341796875,0.42498779296875,-0.2227771580219269,-0.5410206317901611,-0.1794541776180267,52.49122619628906,100.4855651855469,22.87437438964844
36170,0.3887481689453125,0.8090362548828125,0.420562744140625,-0.2167205959558487,-0.5086174011230469,-0.1903723478317261,52.61810302734375,100.2920989990234,23.1053466796875
36171,0.3887481689453125,0.8090362548828125,0.420562744140625,-0.2167205959558487,-0.5086174011230469,-0.1903723478317261,52.61810302734375,100.2920989990234,23.1053466796875
36172,0.384796142578125,0.809295654296875,0.413848876953125,-0.2187792211771011,-0.4887523651123047,-0.1978462338447571,52.79924011230469,100.1400756835938,23.28250122070312
36173,0.3807220458984375,0.803497314453125,0.409454345703125,-0.2165807783603668,-0.4665732979774475,-0.204740896821022,52.8597412109375,100.1267547607422,23.36323547363281
36174,0.380126953125,0.7923583984375,0.4111785888671875,-0.195268303155899,-0.4363269805908203,-0.2280296981334686,52.93106079101562,99.99870300292967,23.52294921875
36175,0.380126953125,0.7923583984375,0.4111785888671875,-0.195268303155899,-0.4363269805908203,-0.2280296981334686,52.93106079101562,99.99870300292967,23.52294921875
36176,0.3746185302734375,0.791473388671875,0.413909912109375,-0.1909843385219574,-0.3915613889694214,-0.2343192845582962,52.99324035644531,99.98698425292967,23.59614562988281
36177,0.3683929443359375,0.7933197021484375,0.40704345703125,-0.1835674345493317,-0.3408004641532898,-0.2433284968137741,52.92796325683594,99.98361206054688,23.61137390136719
36178,0.3606414794921875,0.8063507080078125,0.3944549560546875,-0.1557134240865707,-0.2185834795236588,-0.2526508867740631,52.95909118652344,99.87982177734376,23.63223266601562
36179,0.3606414794921875,0.8063507080078125,0.3944549560546875,-0.1557134240865707,-0.2185834795236588,-0.2526508867740631,52.95909118652344,99.87982177734376,23.63223266601562
36180,0.3583526611328125,0.817535400390625,0.379974365234375,-0.0744113847613334,-0.0987595990300178,-0.2881452441215515,52.81248474121094,99.67628479003906,23.82823181152344
36181,0.3583526611328125,0.817535400390625,0.379974365234375,-0.0744113847613334,-0.0987595990300178,-0.2881452441215515,52.81248474121094,99.67628479003906,23.82823181152344
36182,0.3583526611328125,0.817535400390625,0.379974365234375,-0.0744113847613334,-0.0987595990300178,-0.2881452441215515,52.81248474121094,99.67628479003906,23.82823181152344
36183,0.364990234375,0.8184814453125,0.3744354248046875,-0.04518399015069,-0.0665928721427917,-0.2976711094379425,52.73826599121094,99.61737060546876,23.83277893066406
36184,0.3706512451171875,0.8130340576171875,0.374114990234375,-0.0160966776311397,-0.0266880691051483,-0.2954036891460419,52.65896606445312,99.6202392578125,23.94253540039062
36185,0.3730926513671875,0.8095245361328125,0.375244140625,0.0342040434479713,0.0802032276988029,-0.2922843098640442,52.49656677246094,99.58566284179688,24.08009338378906
36186,0.3728179931640625,0.807098388671875,0.375885009765625,0.0342040434479713,0.0802032276988029,-0.2922843098640442,52.36616516113281,99.61495971679688,24.18885803222656
36187,0.37255859375,0.807647705078125,0.379119873046875,0.0776638984680175,0.2167584151029587,-0.2641288638114929,52.16958618164062,99.64100646972656,24.07736206054688
36188,0.3746185302734375,0.8083343505859375,0.375823974609375,0.0776638984680175,0.2167584151029587,-0.2641288638114929,52.04655456542969,99.64517211914062,24.09542846679688
36189,0.3740692138671875,0.8085784912109375,0.3720550537109375,0.0959819257259368,0.2619932591915131,-0.2497365921735764,51.86221313476562,99.7377471923828,24.109375
36190,0.3714141845703125,0.811187744140625,0.37518310546875,0.1300637274980545,0.3299773633480072,-0.2129197269678116,51.69241333007812,99.8136749267578,24.02188110351562
36191,0.3663177490234375,0.8140106201171875,0.3693389892578125,0.1380351036787033,0.3881511986255646,-0.1904213428497314,51.51821899414062,99.7987060546875,23.93098449707031
36192,0.3843231201171875,0.819183349609375,0.3877410888671875,0.1380351036787033,0.3881511986255646,-0.1904213428497314,51.25334167480469,99.92556762695312,23.85433959960938
36193,0.3988800048828125,0.828369140625,0.3867340087890625,0.1380582749843597,0.4691946506500244,-0.1743579506874084,51.13372802734375,99.895263671875,23.78170776367188
36194,0.412994384765625,0.8398895263671875,0.361724853515625,0.1478520482778549,0.6132490038871765,-0.1199735403060913,50.82772827148438,99.9844970703125,23.67341613769531
36195,0.412994384765625,0.8398895263671875,0.361724853515625,0.1478520482778549,0.6132490038871765,-0.1199735403060913,50.82772827148438,99.9844970703125,23.67341613769531
36196,0.4156951904296875,0.841339111328125,0.3437652587890625,0.1732343733310699,0.6867560148239136,-0.0961912497878074,50.67268371582031,100.0731353759766,23.69349670410156
36197,0.4160003662109375,0.8429107666015625,0.3259735107421875,0.2036242336034775,0.7362955808639526,-0.0761909112334251,50.53829956054688,100.1151123046875,23.6810302734375
36198,0.4052581787109375,0.8523712158203125,0.3148345947265625,0.2722014188766479,0.8425581455230713,-0.0152796199545264,50.1312255859375,100.2145843505859,23.302734375
36199,0.4052581787109375,0.8523712158203125,0.3148345947265625,0.2722014188766479,0.8425581455230713,-0.0152796199545264,50.1312255859375,100.2145843505859,23.302734375
36200,0.4026336669921875,0.858367919921875,0.3065032958984375,0.3097474575042725,0.8960748910903931,0.0200645215809345,49.884033203125,100.3300018310547,23.04794311523438
36201,0.3926849365234375,0.8680267333984375,0.3046112060546875,0.3691266477108002,0.9640880227088928,0.0501238852739334,49.69015502929688,100.3868713378906,23.00288391113281
36202,0.371368408203125,0.8815460205078125,0.296142578125,0.429772675037384,1.052620053291321,0.0712387561798095,49.58558654785156,100.4307556152344,22.78385925292969
36203,0.3468170166015625,0.888885498046875,0.278778076171875,0.4794739186763763,1.093212127685547,0.1261065304279327,49.35336303710938,100.5328826904297,22.47152709960938
36204,0.3298492431640625,0.8920745849609375,0.2930145263671875,0.4794739186763763,1.093212127685547,0.1261065304279327,49.18479919433594,100.6748504638672,22.28318786621094
36205,0.31597900390625,0.90008544921875,0.3619232177734375,0.4617644250392914,1.016520857810974,0.1435284018516541,48.97981262207031,100.8036193847656,22.11543273925781
36206,0.306610107421875,0.908233642578125,0.4710540771484375,0.4408010840415955,0.9288123250007628,0.151247575879097,48.71122741699219,100.809814453125,21.91554260253906
36207,0.2963714599609375,0.9205474853515624,0.5691070556640625,0.3942756652832031,0.9148184657096864,0.148927167057991,48.56617736816406,101.1001281738281,21.7060546875
36208,0.30902099609375,1.005264282226562,0.73309326171875,0.1150877103209496,0.9215368032455444,0.2486550807952881,48.32244873046875,101.5284118652344,21.28428649902344
36209,0.3438873291015625,1.05340576171875,0.79364013671875,-0.066542275249958,1.018324375152588,0.3379335701465607,48.22976684570312,101.5763397216797,21.01676940917969
36210,0.35595703125,1.081222534179688,0.7006072998046875,-0.2782771587371826,1.33185613155365,0.4514958262443542,47.93475341796875,101.5894470214844,20.83026123046875
36211,0.1855316162109375,0.9715576171875,0.4740753173828125,0.1641652435064316,1.704662561416626,0.2769197523593903,47.87399291992188,101.7004699707031,21.07315063476562
36212,0.1855316162109375,0.9715576171875,0.4740753173828125,0.1641652435064316,1.704662561416626,0.2769197523593903,47.87399291992188,101.7004699707031,21.07315063476562
36213,0.1855316162109375,0.9715576171875,0.4740753173828125,0.1641652435064316,1.704662561416626,0.2769197523593903,47.87399291992188,101.7004699707031,21.07315063476562
36214,0.1855316162109375,0.9715576171875,0.4740753173828125,0.1641652435064316,1.704662561416626,0.2769197523593903,47.87399291992188,101.7004699707031,21.07315063476562
36215,0.060333251953125,0.9562835693359376,0.3730621337890625,0.4652555584907532,1.736280918121338,0.1478709578514099,47.70841979980469,101.7540130615234,21.03131103515625
36216,-0.0609130859375,0.9556427001953124,0.316619873046875,0.6702705025672913,1.688065648078918,0.0055287224240601,47.55690002441406,101.85986328125,20.85212707519531
36217,-0.14007568359375,0.946014404296875,0.2880096435546875,0.7559124231338501,1.514550089836121,-0.1429947018623352,47.30647277832031,102.1662445068359,20.65560913085938
36218,-0.184814453125,0.9263763427734376,0.2991790771484375,0.7677778601646423,1.352871656417847,-0.2118944078683853,46.91935729980469,102.4361724853516,20.23080444335938
36219,-0.1616973876953125,0.8995361328125,0.315216064453125,0.6042091846466064,0.8940191864967346,-0.1856984943151474,46.51435852050781,102.6929321289062,19.8482666015625
36220,-0.12567138671875,0.9035491943359376,0.3464202880859375,0.6042091846466064,0.8940191864967346,-0.1856984943151474,46.19325256347656,102.7438659667969,19.43449401855469
36221,-0.0932464599609375,0.94439697265625,0.431427001953125,0.4965458512306213,0.6973953247070312,-0.1574205160140991,45.87901306152344,102.8331909179688,19.0594482421875
36222,-0.0522918701171875,0.93597412109375,0.5069122314453125,0.4152563214302063,0.645032525062561,-0.1621790528297424,45.60655212402344,102.8543395996094,18.74031066894531
36223,-0.018280029296875,0.905914306640625,0.5231475830078125,0.3649939596652985,0.644582986831665,-0.1539711952209473,45.36575317382812,102.9764099121094,18.3824462890625
36224,0.00921630859375,0.826019287109375,0.5079498291015625,0.4544990658760071,0.6421270370483398,-0.1570082604885101,44.91232299804688,103.0819091796875,17.95022583007812
36225,0.00921630859375,0.826019287109375,0.5079498291015625,0.4544990658760071,0.6421270370483398,-0.1570082604885101,44.91232299804688,103.0819091796875,17.95022583007812
36226,0.0352783203125,0.7925872802734375,0.5498504638671875,0.4894354641437531,0.7920922636985779,-0.1141582652926445,44.63984680175781,103.1739807128906,17.60176086425781
36227,0.0491180419921875,0.783599853515625,0.5478057861328125,0.3561261594295502,1.269999504089355,0.0046269758604466,44.54048156738281,103.2535858154297,17.32928466796875
36228,0.0216217041015625,0.78173828125,0.5157623291015625,0.3561261594295502,1.269999504089355,0.0046269758604466,44.3614501953125,103.337646484375,17.02052307128906
36229,-0.0271759033203125,0.788482666015625,0.524200439453125,0.2677294611930847,1.401763558387756,0.0607722699642181,44.04609680175781,103.4328918457031,16.62263488769531
36230,-0.0700225830078125,0.8144989013671875,0.524200439453125,0.2029832005500793,1.493098616600037,0.1018888130784035,43.77725219726562,103.4906005859375,16.18765258789062
36231,-0.103546142578125,0.8477935791015625,0.491943359375,0.1801838874816895,1.498436689376831,0.1271278560161591,43.56927490234375,103.5559692382812,15.84030151367188
36232,-0.11810302734375,0.8813018798828125,0.4396514892578125,0.1979527622461319,1.42198657989502,0.1220145896077156,43.40614318847656,103.4819793701172,15.38577270507812
36233,-0.111907958984375,0.9156036376953124,0.3910675048828125,0.24174764752388,1.286902785301208,0.1182795017957687,43.26353454589844,103.5924072265625,15.0340576171875
36234,-0.06671142578125,0.9519805908203124,0.362579345703125,0.3025617301464081,1.127680897712708,0.1344936341047287,42.84120178222656,103.8134460449219,14.451416015625
36235,-0.06671142578125,0.9519805908203124,0.362579345703125,0.3025617301464081,1.127680897712708,0.1344936341047287,42.84120178222656,103.8134460449219,14.451416015625
36236,-0.02606201171875,0.952911376953125,0.35601806640625,0.270893007516861,1.144762754440308,0.1493098586797714,42.54656982421875,103.8676910400391,13.94686889648438
36237,-0.02606201171875,0.952911376953125,0.35601806640625,0.270893007516861,1.144762754440308,0.1493098586797714,42.54656982421875,103.8676910400391,13.94686889648438
36238,-0.0163421630859375,0.9441070556640624,0.3532562255859375,0.2601072192192078,1.163317799568176,0.1562447249889374,42.48966979980469,103.9017639160156,13.82717895507812
36239,-0.0163421630859375,0.9441070556640624,0.3532562255859375,0.2601072192192078,1.163317799568176,0.1562447249889374,42.48966979980469,103.9017639160156,13.82717895507812
36240,-0.0181121826171875,0.923553466796875,0.3386077880859375,0.3356001079082489,1.064751982688904,0.1936056911945343,42.34622192382812,103.9593811035156,13.71206665039062
36241,-0.019012451171875,0.9159088134765624,0.336395263671875,0.3697258532047272,1.017841219902039,0.2109037190675735,42.24960327148438,104.0970153808594,13.30792236328125
36242,-0.0214996337890625,0.9188232421875,0.3544921875,0.3973076641559601,1.002389311790466,0.2219845950603485,42.2314453125,104.2108306884766,12.54084777832031
36243,-0.0220489501953125,0.9222869873046876,0.360076904296875,0.4037748873233795,1.011328816413879,0.2290478348731995,42.04696655273438,104.2787017822266,12.12461853027344
36244,-0.0220489501953125,0.9222869873046876,0.360076904296875,0.4037748873233795,1.011328816413879,0.2290478348731995,42.04696655273438,104.2787017822266,12.12461853027344
36245,-0.0214996337890625,0.9287872314453124,0.348876953125,0.4119388163089752,1.003286600112915,0.2267830818891525,41.98870849609375,104.5238647460938,11.49063110351562
36246,-0.02655029296875,0.9429779052734376,0.3396453857421875,0.4298554956912994,0.9412713646888732,0.2097945064306259,41.92835998535156,104.6116943359375,11.14271545410156
36247,-0.0269317626953125,0.946197509765625,0.3549957275390625,0.4948965609073639,0.8795603513717651,0.1844691783189774,41.92144775390625,104.6881408691406,10.66419982910156
36248,-0.020355224609375,0.9401702880859376,0.354583740234375,0.4948965609073639,0.8795603513717651,0.1844691783189774,41.85517883300781,104.6959686279297,10.19041442871094
36249,-0.0174713134765625,0.937255859375,0.346527099609375,0.4920959770679474,0.9052217602729796,0.1774794459342957,41.82106018066406,104.7811889648438,9.860855102539062
36250,-0.0142974853515625,0.9379425048828124,0.3357391357421875,0.472059428691864,0.9515602588653564,0.1755060404539108,41.74136352539062,104.8541564941406,9.531768798828123
36251,-0.015167236328125,0.9464111328125,0.3299560546875,0.4247526228427887,1.031185030937195,0.1734788417816162,41.70526123046875,105.0455627441406,9.2706298828125
36252,-0.0122833251953125,0.9460601806640624,0.3238067626953125,0.3808959424495697,1.101576685905457,0.1721520572900772,41.60136413574219,105.2680206298828,8.807693481445312
36253,-0.0194549560546875,0.94451904296875,0.3261566162109375,0.3698811233043671,1.146641612052917,0.1794200837612152,41.48274230957031,105.4414520263672,8.486587524414062
36254,-0.0441436767578125,0.9542083740234376,0.3259124755859375,0.4512558579444885,1.19795298576355,0.1972433030605316,41.40643310546875,105.4476623535156,7.696060180664062
36255,-0.0441436767578125,0.9542083740234376,0.3259124755859375,0.4512558579444885,1.19795298576355,0.1972433030605316,41.40643310546875,105.4476623535156,7.696060180664062
36256,-0.0612030029296875,0.962493896484375,0.3187713623046875,0.4512558579444885,1.19795298576355,0.1972433030605316,41.32440185546875,105.3939666748047,7.211334228515625
36257,-0.0741729736328125,0.966949462890625,0.3104705810546875,0.4895129799842834,1.192155480384827,0.1950938552618027,41.30836486816406,105.4216613769531,6.7828369140625
36258,-0.0832366943359375,0.97698974609375,0.30255126953125,0.5387428402900696,1.146552324295044,0.1748104244470596,41.23088073730469,105.4584350585938,6.397369384765625
36259,-0.091888427734375,0.9849395751953124,0.3044281005859375,0.5387428402900696,1.146552324295044,0.1748104244470596,41.21527099609375,105.4937591552734,5.978958129882812
36260,-0.0914459228515625,1.004058837890625,0.3241119384765625,0.5181879997253418,1.148987293243408,0.1627737432718277,41.07708740234375,105.5525512695312,4.967514038085938
36261,-0.08843994140625,0.998870849609375,0.3368988037109375,0.4891742169857025,1.179032325744629,0.1708303242921829,41.11044311523438,105.55908203125,4.456985473632812
36262,-0.08843994140625,0.998870849609375,0.3368988037109375,0.4891742169857025,1.179032325744629,0.1708303242921829,41.11044311523438,105.55908203125,4.456985473632812
36263,-0.0791168212890625,0.9898223876953124,0.3447113037109375,0.4492568969726562,1.21505343914032,0.19232177734375,41.0098876953125,105.5306396484375,4.060317993164062
36264,-0.068511962890625,0.9742889404296876,0.3429412841796875,0.4410301148891449,1.19415819644928,0.21952223777771,41.00920104980469,105.6019134521484,3.622421264648438
36265,-0.0673370361328125,0.9559783935546876,0.340850830078125,0.4410301148891449,1.19415819644928,0.21952223777771,40.93023681640625,105.5065002441406,3.137039184570312
36266,-0.0578765869140625,0.935272216796875,0.344207763671875,0.4543435275554657,1.181303977966309,0.2668798863887787,40.97845458984375,105.5511627197266,2.789535522460938
36267,-0.0423431396484375,0.9166412353515624,0.3385009765625,0.4682076871395111,1.183687210083008,0.2788199186325073,41.04469299316406,105.507080078125,2.308349609375
36268,-0.02557373046875,0.901153564453125,0.3399200439453125,0.4682076871395111,1.183687210083008,0.2788199186325073,41.14730834960938,105.4315948486328,1.8955078125
36269,-0.0094451904296875,0.888153076171875,0.3557891845703125,0.4841054379940033,1.216567873954773,0.2913740575313568,41.14936828613281,105.5448608398438,1.538375854492188
36270,0.009246826171875,0.8777618408203125,0.381439208984375,0.5008487105369568,1.285061717033386,0.3078813850879669,41.22111511230469,105.5217590332031,1.240859985351562
36271,0.02374267578125,0.8686065673828125,0.4067230224609375,0.5163882374763489,1.365769386291504,0.3323332071304321,41.44509887695312,105.5670166015625,1.006820678710938
36272,0.03302001953125,0.860260009765625,0.425384521484375,0.5139128565788269,1.460526585578918,0.3474911153316498,41.50556945800781,105.5748443603516,0.498016357421875
36273,0.04217529296875,0.8423309326171875,0.43402099609375,0.4873968362808228,1.552054643630981,0.3489571809768677,41.54766845703125,105.6610870361328,-0.0417022705078125
36274,0.0425262451171875,0.835662841796875,0.4379119873046875,0.4036052525043488,1.703834295272827,0.3391676843166351,41.78547668457031,105.7388763427734,-0.440521240234375
36275,0.0283355712890625,0.844970703125,0.42156982421875,0.3675018548965454,1.69027853012085,0.3228337168693542,41.85993957519531,105.8973846435547,-1.015777587890625
36276,0.0111236572265625,0.8589630126953125,0.3880157470703125,0.3675018548965454,1.69027853012085,0.3228337168693542,42.01802062988281,105.9881896972656,-1.4827880859375
36277,-0.003814697265625,0.87408447265625,0.37542724609375,0.3461616635322571,1.665928363800049,0.3029998242855072,42.21493530273438,106.1339111328125,-1.702011108398438
36278,0.0023956298828125,0.8926544189453125,0.3675537109375,0.3132721781730652,1.81570303440094,0.2858738303184509,42.54908752441406,106.0493469238281,-2.505172729492188
36279,0.0023956298828125,0.8926544189453125,0.3675537109375,0.3132721781730652,1.81570303440094,0.2858738303184509,42.54908752441406,106.0493469238281,-2.505172729492188
36280,0.0247802734375,0.89984130859375,0.36077880859375,0.3132721781730652,1.81570303440094,0.2858738303184509,42.57905578613281,105.9654693603516,-2.951904296875
36281,0.042633056640625,0.912841796875,0.351104736328125,0.2759476900100708,1.88070547580719,0.2932460010051727,42.74972534179688,106.1199645996094,-3.291534423828125
36282,0.0566558837890625,0.91925048828125,0.3493194580078125,0.2295370548963547,1.888640642166138,0.312095046043396,42.85934448242188,105.9782867431641,-3.678436279296875
36283,0.0667724609375,0.9357452392578124,0.361175537109375,0.150726392865181,1.872814178466797,0.3319350779056549,43.03880310058594,106.0424499511719,-4.135406494140625
36284,0.07867431640625,0.948944091796875,0.3675384521484375,0.150726392865181,1.872814178466797,0.3319350779056549,43.17156982421875,106.0429992675781,-4.591018676757812
36285,0.09197998046875,0.9580230712890624,0.3765869140625,0.1315196752548218,1.885818719863892,0.3435626924037933,43.33395385742188,106.0249328613281,-4.923492431640625
36286,0.108551025390625,0.968780517578125,0.3708648681640625,0.1257933527231216,1.93106746673584,0.3505668044090271,43.58425903320312,105.9783935546875,-5.185043334960938
36287,0.1199493408203125,0.9823150634765624,0.3664703369140625,0.1284767538309097,2.148037433624268,0.3557474613189697,43.84455871582031,105.8256378173828,-5.547988891601562
36288,0.129241943359375,0.994110107421875,0.346435546875,0.1284767538309097,2.148037433624268,0.3557474613189697,44.10398864746094,105.7797241210938,-5.84210205078125
36289,0.1253509521484375,1.000320434570312,0.2981109619140625,0.1565949320793152,2.216649293899536,0.3477555811405182,44.36775207519531,105.8128509521484,-6.102066040039062
36290,0.0962982177734375,0.9948272705078124,0.2513885498046875,0.201828196644783,2.212955713272095,0.3550086915493011,44.6007080078125,105.7457733154297,-6.411239624023438
36291,0.0615081787109375,0.993988037109375,0.2230224609375,0.201828196644783,2.212955713272095,0.3550086915493011,44.75335693359375,105.789306640625,-6.808670043945312
36292,0.04888916015625,1.004302978515625,0.2208251953125,0.2359118610620499,2.153380632400513,0.3475020527839661,45.09230041503906,105.7980651855469,-7.149551391601562
36293,0.0504913330078125,1.022384643554688,0.229339599609375,0.2666804194450378,2.058944940567017,0.3186091482639313,45.30134582519531,105.7996215820312,-7.44012451171875
36294,0.058135986328125,1.032501220703125,0.27276611328125,0.2783679664134979,2.010159015655518,0.2929376065731049,45.5220947265625,105.9172058105469,-7.788589477539062
36295,0.0755767822265625,1.031906127929688,0.3073272705078125,0.2784276306629181,2.014190196990967,0.289122611284256,45.66900634765625,105.9619293212891,-8.067825317382812
36296,0.10028076171875,1.0322265625,0.319732666015625,0.2808889150619507,2.008108377456665,0.3015675842761993,45.90837097167969,105.9866180419922,-8.531707763671875
36297,0.121124267578125,1.030532836914062,0.3448028564453125,0.2831084132194519,2.023986339569092,0.3182772994041443,46.10633850097656,106.0730743408203,-8.741043090820312
36298,0.1346893310546875,1.028762817382812,0.3603668212890625,0.2775277495384216,2.07344651222229,0.335701048374176,46.35931396484375,106.1708068847656,-9.07781982421875
36299,0.1365509033203125,1.020263671875,0.3677520751953125,0.2704653143882751,2.141681432723999,0.3425368368625641,46.63809204101562,106.2045288085938,-9.441329956054688
36300,0.12548828125,1.000152587890625,0.3576202392578125,0.2716562747955322,2.210096120834351,0.3358472585678101,46.91954040527344,106.1798858642578,-9.737747192382812
36301,0.110595703125,0.978302001953125,0.3311767578125,0.2803981006145477,2.241002798080444,0.3248409330844879,47.25048828125,106.13671875,-10.13545227050781
36302,0.0941925048828125,0.957183837890625,0.3105010986328125,0.2891591191291809,2.246011972427368,0.3185377717018127,47.53840637207031,106.1348419189453,-10.48298645019531
36303,0.083251953125,0.9370269775390624,0.297637939453125,0.3141025304794312,2.258846521377563,0.3237162828445435,47.8399658203125,106.0564575195312,-10.6815185546875
36304,0.0779876708984375,0.9226837158203124,0.2890167236328125,0.3141025304794312,2.258846521377563,0.3237162828445435,48.23365783691406,106.0387878417969,-10.91748046875
36305,0.076690673828125,0.914642333984375,0.28302001953125,0.3212808072566986,2.275262117385864,0.3363098502159119,48.55618286132812,106.0992126464844,-11.18585205078125
36306,0.082061767578125,0.9130859375,0.296142578125,0.2990074753761292,2.306041717529297,0.367010772228241,49.46565246582031,106.0712738037109,-12.50323486328125
36307,0.082061767578125,0.9130859375,0.296142578125,0.2990074753761292,2.306041717529297,0.367010772228241,49.46565246582031,106.0712738037109,-12.50323486328125
36308,0.0851898193359375,0.9123992919921876,0.303558349609375,0.2799752056598663,2.325951814651489,0.3737924993038177,49.85990905761719,106.0474090576172,-12.81329345703125
36309,0.0877227783203125,0.9176025390625,0.30596923828125,0.2549566626548767,2.331851243972778,0.3717413246631622,50.25469970703125,106.176025390625,-13.160400390625
36310,0.1015625,0.923431396484375,0.3115081787109375,0.2147261500358582,2.31951117515564,0.3557732999324799,50.9222412109375,106.2088317871094,-13.78973388671875
36311,0.108001708984375,0.924530029296875,0.3236083984375,0.1936413645744324,2.311999082565308,0.340522438287735,51.33222961425781,106.1839294433594,-14.03622436523438
36312,0.108001708984375,0.924530029296875,0.3236083984375,0.1936413645744324,2.311999082565308,0.340522438287735,51.33222961425781,106.1839294433594,-14.03622436523438
36313,0.119720458984375,0.92181396484375,0.3246612548828125,0.1870820075273514,2.297871589660645,0.329914003610611,51.7039794921875,106.1317291259766,-14.14207458496094
36314,0.1311187744140625,0.9252777099609376,0.320648193359375,0.1837234944105148,2.27068305015564,0.3100675940513611,52.11289978027344,106.1198120117188,-14.43104553222656
36315,0.14398193359375,0.929901123046875,0.324676513671875,0.162920206785202,2.205212831497192,0.3034096658229828,52.44839477539062,106.1567687988281,-14.62559509277344
36316,0.158721923828125,0.93280029296875,0.3370208740234375,0.1410489976406097,2.155767202377319,0.2972809374332428,52.80848693847656,106.3004150390625,-14.89727783203125
36317,0.1735992431640625,0.9299468994140624,0.3419647216796875,0.1011599078774452,2.098984956741333,0.3039700090885162,53.22454833984375,106.1075134277344,-15.01531982421875
36318,0.188690185546875,0.919677734375,0.34466552734375,0.0600036829710006,2.035569667816162,0.3196110129356384,53.57591247558594,106.0862121582031,-15.16984558105469
36319,0.1989593505859375,0.904327392578125,0.3452606201171875,0.0115575864911079,1.991319060325623,0.3447022438049316,53.94837951660156,106.1107330322266,-15.18293762207031
36320,0.203887939453125,0.8864898681640625,0.3417510986328125,-0.0339017733931541,1.95006000995636,0.3589270114898682,54.23017883300781,106.0831756591797,-15.23861694335938
36321,0.20989990234375,0.870941162109375,0.3347320556640625,-0.064419999718666,1.913861751556396,0.3672182261943817,54.56703186035156,106.0323181152344,-15.20046997070312
36322,0.2100067138671875,0.8692169189453125,0.33050537109375,-0.0919906422495842,1.870528697967529,0.3780061602592468,54.92420959472656,106.0087890625,-15.23667907714844
36323,0.2140655517578125,0.8774261474609375,0.3226776123046875,-0.1160262078046799,1.806506276130676,0.3797795474529266,55.25436401367188,105.9397277832031,-15.36279296875
36324,0.2133331298828125,0.903778076171875,0.3204193115234375,-0.137647345662117,1.700985193252563,0.3782402575016022,55.68333435058594,105.9958190917969,-15.27536010742188
36325,0.211761474609375,0.929779052734375,0.323883056640625,-0.1601087152957916,1.58269476890564,0.372690737247467,55.94900512695312,105.9792785644531,-15.18367004394531
36326,0.21575927734375,0.955474853515625,0.3278656005859375,-0.190608024597168,1.477421045303345,0.3628383874893188,56.44149780273438,105.9241943359375,-15.19020080566406
36327,0.220001220703125,0.977020263671875,0.3282318115234375,-0.2135330587625504,1.402595639228821,0.3751214146614075,56.64163208007812,106.0134124755859,-15.13151550292969
36328,0.223419189453125,0.99169921875,0.329925537109375,-0.2391441464424133,1.366165995597839,0.397978276014328,56.97587585449219,105.9064331054688,-15.07255554199219
36329,0.216705322265625,0.992767333984375,0.32568359375,-0.2557167112827301,1.380430936813354,0.4259843230247498,57.301025390625,105.9520874023438,-14.99151611328125
36330,0.1937713623046875,0.969635009765625,0.3082275390625,-0.24886654317379,1.422093391418457,0.4476635158061981,57.63926696777344,105.9069519042969,-14.98377990722656
36331,0.154449462890625,0.929962158203125,0.2767333984375,-0.2168833166360855,1.488944888114929,0.4443089962005615,58.01699829101562,105.8013763427734,-14.83491516113281
36332,0.0784454345703125,0.8896484375,0.21710205078125,-0.1738021522760391,1.503399729728699,0.4464310109615326,58.28640747070312,105.8909454345703,-14.67898559570312
36333,0.0321197509765625,0.870452880859375,0.17486572265625,-0.1505974978208542,1.450167894363403,0.44561368227005,58.70596313476562,105.7879943847656,-14.45480346679688
36334,-0.0284576416015625,0.87066650390625,0.16229248046875,-0.179917573928833,1.405238509178162,0.3787369132041931,59.38652038574219,105.7440185546875,-14.14755249023438
36335,-0.054840087890625,0.909332275390625,0.1592559814453125,-0.2340825349092484,1.364199757575989,0.3282181024551392,59.69126892089844,105.7135772705078,-14.08749389648438
36336,-0.054840087890625,0.909332275390625,0.1592559814453125,-0.2340825349092484,1.364199757575989,0.3282181024551392,59.69126892089844,105.7135772705078,-14.08749389648438
36337,-0.0794677734375,0.97113037109375,0.191375732421875,-0.38942551612854,1.212385416030884,0.2476678490638733,59.951171875,105.6610717773438,-13.95750427246094
36338,-0.0927886962890625,1.045867919921875,0.26007080078125,-0.4823695719242096,1.161439180374146,0.2251612097024918,60.51036071777344,105.7607269287109,-13.5068359375
36339,-0.1042938232421875,1.066680908203125,0.2462615966796875,-0.551189124584198,1.1158447265625,0.2049888372421265,60.73663330078125,105.6514434814453,-13.20938110351562
36340,-0.1042938232421875,1.066680908203125,0.2462615966796875,-0.551189124584198,1.1158447265625,0.2049888372421265,60.73663330078125,105.6514434814453,-13.20938110351562
36341,-0.12188720703125,1.100845336914062,0.2232666015625,-0.5878350138664246,1.083283662796021,0.1824387907981873,61.04539489746094,105.6200256347656,-12.88008117675781
36342,-0.1389617919921875,1.1431884765625,0.1981658935546875,-0.5872060060501099,1.07471489906311,0.1585968285799026,61.29421997070312,105.6767272949219,-12.41035461425781
36343,-0.1564483642578125,1.184661865234375,0.174957275390625,-0.5489581823348999,1.107953071594238,0.1435643583536148,61.49101257324219,105.83984375,-12.17414855957031
36344,-0.1724090576171875,1.218170166015625,0.1371917724609375,-0.4755564033985138,1.153990864753723,0.1315351277589798,61.62808227539062,105.8326110839844,-12.07598876953125
36345,-0.16326904296875,1.18988037109375,0.1595306396484375,-0.1726386100053787,1.329946637153625,0.1657860428094864,61.95829772949219,105.9253387451172,-11.48081970214844
36346,-0.16326904296875,1.18988037109375,0.1595306396484375,-0.1726386100053787,1.329946637153625,0.1657860428094864,61.95829772949219,105.9253387451172,-11.48081970214844
36347,-0.14019775390625,1.154403686523438,0.1372222900390625,0.200804203748703,1.776746034622192,0.1360891312360764,61.97743225097656,105.9939270019531,-11.26283264160156
36348,-0.2075653076171875,1.084854125976562,-0.1259307861328125,0.3761946558952332,1.658423900604248,0.1263797730207443,62.11918640136719,105.9033355712891,-11.13563537597656
36349,-0.280731201171875,1.050323486328125,-0.1367340087890625,0.1695259213447571,1.279135227203369,0.1561118364334106,62.32283020019531,105.97705078125,-11.19384765625
36350,-0.1814727783203125,0.955230712890625,0.1139984130859375,-0.0449456349015235,1.296599388122559,0.1301886290311813,62.59220886230469,106.1006469726562,-11.26495361328125
36351,-0.1814727783203125,0.955230712890625,0.1139984130859375,-0.0449456349015235,1.296599388122559,0.1301886290311813,62.59220886230469,106.1006469726562,-11.26495361328125
36352,-0.1407928466796875,0.9420928955078124,0.1032867431640625,0.0850376635789871,1.332795977592468,0.1198699474334717,62.66685485839844,105.9716949462891,-11.02616882324219
36353,-0.1448974609375,0.9261627197265624,0.132568359375,0.1922280341386795,1.386119961738586,0.1167806759476662,62.80853271484375,105.8775939941406,-10.84669494628906
36354,-0.1607513427734375,0.9091949462890624,0.165252685546875,0.2295442372560501,1.518389344215393,0.139701709151268,62.97903442382812,105.9079284667969,-10.97026062011719
36355,-0.1685943603515625,0.8976898193359375,0.151397705078125,0.2199763059616089,1.650791764259338,0.1570229083299637,63.0655517578125,105.7711944580078,-10.97900390625
36356,-0.172821044921875,0.8838958740234375,0.145965576171875,0.1984084248542786,1.730864763259888,0.1549166142940521,63.24945068359375,105.8628234863281,-10.96725463867188
36357,-0.164825439453125,0.8926544189453125,0.151885986328125,0.1731163859367371,1.786982178688049,0.1375304311513901,63.47853088378906,105.805908203125,-10.98208618164062
36358,-0.1440582275390625,0.9328155517578124,0.1481781005859375,0.1532281637191772,1.792012095451355,0.1125819385051727,63.72734069824219,105.740234375,-10.89970397949219
36359,-0.1440582275390625,0.9328155517578124,0.1481781005859375,0.1532281637191772,1.792012095451355,0.1125819385051727,63.72734069824219,105.740234375,-10.89970397949219
36360,-0.140289306640625,0.939483642578125,0.1575164794921875,0.1592820584774017,1.772646307945251,0.1086785420775414,63.89889526367188,105.8458404541016,-10.93132019042969
36361,-0.1341705322265625,0.93170166015625,0.17022705078125,0.1934727877378464,1.773377656936646,0.1108391657471657,63.98194885253906,105.8355712890625,-10.86123657226562
36362,-0.1234283447265625,0.9229888916015624,0.1767730712890625,0.2359853684902191,1.768984794616699,0.1100844293832779,64.07192993164062,105.6842498779297,-10.91441345214844
36363,-0.11590576171875,0.922515869140625,0.18505859375,0.2606158852577209,1.749055743217468,0.0988623946905136,64.22789001464844,105.6464385986328,-10.84022521972656
36364,-0.10986328125,0.914947509765625,0.2170257568359375,0.2721202075481415,1.756672978401184,0.0917885079979896,64.40132141113281,105.5888061523438,-10.71566772460938
36365,-0.0955810546875,0.922515869140625,0.2701416015625,0.3614042699337006,1.914012551307678,0.092849776148796,64.6380615234375,105.7167510986328,-10.71636962890625
36366,-0.0973052978515625,0.9428253173828124,0.177978515625,0.369848370552063,1.889780163764954,0.0753432214260101,64.8082275390625,105.6575317382812,-10.61198425292969
36367,-0.12908935546875,0.95977783203125,0.191986083984375,0.2637328505516052,1.835328102111816,0.0899394750595092,64.90516662597656,105.6235046386719,-10.45855712890625
36368,-0.1359405517578125,0.98870849609375,0.2072906494140625,0.1442112326622009,1.84928286075592,0.1016725674271584,65.08413696289062,105.6204681396484,-10.41256713867188
36369,-0.1411590576171875,1.00714111328125,0.1995697021484375,0.0961691439151763,1.891989231109619,0.0975017920136451,65.15428161621094,105.7053527832031,-10.43144226074219
36370,-0.1531524658203125,1.01171875,0.1903076171875,0.1206886023283005,1.954031586647034,0.0955092087388038,65.3197021484375,105.6562042236328,-10.36534118652344
36371,-0.168182373046875,1.0074462890625,0.1682586669921875,0.249035656452179,1.963253021240234,0.121553860604763,65.48847961425781,105.6204071044922,-10.3458251953125
36372,-0.17681884765625,0.99493408203125,0.150665283203125,0.249035656452179,1.963253021240234,0.121553860604763,65.70295715332031,105.5209503173828,-10.2330322265625
36373,-0.1530609130859375,0.99462890625,0.1568603515625,0.3103360235691071,1.960600852966309,0.1384380310773849,65.97431945800781,105.5097808837891,-10.25877380371094
36374,-0.1309814453125,0.9988250732421876,0.1670684814453125,0.3411706387996674,1.994279384613037,0.1640448570251465,66.11343383789062,105.4831390380859,-10.204833984375
36375,-0.12506103515625,0.9957427978515624,0.1847381591796875,0.3411706387996674,1.994279384613037,0.1640448570251465,66.25492858886719,105.3317413330078,-10.18218994140625
36376,-0.1433563232421875,0.9826507568359376,0.2282562255859375,0.345123291015625,2.107729434967041,0.2244208604097366,66.68177795410156,105.3170471191406,-10.12913513183594
36377,-0.1433563232421875,0.9826507568359376,0.2282562255859375,0.345123291015625,2.107729434967041,0.2244208604097366,66.68177795410156,105.3170471191406,-10.12913513183594
36378,-0.149627685546875,0.9833831787109376,0.23309326171875,0.3344477713108063,2.134665966033936,0.255913257598877,66.86618041992188,105.1628875732422,-9.92535400390625
36379,-0.157928466796875,0.9771881103515624,0.23870849609375,0.2945972681045532,2.141044616699219,0.2782156467437744,66.98789978027344,105.178466796875,-9.935623168945312
36380,-0.1661376953125,0.9738922119140624,0.2445831298828125,0.2417095601558685,2.130782127380371,0.2841406464576721,67.33633422851562,105.0855560302734,-9.922088623046877
36381,-0.17706298828125,0.9878387451171876,0.2518768310546875,0.2078855484724045,2.12142014503479,0.2806313931941986,67.54130554199219,105.0065307617188,-9.9053955078125
36382,-0.1863555908203125,1.007400512695312,0.251434326171875,0.1855187267065048,2.122573614120483,0.2625490725040436,67.7664794921875,104.9537658691406,-9.723953247070312
36383,-0.194732666015625,1.018600463867188,0.2328948974609375,0.1324294060468674,2.130285739898682,0.2466508001089096,68.03810119628906,104.9154052734375,-9.704605102539062
36384,-0.198883056640625,1.013473510742188,0.1995391845703125,0.1324294060468674,2.130285739898682,0.2466508001089096,68.28070068359375,104.8525695800781,-9.5313720703125
36385,-0.1964111328125,1.003433227539062,0.168548583984375,0.1178965419530869,2.130501747131348,0.2374788671731949,68.47056579589844,104.8291931152344,-9.308639526367188
36386,-0.1923675537109375,0.989654541015625,0.141021728515625,0.1261182576417923,2.132314205169678,0.2482231259346008,68.73442077636719,104.7597351074219,-9.037948608398438
36387,-0.18505859375,0.97784423828125,0.12091064453125,0.1596991121768951,2.119341611862183,0.2611048221588135,68.95352172851562,104.7487335205078,-8.729721069335938
36388,-0.1781158447265625,0.9692840576171876,0.119781494140625,0.1596991121768951,2.119341611862183,0.2611048221588135,69.15095520019531,104.6351470947266,-8.416213989257812
36389,-0.1741485595703125,0.966033935546875,0.1374053955078125,0.2056841850280762,2.123901605606079,0.2872717082500458,69.46394348144531,104.5538940429688,-8.230087280273438
36390,-0.169921875,0.96661376953125,0.1644439697265625,0.2472867518663406,2.160141229629517,0.2951006293296814,69.63661193847656,104.47802734375,-8.029373168945312
36391,-0.169921875,0.96661376953125,0.1644439697265625,0.2472867518663406,2.160141229629517,0.2951006293296814,69.63661193847656,104.47802734375,-8.029373168945312
36392,-0.1707763671875,0.964935302734375,0.2194061279296875,0.2798822522163391,2.261065721511841,0.3147850930690765,69.99610900878906,104.097900390625,-7.759002685546875
36393,-0.167816162109375,0.962371826171875,0.237884521484375,0.276820957660675,2.296465873718262,0.3143901526927948,70.22496032714844,104.0735321044922,-7.51434326171875
36394,-0.163726806640625,0.944915771484375,0.2493743896484375,0.2112437933683395,2.214250326156616,0.2762632668018341,70.38291931152344,103.9470672607422,-7.221176147460938
36395,-0.15496826171875,0.9243927001953124,0.2475433349609375,0.2112437933683395,2.214250326156616,0.2762632668018341,70.58966064453125,103.8768310546875,-7.099365234375
36396,-0.1433868408203125,0.9016265869140624,0.2462310791015625,0.1551360636949539,2.086237907409668,0.2479024827480316,70.75898742675781,103.7537536621094,-6.832260131835938
36397,-0.1337738037109375,0.8900146484375,0.249359130859375,0.1050736904144287,1.935543894767761,0.2168287187814713,70.94354248046875,103.6343536376953,-6.655242919921875
36398,-0.1267242431640625,0.884124755859375,0.251312255859375,0.0526810549199581,1.814461469650269,0.2025427222251892,71.13677978515625,103.4878692626953,-6.413345336914062
36399,-0.120452880859375,0.8874664306640625,0.241668701171875,0.0028210864402353,1.730538606643677,0.1941529661417007,71.26704406738281,103.3272705078125,-5.921615600585938
36400,-0.1114349365234375,0.906097412109375,0.228057861328125,-0.0433586575090885,1.659457206726074,0.1935271173715591,71.3797607421875,103.1853790283203,-5.537887573242188
36401,-0.09808349609375,0.9269256591796876,0.217193603515625,-0.08095183968544,1.62226665019989,0.1959713697433472,71.50804138183594,103.2390289306641,-5.391769409179688
36402,-0.0924530029296875,0.9319000244140624,0.204254150390625,-0.1063285693526268,1.613567709922791,0.2086328417062759,71.55430603027344,103.1560516357422,-5.152450561523438
36403,-0.096527099609375,0.9322967529296876,0.190338134765625,-0.0781416743993759,1.698597192764282,0.2279580682516098,71.68630981445312,103.1222839355469,-4.799240112304688
36404,-0.1077117919921875,0.9384613037109376,0.183258056640625,-0.0781416743993759,1.698597192764282,0.2279580682516098,71.71859741210938,103.2133331298828,-4.554000854492188
36405,-0.12249755859375,0.950286865234375,0.1744384765625,-0.0525950342416763,1.773667097091675,0.239165186882019,71.80657958984375,103.1692047119141,-4.278427124023438
36406,-0.1429443359375,0.9585723876953124,0.170654296875,-0.0429245643317699,1.850830078125,0.2497235536575317,71.81440734863281,103.0825042724609,-3.88653564453125
36407,-0.1712646484375,0.9535369873046876,0.1560821533203125,-0.0460681580007076,1.86554753780365,0.2744877636432648,71.9588623046875,103.0492858886719,-3.594497680664062
36408,-0.195526123046875,0.951202392578125,0.1604766845703125,-0.0460681580007076,1.86554753780365,0.2744877636432648,72.09400939941406,103.0664520263672,-3.276092529296875
36409,-0.214263916015625,0.9381561279296876,0.1669921875,-0.0886015072464942,1.811413407325745,0.2873153984546661,72.21331787109375,103.0276031494141,-2.954696655273438
36410,-0.2298126220703125,0.91766357421875,0.1714935302734375,-0.0886015072464942,1.811413407325745,0.2873153984546661,72.39724731445312,102.9093475341797,-2.643112182617188
36411,-0.239471435546875,0.896453857421875,0.1811370849609375,-0.1030275821685791,1.795302867889404,0.2826404869556427,72.54121398925781,102.7168579101562,-2.293930053710938
36412,-0.2478790283203125,0.882293701171875,0.1900482177734375,-0.108752578496933,1.778127908706665,0.2799360454082489,72.51875305175781,102.7490844726562,-2.003662109375
36413,-0.2497100830078125,0.8783721923828125,0.201263427734375,-0.1198547631502151,1.771209359169006,0.2720818519592285,72.54264831542969,102.7951507568359,-1.671920776367188
36414,-0.24847412109375,0.87689208984375,0.2147369384765625,-0.1694193929433823,1.752775192260742,0.2665674984455109,72.84860229492188,102.5534362792969,-0.85931396484375
36415,-0.2516632080078125,0.8801116943359375,0.22283935546875,-0.2027251422405243,1.766367673873901,0.2652327418327332,72.89129638671875,102.4264373779297,-0.4490966796875
36416,-0.2516632080078125,0.8801116943359375,0.22283935546875,-0.2027251422405243,1.766367673873901,0.2652327418327332,72.89129638671875,102.4264373779297,-0.4490966796875
36417,-0.2580413818359375,0.8870391845703125,0.22772216796875,-0.2286129295825958,1.804872512817383,0.2567734718322754,72.93623352050781,102.3897705078125,-0.0536346435546875
36418,-0.267852783203125,0.9072265625,0.217864990234375,-0.2679134607315063,1.879487633705139,0.238759845495224,73.03675842285156,102.2231750488281,0.656707763671875
36419,-0.267852783203125,0.9072265625,0.217864990234375,-0.2679134607315063,1.879487633705139,0.238759845495224,73.03675842285156,102.2231750488281,0.656707763671875
36420,-0.267669677734375,0.9141845703125,0.20916748046875,-0.2939655780792236,1.899620532989502,0.2356122583150864,73.01905822753906,102.1322326660156,1.057144165039062
36421,-0.2553558349609375,0.927337646484375,0.1727294921875,-0.329020768404007,1.900235414505005,0.2261047661304474,73.05390930175781,101.9834899902344,1.822769165039062
36422,-0.2553558349609375,0.927337646484375,0.1727294921875,-0.329020768404007,1.900235414505005,0.2261047661304474,73.05390930175781,101.9834899902344,1.822769165039062
36423,-0.2444000244140625,0.933074951171875,0.1492462158203125,-0.3420984745025635,1.867350220680237,0.2128140032291412,73.09503173828125,101.9488677978516,2.216476440429688
36424,-0.2353668212890625,0.9376220703125,0.1318359375,-0.354568749666214,1.833766937255859,0.1992180347442627,73.103759765625,101.9350738525391,2.786270141601562
36425,-0.2260589599609375,0.9548492431640624,0.1042633056640625,-0.3593469858169556,1.784938454627991,0.1806760430335999,73.01112365722656,101.888671875,3.202346801757812
36426,-0.179107666015625,1.048980712890625,0.109649658203125,-0.3013347983360291,1.489173650741577,0.0639614090323448,73.00395202636719,101.6817321777344,3.91192626953125
36427,-0.179107666015625,1.048980712890625,0.109649658203125,-0.3013347983360291,1.489173650741577,0.0639614090323448,73.00395202636719,101.6817321777344,3.91192626953125
36428,-0.1534423828125,1.07818603515625,0.1532440185546875,-0.3013347983360291,1.489173650741577,0.0639614090323448,72.88661193847656,101.6028442382812,4.39288330078125
36429,-0.120880126953125,1.094131469726562,0.158599853515625,-0.3100305497646332,1.446291923522949,0.0538192875683307,72.79212951660156,101.4306945800781,4.810958862304688
36430,-0.0894317626953125,1.117782592773438,0.1573028564453125,-0.3666586875915527,1.436962127685547,0.0521476231515407,72.75370788574219,101.3167114257812,5.139923095703125
36431,-0.066558837890625,1.141067504882812,0.1849517822265625,-0.4131430983543396,1.691494226455688,0.0756361708045005,72.59089660644531,101.2888793945312,5.379714965820312
36432,-0.050872802734375,1.1478271484375,0.2174072265625,-0.4131430983543396,1.691494226455688,0.0756361708045005,72.42539978027344,101.1254730224609,5.789566040039062
36433,-0.0322113037109375,1.123779296875,0.228057861328125,-0.386816143989563,1.924704313278198,0.122873991727829,72.29576110839844,100.9848480224609,6.123184204101562
36434,0.046966552734375,1.002288818359375,0.1417083740234375,-0.3188397586345673,2.126031637191772,0.1352616846561432,72.00541687011719,100.8812866210938,6.98370361328125
36435,0.046966552734375,1.002288818359375,0.1417083740234375,-0.3188397586345673,2.126031637191772,0.1352616846561432,72.00541687011719,100.8812866210938,6.98370361328125
36436,0.06353759765625,0.9481048583984376,0.0984344482421875,-0.3188397586345673,2.126031637191772,0.1352616846561432,71.94941711425781,100.6739807128906,7.461593627929688
36437,0.0699462890625,0.910888671875,0.0572662353515625,-0.1887699216604233,1.9814373254776,0.0620133019983768,71.7183837890625,100.6939392089844,7.974655151367188
36438,0.071197509765625,0.8872222900390625,-0.0015106201171875,-0.1130629032850266,1.854976058006287,0.0188858062028884,71.53697204589844,100.6888885498047,8.439193725585938
36439,0.071197509765625,0.8872222900390625,-0.0015106201171875,-0.1130629032850266,1.854976058006287,0.0188858062028884,71.53697204589844,100.6888885498047,8.439193725585938
36440,-0.0249786376953125,0.8815460205078125,0.0059356689453125,-0.0446726642549037,1.698392868041992,0.0048741172067821,71.09828186035156,100.8155822753906,9.276840209960938
36441,-0.008087158203125,1.034423828125,0.163818359375,-0.1412780284881592,1.526417374610901,0.0100430464372038,70.64765930175781,100.8852081298828,10.12454223632812
36442,-0.008087158203125,1.034423828125,0.163818359375,-0.1412780284881592,1.526417374610901,0.0100430464372038,70.64765930175781,100.8852081298828,10.12454223632812
36443,0.020660400390625,1.040390014648438,0.1954498291015625,-0.2154044508934021,1.488032460212708,0.0109455920755863,70.37290954589844,100.8854827880859,10.35755920410156
36444,0.0420989990234375,1.0423583984375,0.2448577880859375,-0.248843640089035,1.486776828765869,0.0254587549716234,70.07386779785156,100.7896423339844,10.57756042480469
36445,0.0904083251953125,1.077789306640625,0.281585693359375,-0.2891625761985779,1.686689615249634,0.1378707885742188,69.87562561035156,100.8995208740234,10.72007751464844
36446,0.1981201171875,1.160293579101562,0.267913818359375,-0.3511460423469543,2.004624366760254,0.3529191613197327,69.3648681640625,100.828857421875,11.16061401367188
36447,0.1981201171875,1.160293579101562,0.267913818359375,-0.3511460423469543,2.004624366760254,0.3529191613197327,69.3648681640625,100.828857421875,11.16061401367188
36448,0.22894287109375,1.176422119140625,0.263031005859375,-0.3511460423469543,2.004624366760254,0.3529191613197327,69.12245178222656,100.8791961669922,11.49868774414062
36449,0.2293243408203125,1.180435180664062,0.2538909912109375,-0.3684427440166473,2.16892147064209,0.4676484167575836,68.91310119628906,100.8542175292969,11.98876953125
36450,0.20684814453125,1.169708251953125,0.236083984375,-0.3545093536376953,2.409620761871338,0.6211919188499451,68.70071411132812,100.9827423095703,12.36311340332031
36451,0.1793212890625,1.144729614257812,0.2069854736328125,-0.3545093536376953,2.409620761871338,0.6211919188499451,68.5584716796875,100.9512634277344,12.87997436523438
36452,0.1537628173828125,1.106292724609375,0.16973876953125,-0.3168791532516479,2.443617820739746,0.6443203687667847,68.48414611816406,100.8288879394531,13.42118835449219
36453,0.1319580078125,1.060104370117188,0.138427734375,-0.2601064145565033,2.323900699615479,0.6164019703865051,68.28973388671875,100.7654418945312,13.92718505859375
36454,0.139739990234375,1.00341796875,0.0924835205078125,-0.2849041819572449,2.174571514129639,0.6138508915901184,68.04940795898438,100.6446533203125,15.04434204101562
36455,0.139739990234375,1.00341796875,0.0924835205078125,-0.2849041819572449,2.174571514129639,0.6138508915901184,68.04940795898438,100.6446533203125,15.04434204101562
36456,0.1743927001953125,0.9850921630859376,0.09368896484375,-0.3389687240123749,2.01015830039978,0.6128554344177246,67.81787109375,100.5613555908203,15.33790588378906
36457,0.222869873046875,0.96636962890625,0.0861968994140625,-0.4025650322437286,1.841744184494019,0.6232119202613831,67.68484497070312,100.4264984130859,15.79928588867188
36458,0.29229736328125,0.897674560546875,0.095550537109375,-0.4472105205059052,1.547220945358276,0.6330677270889282,67.376953125,100.1587982177734,16.60127258300781
36459,0.29229736328125,0.897674560546875,0.095550537109375,-0.4472105205059052,1.547220945358276,0.6330677270889282,67.376953125,100.1587982177734,16.60127258300781
36460,0.2835540771484375,0.8672027587890625,0.1229248046875,-0.4291590750217438,1.528596878051758,0.6850976347923279,67.27874755859375,100.0345611572266,17.00761413574219
36461,0.2672882080078125,0.852203369140625,0.1365509033203125,-0.3775978982448578,1.599197030067444,0.7989576458930969,67.19020080566406,99.87326049804688,17.38534545898438
36462,0.247802734375,0.8433380126953125,0.1471405029296875,-0.3775978982448578,1.599197030067444,0.7989576458930969,67.21519470214844,99.62898254394533,17.80686950683594
36463,0.2291412353515625,0.830078125,0.15240478515625,-0.3417650461196899,1.649863958358765,0.8104097843170166,67.12632751464844,99.4785614013672,18.19241333007812
36464,0.2033843994140625,0.8222808837890625,0.1555938720703125,-0.3091543912887573,1.708081483840942,0.7925918698310852,67.23554992675781,99.21638488769533,18.60702514648438
36465,0.16461181640625,0.819793701171875,0.1471099853515625,-0.2871883511543274,1.753569006919861,0.7541848421096802,67.11924743652344,99.12367248535156,18.94779968261719
36466,0.12310791015625,0.821502685546875,0.1287384033203125,-0.2813235521316528,1.76016891002655,0.7044486999511719,67.10951232910156,98.96736145019533,19.22488403320312
36467,0.0905914306640625,0.83154296875,0.1008148193359375,-0.2630537450313568,1.628383755683899,0.5925293564796448,67.05860900878906,98.76231384277344,19.59855651855469
36468,0.0588836669921875,0.8399505615234375,0.07843017578125,-0.2630537450313568,1.628383755683899,0.5925293564796448,67.00260925292969,98.67904663085938,19.81163024902344
36469,0.033935546875,0.8542633056640625,0.0642852783203125,-0.2608928382396698,1.5408536195755,0.5509957671165466,66.78266906738281,98.55094909667967,20.49172973632812
36470,0.0154266357421875,0.86541748046875,0.055206298828125,-0.2665994763374329,1.462225317955017,0.5193763375282288,66.651123046875,98.3146514892578,21.01278686523438
36471,0.012969970703125,0.87481689453125,0.041961669921875,-0.2687712609767914,1.396360278129578,0.5014740228652954,66.55174255371094,98.15061950683594,21.44996643066406
36472,0.012481689453125,0.8963775634765625,0.0343017578125,-0.266291618347168,1.353629946708679,0.4905326962471008,66.45556640625,98.11817932128906,21.79008483886719
36473,0.014068603515625,0.91680908203125,0.03472900390625,-0.2426640391349792,1.352933168411255,0.4925428628921509,66.32884216308594,97.99398803710938,21.91384887695312
36474,0.005126953125,0.95989990234375,0.00408935546875,-0.1367456018924713,1.376293659210205,0.5101197361946106,66.09033203125,98.01866149902344,22.44288635253906
36475,0.005126953125,0.95989990234375,0.00408935546875,-0.1367456018924713,1.376293659210205,0.5101197361946106,66.09033203125,98.01866149902344,22.44288635253906
36476,0.0104217529296875,0.975189208984375,-0.0014801025390625,-0.0864984095096588,1.342944025993347,0.5092134475708008,66.03097534179688,98.0092315673828,22.6773681640625
36477,0.02191162109375,0.9821929931640624,-0.00225830078125,-0.0511750355362892,1.28332245349884,0.5092432498931885,65.88282775878906,97.90245056152344,22.9949951171875
36478,0.033447265625,0.9958038330078124,0.0108184814453125,-0.0263240151107311,1.234051585197449,0.4814728796482086,65.74493408203125,97.87693786621094,23.36404418945312
36479,0.0377960205078125,0.9982452392578124,0.01544189453125,0.0045902244746685,1.201809167861938,0.4384316802024841,65.68153381347656,97.79843139648438,23.67547607421875
36480,0.040802001953125,0.9908447265625,0.0159149169921875,0.0277450792491436,1.163953423500061,0.3901200592517853,65.55061340332031,97.77542114257812,23.83071899414062
36481,0.033843994140625,0.9940948486328124,0.0229339599609375,0.0476756431162357,1.148573398590088,0.3431317806243896,65.39646911621094,97.84068298339844,23.77601623535156
36482,0.0298004150390625,0.97857666015625,0.01776123046875,0.0662240236997604,1.144701957702637,0.3014535903930664,65.30024719238281,97.8440399169922,23.86355590820312
36483,0.025421142578125,0.9682769775390624,0.01190185546875,0.061187457293272,1.152252078056335,0.2685813903808594,65.16337585449219,97.93399047851562,23.88980102539062
36484,0.0125732421875,0.9950408935546876,0.020599365234375,0.0669521391391754,1.197911977767944,0.2389635741710663,64.98538208007812,98.03312683105467,24.07101440429688
36485,-0.006805419921875,1.0078125,0.0007781982421875,0.1106956228613853,1.26375138759613,0.2352721691131592,64.77023315429688,97.893310546875,24.14601135253906
36486,-0.030670166015625,1.01470947265625,-0.03948974609375,0.1272242665290833,1.23212742805481,0.2180851995944977,64.54676818847656,97.88455200195312,24.21501159667969
36487,-0.04534912109375,1.044677734375,-0.031097412109375,0.0927831977605819,1.203357577323914,0.1894543468952179,64.24874877929688,97.85032653808594,24.24772644042969
36488,-0.057220458984375,1.09136962890625,-0.012451171875,0.0399556718766689,1.205949068069458,0.141437292098999,64.10272216796875,97.7393035888672,24.27104187011719
36489,-0.0653076171875,1.131546020507812,0.0031280517578125,0.0289283208549022,1.252497673034668,0.05862682685256,63.92941284179688,97.82101440429688,24.36824035644531
36490,-0.0531463623046875,1.194259643554688,-0.011505126953125,0.0585922077298164,1.276945471763611,0.0202908907085657,63.30975341796875,97.92779541015624,24.68203735351562
36491,-0.0531463623046875,1.194259643554688,-0.011505126953125,0.0585922077298164,1.276945471763611,0.0202908907085657,63.30975341796875,97.92779541015624,24.68203735351562
36492,-0.0363006591796875,1.222061157226562,-0.0232696533203125,0.0942577943205833,1.249391078948975,-0.0285240523517131,62.96897888183594,97.99371337890624,24.82881164550781
36493,-0.0069122314453125,1.201812744140625,-0.0130615234375,0.1248375400900841,1.272584557533264,-0.0543465949594974,62.76368713378906,98.13101196289062,24.946533203125
36494,0.0506439208984375,1.257980346679688,-0.069366455078125,0.2865771651268005,0.9350491762161256,-0.1015782877802849,62.02116394042969,98.25343322753906,25.19143676757812
36495,0.0506439208984375,1.257980346679688,-0.069366455078125,0.2865771651268005,0.9350491762161256,-0.1015782877802849,62.02116394042969,98.25343322753906,25.19143676757812
36496,0.1522064208984375,1.259841918945312,0.15020751953125,0.4095297157764435,0.8912031650543213,0.0108566423878073,61.60092163085938,98.37117004394533,25.336669921875
36497,0.17047119140625,1.340896606445312,0.2722320556640625,0.3583291172981262,0.9986963272094728,0.0340642258524894,61.40147399902344,98.48703002929688,25.05679321289062
36498,0.164031982421875,1.320846557617188,0.1322784423828125,-0.1081080958247185,0.5393087863922119,0.0748257711529731,60.85722351074219,98.60554504394533,24.83116149902344
36499,0.164031982421875,1.320846557617188,0.1322784423828125,-0.1081080958247185,0.5393087863922119,0.0748257711529731,60.85722351074219,98.60554504394533,24.83116149902344
36500,0.17138671875,1.335556030273438,0.1988983154296875,-0.2153085768222809,0.422670304775238,0.0973166972398757,60.67781066894531,98.64768981933594,24.90159606933594
36501,0.1439056396484375,1.342849731445312,0.2401885986328125,-0.1499482244253159,0.5165890455245972,0.0825875550508499,60.56271362304688,98.554443359375,25.1805419921875
36502,0.0700836181640625,1.263931274414062,0.2563018798828125,0.1402348726987839,0.2557960748672485,0.0915120765566825,60.4757080078125,98.516357421875,25.35818481445312
36503,0.0700836181640625,1.263931274414062,0.2563018798828125,0.1402348726987839,0.2557960748672485,0.0915120765566825,60.4757080078125,98.516357421875,25.35818481445312
36504,0.0715789794921875,1.189727783203125,0.2947998046875,0.1779582798480988,0.0863348916172981,0.1142778396606445,60.39143371582031,98.56033325195312,25.204345703125
36505,0.085296630859375,1.098037719726562,0.3118896484375,0.1326880007982254,-0.0642543509602546,0.1160416528582573,60.41960144042969,98.56379699707033,25.22642517089844
36506,0.0934295654296875,0.9808197021484376,0.331878662109375,0.0675838366150856,-0.2041203826665878,0.0883394479751586,60.4398193359375,98.56033325195312,25.22920227050781
36507,0.104736328125,0.8887786865234375,0.3850555419921875,0.1415304988622665,-0.1832928657531738,0.0974828824400901,60.52413940429688,98.45559692382812,25.21168518066406
36508,0.1121673583984375,0.83282470703125,0.43316650390625,0.1415304988622665,-0.1832928657531738,0.0974828824400901,60.63716125488281,98.53034973144533,25.24540710449219
36509,0.097198486328125,0.7982177734375,0.4615325927734375,0.2143655568361282,0.03038533590734,0.1245254203677177,60.62078857421875,98.69410705566406,25.17524719238281
36510,0.014617919921875,0.7797698974609375,0.4658203125,0.2191209048032761,0.6355221271514893,0.1269885748624802,60.55908203125,99.05474853515624,25.01870727539062
36511,0.014617919921875,0.7797698974609375,0.4658203125,0.2191209048032761,0.6355221271514893,0.1269885748624802,60.55908203125,99.05474853515624,25.01870727539062
36512,-0.022857666015625,0.803924560546875,0.4538726806640625,0.1856851726770401,0.937476634979248,0.1092860102653503,60.5281982421875,99.16818237304688,24.90110778808594
36513,-0.060638427734375,0.8464508056640625,0.4664764404296875,0.102158859372139,1.183560729026794,0.0637243837118148,60.30690002441406,99.22837829589844,24.88526916503906
36514,-0.1110382080078125,0.89166259765625,0.4689178466796875,-0.0449541583657264,1.337320923805237,0.0031941954512149,60.03167724609375,99.21861267089844,24.63055419921875
36515,-0.1550750732421875,0.9191741943359376,0.4601287841796875,-0.3765235841274261,1.185514450073242,-0.0760766565799713,59.76197814941406,99.10601806640624,24.46453857421875
36516,-0.168212890625,0.95489501953125,0.34942626953125,-0.3664829134941101,0.7379017472267151,-0.0774846747517585,59.38825988769531,98.96878051757812,24.20997619628906
36517,-0.162750244140625,0.9981689453125,0.25433349609375,-0.3664829134941101,0.7379017472267151,-0.0774846747517585,58.99990844726562,98.5947723388672,24.08840942382812
36518,-0.1331939697265625,1.004409790039062,0.2210845947265625,-0.2558980882167816,0.3146141171455383,-0.0471014641225338,58.71867370605469,98.27400207519533,24.07679748535156
36519,-0.04638671875,1.00946044921875,0.1998291015625,-0.1099715083837509,0.062389075756073,-0.0033542513847351,58.61546325683594,98.06634521484376,24.04270935058594
36520,0.0411376953125,1.016891479492188,0.1785888671875,-0.1099715083837509,0.062389075756073,-0.0033542513847351,58.45700073242188,97.96043395996094,24.15180969238281
36521,0.1732330322265625,0.9808349609375,0.1240997314453125,-0.1947929263114929,0.5268792510032654,0.1089270189404488,58.51835632324219,97.81344604492188,24.33815002441406
36522,0.1732330322265625,0.9808349609375,0.1240997314453125,-0.1947929263114929,0.5268792510032654,0.1089270189404488,58.51835632324219,97.81344604492188,24.33815002441406
36523,0.2115631103515625,0.958770751953125,0.1003875732421875,-0.1947929263114929,0.5268792510032654,0.1089270189404488,58.50166320800781,97.65324401855467,24.32000732421875
36524,0.2281036376953125,0.9412841796875,0.125885009765625,-0.1349362432956696,0.7287819981575012,0.0953110754489898,58.37448120117188,97.6223602294922,24.34284973144531
36525,0.2110443115234375,0.88836669921875,0.077178955078125,0.1041317284107208,0.8134974241256714,0.1147028803825378,58.23735046386719,97.69703674316406,24.42390441894531
36526,0.1755523681640625,0.83154296875,-0.03167724609375,0.3650405406951904,0.7129799127578735,0.1663753986358643,58.11383056640625,97.67521667480467,24.43443298339844
36527,0.1057891845703125,0.7626953125,-0.0723876953125,0.7010457515716553,0.3929654061794281,0.3020160496234894,58.00735473632812,97.57177734375,24.44488525390625
36528,0.025970458984375,0.7505645751953125,0.0076904296875,0.7010457515716553,0.3929654061794281,0.3020160496234894,57.804443359375,97.55758666992188,24.3736572265625
36529,0.0089111328125,0.7448577880859375,-0.02264404296875,0.8432896733283997,0.435074508190155,0.2990583479404449,57.7637939453125,97.917724609375,24.13957214355469
36530,-0.0316314697265625,0.79156494140625,-0.0615234375,0.7560775279998779,0.3403844833374023,0.2316803634166718,57.6773681640625,98.082763671875,23.79122924804688
36531,-0.0706787109375,0.8183746337890625,0.01416015625,0.5551415085792542,0.2531206905841827,0.1522137671709061,57.62660217285156,98.41374206542967,23.40065002441406
36532,-0.0999908447265625,0.81298828125,0.0927886962890625,0.3563525080680847,0.201137363910675,0.103305883705616,57.64688110351562,98.63636779785156,23.22047424316406
36533,-0.10931396484375,0.775604248046875,0.1096343994140625,0.1574562042951584,0.0795603394508361,0.0613126270473003,57.6043701171875,98.773193359375,22.95895385742188
36534,-0.1002349853515625,0.7521209716796875,0.1121368408203125,-0.0157486032694578,-0.0651054978370666,0.0422244183719158,57.60821533203125,98.81512451171876,22.87513732910156
36535,-0.05706787109375,0.758575439453125,0.0948028564453125,-0.1664566248655319,-0.2163999527692795,-0.0002700445184018,57.56089782714844,98.77767944335938,22.74032592773438
36536,-0.0265655517578125,0.808502197265625,0.07574462890625,-0.3853056132793427,-0.3358509838581085,-0.0816607773303985,57.6904296875,98.75621032714844,22.9271240234375
36537,-0.034271240234375,0.834503173828125,0.075347900390625,-0.3853056132793427,-0.3358509838581085,-0.0816607773303985,57.73625183105469,98.68057250976562,22.97709655761719
36538,-0.0356597900390625,0.84722900390625,0.05181884765625,-0.2238075286149979,-0.2644332647323608,-0.0593179166316986,57.82423400878906,98.55380249023438,23.28292846679688
36539,-0.0356597900390625,0.84722900390625,0.05181884765625,-0.2238075286149979,-0.2644332647323608,-0.0593179166316986,57.82423400878906,98.55380249023438,23.28292846679688
36540,-0.0373382568359375,0.8577423095703125,0.02044677734375,-0.2238075286149979,-0.2644332647323608,-0.0593179166316986,57.95297241210938,98.26788330078124,23.55789184570312
36541,-0.0355987548828125,0.8779144287109375,0.0063629150390625,-0.0842706710100174,-0.2804681360721588,-0.0099833915010094,58.05842590332031,98.14276123046876,23.67800903320312
36542,-0.026153564453125,0.894683837890625,-0.00262451171875,-0.0842706710100174,-0.2804681360721588,-0.0099833915010094,58.07388305664062,98.04562377929688,23.76533508300781
36543,-0.0131072998046875,0.902923583984375,-0.0219268798828125,-0.0495896562933921,-0.3296367526054382,0.0121397534385323,58.1353759765625,98.03013610839844,23.66180419921875
36544,-0.0034637451171875,0.917938232421875,-0.027313232421875,-0.0159470085054636,-0.3843527436256409,0.0320194512605667,58.30690002441406,98.01815795898438,23.55023193359375
36545,-0.0007476806640625,0.9377288818359376,-0.03662109375,0.0080352891236543,-0.4511280357837677,0.0481933616101741,58.37344360351562,97.94602966308594,23.61494445800781
36546,0.0053253173828125,0.9505462646484376,-0.0337982177734375,0.026797791942954,-0.5277647376060486,0.0591711774468421,58.62033081054688,97.86549377441406,23.39678955078125
36547,0.008056640625,0.95538330078125,-0.0060272216796875,0.0478612668812274,-0.5835958123207092,0.070680558681488,58.709228515625,97.78640747070312,23.33865356445312
36548,0.0062255859375,0.9591827392578124,0.0396575927734375,0.0714768469333648,-0.5784053206443787,0.1009670943021774,58.81526184082031,97.70346069335938,23.265625
36549,0.0233612060546875,0.96209716796875,0.07525634765625,0.0941821560263633,-0.5844131112098694,0.11550422757864,58.98773193359375,97.64491271972656,23.1768798828125
36550,0.0251617431640625,0.990447998046875,0.1585693359375,0.0866792351007461,-0.5799137353897095,0.1440746188163757,59.43402099609375,97.53927612304688,23.12498474121094
36551,0.0251617431640625,0.990447998046875,0.1585693359375,0.0866792351007461,-0.5799137353897095,0.1440746188163757,59.43402099609375,97.53927612304688,23.12498474121094
36552,0.0185394287109375,1.015594482421875,0.179595947265625,0.0474801659584045,-0.5215156674385071,0.1501748561859131,59.57063293457031,97.49684143066406,23.021728515625
36553,0.0057220458984375,1.043548583984375,0.168701171875,0.0047606667503714,-0.4463987946510315,0.1299974173307419,59.74932861328125,97.56190490722656,22.97334289550781
36554,-0.0279541015625,1.070388793945312,0.12884521484375,-0.0407168045639991,-0.3181550800800323,0.0746902152895927,59.97175598144531,97.55685424804688,22.89997863769531
36555,-0.0823211669921875,1.123199462890625,0.068267822265625,-0.0407168045639991,-0.3181550800800323,0.0746902152895927,60.0382080078125,97.4572296142578,22.93751525878906
36556,-0.142333984375,1.185028076171875,-0.0177459716796875,-0.0278010051697492,-0.345383495092392,0.0577892623841762,60.19721984863281,97.26536560058594,22.86764526367188
36557,-0.1484527587890625,1.238693237304688,-0.09344482421875,0.02460334636271,-0.42554971575737,0.0325286500155925,60.30274963378906,97.31198120117188,22.77809143066406
36558,-0.1130523681640625,1.269775390625,-0.1681060791015625,0.2489299327135086,-0.622474730014801,-0.0755978226661682,60.39228820800781,97.41432189941406,22.76022338867188
36559,-0.0950469970703125,1.30035400390625,-0.2261505126953125,0.2489299327135086,-0.622474730014801,-0.0755978226661682,60.49620056152344,97.32354736328124,22.7548828125
36560,-0.087493896484375,1.330291748046875,-0.187255859375,0.4310664534568787,-0.7026164531707764,-0.1096252948045731,60.58624267578125,97.28627014160156,22.64337158203125
36561,-0.0989227294921875,1.350753784179688,-0.0101165771484375,0.6553711891174316,-0.6461052298545837,-0.0960021615028381,60.73211669921875,97.3812255859375,22.5355224609375
36562,-0.079437255859375,1.383346557617188,0.1381683349609375,0.8068283200263977,-0.5519680976867676,-0.0617046430706977,60.88447570800781,97.45133972167967,22.24482727050781
36563,-0.071197509765625,1.399169921875,0.2198028564453125,0.7572445273399353,-0.5686261653900146,-0.0638607367873191,60.95706176757812,97.6452178955078,21.81509399414062
36564,-0.087127685546875,1.3804931640625,0.3193206787109375,0.614476203918457,-0.629425048828125,-0.0721969678997993,61.08599853515625,97.88595581054688,21.44158935546875
36565,-0.0743865966796875,1.326431274414062,0.3940887451171875,0.5221449732780457,-0.5792364478111267,-0.0603661388158798,61.20524597167969,97.92404174804688,21.14190673828125
36566,-0.036224365234375,1.222976684570312,0.4109039306640625,0.3921832144260406,-0.4732591807842255,-0.1432407796382904,61.32261657714844,98.24752807617188,20.67399597167969
36567,-0.036224365234375,1.222976684570312,0.4109039306640625,0.3921832144260406,-0.4732591807842255,-0.1432407796382904,61.32261657714844,98.24752807617188,20.67399597167969
36568,-0.034698486328125,1.132568359375,0.4177093505859375,0.2966668307781219,-0.4570301175117493,-0.1725009381771088,61.4879150390625,98.2703857421875,20.40087890625
36569,-0.0151519775390625,1.045486450195312,0.4529266357421875,0.2061363905668259,-0.4739041924476624,-0.1971719264984131,61.53500366210938,98.43470764160156,20.15342712402344
36570,0.019439697265625,0.968170166015625,0.4764556884765625,0.1071355044841766,-0.5058980584144592,-0.2181288748979568,61.58735656738281,98.48057556152344,20.03744506835938
36571,0.0626068115234375,0.8962249755859375,0.46649169921875,-0.1296136528253555,-0.8349569439888,-0.1266703307628632,61.57305908203125,98.4927215576172,19.94297790527344
36572,0.13934326171875,0.8502655029296875,0.4307708740234375,-0.1296136528253555,-0.8349569439888,-0.1266703307628632,61.72175598144531,98.5417938232422,19.89694213867188
36573,0.227874755859375,0.8258056640625,0.41046142578125,-0.220935046672821,-1.099859118461609,-0.0416366606950759,61.7764892578125,98.63233947753906,19.918212890625
36574,0.3233795166015625,0.8332061767578125,0.4446563720703125,-0.4408993721008301,-0.944948673248291,0.1091363430023193,61.90287780761719,98.65370178222656,19.86320495605469
36575,0.4292144775390625,0.8857269287109375,0.4739532470703125,-0.5200698375701904,-0.5343643426895142,0.0969419926404953,62.09518432617188,98.70216369628906,20.10249328613281
36576,0.5296630859375,0.9744720458984376,0.46148681640625,-0.5224480032920837,-0.1004091650247574,0.0599134005606174,62.230224609375,98.67941284179688,20.35609436035156
36577,0.52587890625,1.033050537109375,0.41473388671875,-0.5224480032920837,-0.1004091650247574,0.0599134005606174,62.63066101074219,98.57220458984376,20.64695739746094
36578,0.4341888427734375,1.060470581054688,0.3453826904296875,-0.4504649043083191,0.2304523885250092,0.0682011544704437,62.82408142089844,98.54563903808594,21.08076477050781
36579,0.3379974365234375,1.079254150390625,0.294403076171875,-0.3154024183750153,0.4835293889045715,0.0956687331199646,62.98422241210938,98.55618286132812,21.2318115234375
36580,0.2606201171875,1.087066650390625,0.2230377197265625,-0.1669679433107376,0.7026668190956116,0.0925565659999847,63.0333251953125,98.41561889648438,21.39338684082031
36581,0.1994476318359375,1.062484741210938,0.12335205078125,-0.0504852794110775,0.817476212978363,0.0591203123331069,63.00578308105469,98.41268920898438,21.52604675292969
36582,0.06243896484375,1.015350341796875,0.02752685546875,-0.0169891025871038,0.644442081451416,-0.0412742011249065,62.79019165039062,98.495361328125,21.84759521484375
36583,0.06243896484375,1.015350341796875,0.02752685546875,-0.0169891025871038,0.644442081451416,-0.0412742011249065,62.79019165039062,98.495361328125,21.84759521484375
36584,-0.0584869384765625,0.979522705078125,0.061920166015625,-0.0383833423256874,0.5644356608390808,-0.0857777521014213,62.70091247558594,98.468994140625,21.96620178222656
36585,-0.1544952392578125,0.929229736328125,0.087646484375,-0.0185241494327783,0.558364987373352,-0.0937757566571235,62.55317687988281,98.60867309570312,22.09068298339844
36586,-0.2647552490234375,0.843994140625,0.0771484375,0.0640176013112068,0.6459196209907532,-0.1526212394237518,62.25736999511719,98.7359619140625,21.96617126464844
36587,-0.2647552490234375,0.843994140625,0.0771484375,0.0640176013112068,0.6459196209907532,-0.1526212394237518,62.25736999511719,98.7359619140625,21.96617126464844
36588,-0.28289794921875,0.8020172119140625,0.037353515625,0.0967182889580726,0.6470370888710022,-0.2127487510442734,61.94639587402344,98.66152954101562,22.13037109375
36589,-0.275177001953125,0.7598114013671875,0.00836181640625,0.1284855306148529,0.5894688367843628,-0.2552932798862457,61.70393371582031,98.71328735351562,22.10333251953125
36590,-0.2209930419921875,0.7152252197265625,0.06170654296875,0.1198720782995224,0.5390648245811462,-0.2756052017211914,61.2049560546875,98.7041473388672,22.09461975097656
36591,-0.2209930419921875,0.7152252197265625,0.06170654296875,0.1198720782995224,0.5390648245811462,-0.2756052017211914,61.2049560546875,98.7041473388672,22.09461975097656
36592,-0.1783294677734375,0.702880859375,0.0858612060546875,0.0644556879997253,0.5863572359085083,-0.2531904578208923,61.01715087890625,98.74429321289062,22.06768798828125
36593,-0.12091064453125,0.690338134765625,0.0844573974609375,0.0098771313205361,0.5868142247200012,-0.2053478211164474,60.72987365722656,98.8247528076172,21.9698486328125
36594,-0.0125732421875,0.688873291015625,0.10736083984375,-0.0916079506278038,0.5057955384254456,-0.0622971951961517,60.19927978515625,98.94985961914062,21.74894714355469
36595,-0.0125732421875,0.688873291015625,0.10736083984375,-0.0916079506278038,0.5057955384254456,-0.0622971951961517,60.19927978515625,98.94985961914062,21.74894714355469
36596,0.04638671875,0.6994171142578125,0.1156158447265625,-0.1406071782112122,0.5071020722389221,-0.002167280530557,60.00773620605469,98.9639892578125,21.81912231445312
36597,0.1463470458984375,0.7237701416015625,0.1282958984375,-0.1923414766788483,0.8070986866950989,0.1441387981176376,59.68724060058594,98.83619689941406,22.09188842773438
36598,0.1463470458984375,0.7237701416015625,0.1282958984375,-0.1923414766788483,0.8070986866950989,0.1441387981176376,59.68724060058594,98.83619689941406,22.09188842773438
36599,0.176544189453125,0.7569427490234375,0.1051483154296875,-0.049830138683319,1.015308618545532,0.1468528211116791,59.55818176269531,98.82090759277344,22.24130249023438
36600,0.2203521728515625,0.79888916015625,0.1919403076171875,-0.049830138683319,1.015308618545532,0.1468528211116791,59.43588256835938,98.70680236816406,22.2886962890625
36601,0.2022247314453125,0.8234710693359375,0.0459136962890625,0.1237464398145676,1.256348371505737,0.1279875189065933,59.26960754394531,98.63003540039062,22.43142700195312
36602,0.1513671875,0.8435211181640625,-0.183929443359375,-0.0303911957889795,0.8590393662452698,0.1505434364080429,59.07350158691406,98.6063232421875,22.51821899414062
36603,0.1197357177734375,0.8854522705078125,-0.0579986572265625,-0.2586741745471954,0.6305188536643982,0.1687618494033813,58.91693115234375,98.66194152832033,22.56912231445312
36604,0.1244354248046875,0.91717529296875,-0.0302734375,-0.1286663711071014,0.573390007019043,0.0953249186277389,58.702392578125,98.80348205566406,22.58383178710938
36605,0.0894775390625,0.920501708984375,-0.1060333251953125,-0.1286663711071014,0.573390007019043,0.0953249186277389,58.61972045898438,98.72645568847656,22.67588806152344
36606,0.04437255859375,0.928955078125,-0.105072021484375,0.0342977866530418,0.4788025319576263,0.0494048334658145,58.57646179199219,98.60458374023438,22.83554077148438
36607,0.0155029296875,0.9693603515625,-0.07696533203125,0.094990961253643,0.4731901884078979,0.0267586428672075,58.51605224609375,98.49717712402344,22.96112060546875
36608,-0.005157470703125,0.9996185302734376,-0.0561370849609375,0.0872768461704254,0.479158341884613,0.0147504499182105,58.34732055664062,98.44792175292967,23.16632080078125
36609,-0.018218994140625,1.022201538085938,-0.0319366455078125,0.1121078953146935,0.4723566174507141,-0.0165888294577598,58.26934814453125,98.5237274169922,23.17143249511719
36610,-0.0166778564453125,1.0396728515625,-0.0125274658203125,0.1121078953146935,0.4723566174507141,-0.0165888294577598,58.14350891113281,98.55166625976562,23.11363220214844
36611,-0.0028533935546875,1.06524658203125,-0.007232666015625,0.0594715811312198,0.0839367136359214,-0.0798447653651237,58.013671875,98.58412170410156,23.04997253417969
36612,0.00665283203125,1.089920043945312,0.0252838134765625,0.0594715811312198,0.0839367136359214,-0.0798447653651237,57.87693786621094,98.68862915039062,22.98731994628906
36613,0.0229034423828125,1.117355346679688,0.1053009033203125,-0.0495598278939724,0.0066419239155948,-0.0936236903071403,57.75987243652344,98.74055480957033,22.98851013183594
36614,0.04339599609375,1.146255493164062,0.1144561767578125,-0.1363780796527863,0.3137573897838593,-0.1456474810838699,57.67378234863281,98.79039001464844,22.97285461425781
36615,0.0618438720703125,1.190414428710938,0.03070068359375,-0.1363780796527863,0.3137573897838593,-0.1456474810838699,57.61653137207031,98.6969757080078,22.88055419921875
36616,0.0884552001953125,1.250274658203125,-0.061248779296875,-0.0893213599920272,0.3691918849945068,-0.175085261464119,57.64530944824219,98.77180480957033,22.93630981445312
36617,0.110137939453125,1.338592529296875,-0.1239013671875,0.0327899046242237,0.3062507510185242,-0.2070354670286179,57.49574279785156,98.68467712402344,23.08485412597656
36618,0.152496337890625,1.4508056640625,0.0255889892578125,0.4944161176681519,-0.2528141438961029,-0.2394139170646667,57.18899536132812,98.66766357421876,23.06436157226562
36619,0.152496337890625,1.4508056640625,0.0255889892578125,0.4944161176681519,-0.2528141438961029,-0.2394139170646667,57.18899536132812,98.66766357421876,23.06436157226562
36620,0.17572021484375,1.441574096679688,0.1791229248046875,0.4944161176681519,-0.2528141438961029,-0.2394139170646667,57.11474609375,98.70045471191406,23.05874633789062
36621,0.2038421630859375,1.448196411132812,0.245697021484375,0.5627086162567139,-0.7158446311950684,-0.1830875277519226,56.98640441894531,98.71038818359376,23.02267456054688
36622,0.2446746826171875,1.4296875,0.38519287109375,0.5697345733642578,-1.007998466491699,-0.1108839064836502,56.95269775390625,98.94761657714844,22.58326721191406
36623,0.2446746826171875,1.4296875,0.38519287109375,0.5697345733642578,-1.007998466491699,-0.1108839064836502,56.95269775390625,98.94761657714844,22.58326721191406
36624,0.2763519287109375,1.387481689453125,0.4854888916015625,0.5693311095237732,-1.214463472366333,-0.009532518684864,56.9705810546875,99.02078247070312,22.44078063964844
36625,0.3206634521484375,1.32177734375,0.5305328369140625,0.4984092712402344,-1.322076559066772,0.1098490059375763,57.06556701660156,99.18634033203124,22.28414916992188
36626,0.35205078125,1.208816528320312,0.5344390869140625,0.3248901963233948,-1.334615468978882,0.2457016408443451,57.28404235839844,99.3280029296875,22.05587768554688
36627,0.3468017578125,1.054107666015625,0.530853271484375,0.1221754401922226,-1.172550082206726,0.3779438436031342,57.96760559082031,99.58299255371094,21.50387573242188
36628,0.2538604736328125,0.88702392578125,0.4832916259765625,0.0359944850206375,-0.7586347460746765,0.3803989887237549,58.39634704589844,99.65217590332033,21.5284423828125
36629,0.12615966796875,0.755462646484375,0.3712158203125,0.1225432232022285,-0.4134789109230042,0.3208182454109192,58.64591979980469,99.79522705078124,21.543212890625
36630,0.0171966552734375,0.7320556640625,0.3602752685546875,0.2520903050899506,-0.130528450012207,0.2066269367933273,58.97148132324219,99.79074096679688,21.52407836914062
36631,-0.059478759765625,0.7261810302734375,0.362823486328125,0.3737837076187134,0.0503326803445816,0.06938386708498,59.05679321289062,99.94410705566406,21.36248779296875
36632,-0.116455078125,0.763153076171875,0.4035186767578125,0.3728784918785095,0.1710066348314285,-0.0424739569425582,59.12535095214844,99.94796752929688,21.45553588867188
36633,-0.1612701416015625,0.839996337890625,0.4676513671875,0.1793886721134186,0.3484117686748505,-0.1740460991859436,59.08889770507812,100.188720703125,21.22787475585938
36634,-0.222412109375,0.9390716552734376,0.49041748046875,-0.1480070352554321,0.5514717102050781,-0.3377492725849152,58.88584899902344,100.2717742919922,21.02761840820312
36635,-0.261444091796875,1.022186279296875,0.43280029296875,-0.622616171836853,0.4658449292182922,-0.450690746307373,58.60362243652344,100.3013763427734,20.65130615234375
36636,-0.27545166015625,1.050491333007812,0.31256103515625,-0.622616171836853,0.4658449292182922,-0.450690746307373,58.3338623046875,99.8730926513672,20.40055847167969
36637,-0.1790618896484375,1.061904907226562,0.16827392578125,-0.5425003170967102,-0.2432765662670135,-0.1197005659341812,57.81483459472656,98.92633056640624,20.44683837890625
36638,-0.0391845703125,1.0699462890625,0.1424713134765625,-0.4210313856601715,-0.4516580104827881,-0.0072182319127023,57.71064758300781,98.42913818359376,20.83299255371094
36639,-0.0391845703125,1.0699462890625,0.1424713134765625,-0.4210313856601715,-0.4516580104827881,-0.0072182319127023,57.71064758300781,98.42913818359376,20.83299255371094
36640,0.0691986083984375,1.04925537109375,0.129669189453125,-0.3047553896903992,-0.466427356004715,0.0334458425641059,57.87686157226562,98.25025939941406,21.22575378417969
36641,0.16839599609375,1.016464233398438,0.1049346923828125,-0.2496583014726639,-0.2160830348730087,0.0497806072235107,58.08270263671875,98.23480224609376,21.43507385253906
36642,0.235595703125,0.9747161865234376,0.0972137451171875,-0.2496583014726639,-0.2160830348730087,0.0497806072235107,58.18412780761719,98.28883361816406,21.53788757324219
36643,0.2593536376953125,0.9426422119140624,0.0731048583984375,-0.2646236717700958,-0.1033873781561852,0.0209380388259887,58.17147827148438,98.26904296875,21.43748474121094
36644,0.259552001953125,0.88995361328125,0.0336151123046875,-0.2745415568351746,-0.1648448705673218,0.0023718113079667,58.32183837890625,98.30628967285156,21.28250122070312
36645,0.2353057861328125,0.846343994140625,0.032989501953125,-0.2474659830331802,-0.2886786758899689,-0.0085753789171576,58.37203979492188,98.2562255859375,21.53590393066406
36646,0.1897735595703125,0.7887725830078125,-0.0153045654296875,-0.0341643616557121,-0.4581159055233002,-0.0118380170315504,58.51780700683594,98.04734802246094,21.70022583007812
36647,0.1897735595703125,0.7887725830078125,-0.0153045654296875,-0.0341643616557121,-0.4581159055233002,-0.0118380170315504,58.51780700683594,98.04734802246094,21.70022583007812
36648,0.14727783203125,0.7807769775390625,-0.0482940673828125,0.083695963025093,-0.6084604263305664,-0.0234659109264612,58.62852478027344,98.04400634765624,21.72714233398438
36649,0.0354766845703125,0.7756195068359375,0.0331268310546875,0.2069877982139587,-0.6867743730545044,-0.0358035378158092,59.03144836425781,97.91398620605467,21.53976440429688
36650,0.0354766845703125,0.7756195068359375,0.0331268310546875,0.2069877982139587,-0.6867743730545044,-0.0358035378158092,59.03144836425781,97.91398620605467,21.53976440429688
36651,-0.01385498046875,0.7646331787109375,0.0679779052734375,0.1829067021608353,-0.628361165523529,-0.0391516648232936,59.09124755859375,98.05018615722656,21.49986267089844
36652,-0.0557708740234375,0.7604217529296875,0.0938568115234375,0.1152030229568481,-0.5598031282424927,-0.0500075072050094,59.3406982421875,98.18966674804688,21.34912109375
36653,-0.1033477783203125,0.7479095458984375,0.132537841796875,0.0787536650896072,-0.455034077167511,-0.1164469867944717,59.51591491699219,98.08493041992188,21.28952026367188
36654,-0.1258087158203125,0.738677978515625,0.1172943115234375,0.1220758408308029,-0.480544775724411,-0.1480352729558945,59.60858154296875,98.14122009277344,21.18341064453125
36655,-0.1258087158203125,0.738677978515625,0.1172943115234375,0.1220758408308029,-0.480544775724411,-0.1480352729558945,59.60858154296875,98.14122009277344,21.18341064453125
36656,-0.1435546875,0.7455291748046875,0.094329833984375,0.0995987653732299,-0.552829384803772,-0.1656233221292496,59.6566162109375,98.28892517089844,21.07656860351562
36657,-0.15618896484375,0.7699737548828125,0.0805511474609375,0.0010287790792062,-0.6083051562309265,-0.1624395102262497,59.77021789550781,98.2619171142578,20.97520446777344
36658,-0.151519775390625,0.792388916015625,0.074798583984375,-0.1290288269519806,-0.6067458391189575,-0.1570159792900085,59.77835083007812,98.34185791015624,20.80790710449219
36659,-0.13702392578125,0.7911529541015625,0.061065673828125,-0.1385994255542755,-0.485625833272934,-0.1545011550188065,59.81668090820312,98.51480102539062,20.76643371582031
36660,-0.11175537109375,0.7822265625,0.019134521484375,-0.1385994255542755,-0.485625833272934,-0.1545011550188065,59.93997192382812,98.58992004394533,20.8287353515625
36661,-0.073272705078125,0.7737884521484375,-0.0308685302734375,-0.0664735659956932,-0.4530465602874756,-0.1107321083545685,60.05833435058594,98.47048950195312,20.89460754394531
36662,-0.0557098388671875,0.8119964599609375,-0.1269989013671875,-0.0664735659956932,-0.4530465602874756,-0.1107321083545685,60.08119201660156,98.46498107910156,21.01589965820312
36663,-0.0487518310546875,0.8388519287109375,-0.15692138671875,-0.1874822825193405,-0.6774229407310486,-0.0917861089110374,60.24568176269531,98.45816040039062,21.14601135253906
36664,-0.033172607421875,0.8493499755859375,-0.041107177734375,-0.1918210983276367,-0.7212388515472412,-0.0768348574638366,60.38011169433594,98.28543090820312,21.21139526367188
36665,-0.015655517578125,0.8847503662109375,0.035858154296875,-0.0628498047590255,-0.6392582654953003,-0.0816740915179252,60.463623046875,98.23526000976562,21.10971069335938
36666,-0.014007568359375,0.9073944091796876,0.08941650390625,0.170860156416893,-0.5318103432655334,-0.047506533563137,60.58671569824219,98.23388671875,21.16322326660156
36667,-0.01971435546875,0.9311676025390624,0.1319122314453125,0.170860156416893,-0.5318103432655334,-0.047506533563137,60.61758422851562,98.22483825683594,20.96565246582031
36668,-0.0268096923828125,0.9628448486328124,0.1790924072265625,0.1505026817321777,-0.5344144105911255,-0.0346490554511547,60.77937316894531,98.23736572265624,20.79307556152344
36669,-0.0333404541015625,1.018524169921875,0.2093658447265625,0.0684451013803482,-0.5111317038536072,-0.0355832949280738,60.87655639648438,98.23916625976562,20.79627990722656
36670,-0.0416412353515625,1.106369018554688,0.2187042236328125,-0.0377295352518558,-0.4256567656993866,-0.0626394152641296,61.01229858398438,98.28155517578124,20.66691589355469
36671,-0.096588134765625,1.18817138671875,0.19342041015625,-0.2744155824184418,-0.1524135023355484,-0.0286340415477752,61.08779907226562,98.11788940429688,20.73768615722656
36672,-0.148529052734375,1.243072509765625,0.1258544921875,-0.2744155824184418,-0.1524135023355484,-0.0286340415477752,61.13885498046875,97.99485778808594,20.83296203613281
36673,-0.16778564453125,1.288009643554688,0.013824462890625,-0.272609680891037,-0.087440900504589,-0.0205516144633293,61.17933654785156,97.96931457519533,20.81028747558594
36674,-0.1182098388671875,1.380477905273438,-0.1716156005859375,-0.0665734335780143,-0.3000799417495728,-0.1050992533564568,61.12197875976562,98.00460815429688,20.82894897460938
36675,-0.1182098388671875,1.380477905273438,-0.1716156005859375,-0.0665734335780143,-0.3000799417495728,-0.1050992533564568,61.12197875976562,98.00460815429688,20.82894897460938
36676,-0.0833282470703125,1.407485961914062,-0.1435394287109375,0.10771793872118,-0.3795891404151917,-0.1514955163002014,61.165283203125,97.9609832763672,20.86146545410156
36677,-0.094512939453125,1.43927001953125,-0.000640869140625,0.3812828958034515,-0.3978472352027893,-0.2140736728906631,61.24958801269531,97.7487335205078,20.6531982421875
36678,-0.094512939453125,1.43927001953125,-0.000640869140625,0.3812828958034515,-0.3978472352027893,-0.2140736728906631,61.24958801269531,97.7487335205078,20.6531982421875
36679,-0.1149444580078125,1.464080810546875,0.0518035888671875,0.3812828958034515,-0.3978472352027893,-0.2140736728906631,61.30180358886719,97.73844909667967,20.58941650390625
36680,-0.125946044921875,1.473495483398438,0.157257080078125,0.3199111521244049,-0.4684090316295624,-0.193930059671402,61.28732299804688,97.800048828125,20.55046081542969
36681,-0.121856689453125,1.438064575195312,0.242034912109375,0.2667299509048462,-0.5476931929588318,-0.1639764159917831,61.21427917480469,97.88621520996094,20.28024291992188
36682,-0.0886077880859375,1.371505737304688,0.29541015625,0.2972290217876434,-0.7204055786132812,-0.1513152122497559,61.26905822753906,97.96835327148438,19.9781494140625
36683,-0.0087127685546875,1.302658081054688,0.41925048828125,0.407659113407135,-0.7450224757194519,-0.1984808743000031,61.32157897949219,98.0753936767578,19.71173095703125
36684,0.0638580322265625,1.228286743164062,0.520050048828125,0.5184154510498047,-0.2696256041526794,-0.1482845395803452,61.40208435058594,98.24020385742188,19.54464721679688
36685,0.1305999755859375,1.152359008789062,0.46954345703125,0.5184154510498047,-0.2696256041526794,-0.1482845395803452,61.41795349121094,98.42091369628906,19.38334655761719
36686,0.2116851806640625,1.061309814453125,0.38580322265625,0.244172990322113,-0.6124436855316162,-0.1088969260454178,61.4185791015625,98.52058410644533,19.29244995117188
36687,0.296661376953125,0.949005126953125,0.4244537353515625,0.244172990322113,-0.6124436855316162,-0.1088969260454178,61.52940368652344,98.501708984375,19.25933837890625
36688,0.3550872802734375,0.8623199462890625,0.441864013671875,0.1915228217840195,-0.7454717755317688,-0.0776394009590148,61.54661560058594,98.5373077392578,18.98709106445312
36689,0.4065093994140625,0.8009185791015625,0.4036712646484375,0.1125161573290825,-0.8099237680435181,-0.0398619286715984,61.63719177246094,98.61375427246094,18.84466552734375
36690,0.458526611328125,0.7617340087890625,0.3753814697265625,-0.0014399711508303,-0.7593274116516113,0.0032245554029941,61.80772399902344,98.77256774902344,18.63786315917969
36691,0.4958038330078125,0.76629638671875,0.34918212890625,-0.1852297782897949,-0.4822734296321869,0.0799670070409774,61.97947692871094,98.68797302246094,18.57173156738281
36692,0.51043701171875,0.8165283203125,0.322662353515625,-0.1852297782897949,-0.4822734296321869,0.0799670070409774,62.13490295410156,98.74386596679688,18.57415771484375
36693,0.4731903076171875,0.8961181640625,0.2811737060546875,-0.2627895474433899,-0.4060263335704803,0.1298370957374573,62.32026672363281,98.70480346679688,18.60691833496094
36694,0.2423858642578125,0.9781951904296876,0.1798553466796875,-0.3434881269931793,-0.5210184454917908,0.4052476286888123,62.77189636230469,98.62809753417967,18.95944213867188
36695,0.2423858642578125,0.9781951904296876,0.1798553466796875,-0.3434881269931793,-0.5210184454917908,0.4052476286888123,62.77189636230469,98.62809753417967,18.95944213867188
36696,0.16943359375,0.9935302734375,0.15594482421875,-0.3434881269931793,-0.5210184454917908,0.4052476286888123,62.92831420898438,98.57102966308594,19.22454833984375
36697,0.1367034912109375,1.024581909179688,0.135833740234375,-0.2503975927829742,-0.4709395468235016,0.4200223088264465,63.16978454589844,98.55769348144533,19.35249328613281
36698,0.108673095703125,1.039825439453125,0.1385955810546875,-0.1436450481414795,-0.3938141465187073,0.3901887834072113,63.39457702636719,98.60368347167967,19.53181457519531
36699,0.098785400390625,1.030548095703125,0.1483306884765625,-0.0380587019026279,-0.3273152709007263,0.298904687166214,63.68844604492188,98.61668395996094,19.7724609375
36700,0.073638916015625,0.9892578125,0.1587677001953125,0.009777795523405,-0.3017065823078156,0.1735637933015823,64.05157470703125,98.80238342285156,19.93560791015625
36701,0.0186920166015625,0.931488037109375,0.171356201171875,0.0163645930588245,-0.3066499531269073,0.0735868662595748,64.22642517089844,98.9262237548828,20.04579162597656
36702,-0.0310211181640625,0.881591796875,0.176422119140625,-0.0048320395871996,-0.3211956024169922,-0.0003491404058877,64.38508605957031,99.0294952392578,20.21473693847656
36703,-0.0750274658203125,0.8491668701171875,0.1576995849609375,-0.0506160408258438,-0.3489619791507721,-0.065792329609394,64.54058837890625,99.21304321289062,20.23516845703125
36704,-0.117095947265625,0.82196044921875,0.1137237548828125,-0.1097456738352776,-0.3891754448413849,-0.1130658313632011,64.6209716796875,99.14651489257812,20.19107055664062
36705,-0.1354217529296875,0.7902984619140625,0.0551300048828125,-0.1482251584529877,-0.4746525287628174,-0.1463159322738647,64.73411560058594,99.12802124023438,20.29661560058594
36706,-0.13201904296875,0.76885986328125,0.0169219970703125,-0.1482251584529877,-0.4746525287628174,-0.1463159322738647,64.78018188476562,99.12980651855467,20.35813903808594
36707,-0.11761474609375,0.750946044921875,9.1552734375e-05,-0.1110444962978363,-0.3185934126377106,-0.1102205142378807,64.78611755371094,99.22747802734376,20.43603515625
36708,-0.105743408203125,0.7403411865234375,-0.00213623046875,-0.1110444962978363,-0.3185934126377106,-0.1102205142378807,64.77560424804688,99.2747802734375,20.48979187011719
36709,-0.067047119140625,0.735931396484375,-0.03668212890625,-0.0876046866178512,-0.1267318427562714,0.0047622644342482,64.93585205078125,99.4525146484375,20.6915283203125
36710,-0.067047119140625,0.735931396484375,-0.03668212890625,-0.0876046866178512,-0.1267318427562714,0.0047622644342482,64.93585205078125,99.4525146484375,20.6915283203125
36711,-0.0386199951171875,0.7450103759765625,-0.0220794677734375,-0.1136884838342667,-0.0857822820544242,0.0588119179010391,65.06387329101562,99.6158447265625,20.67489624023438
36712,-0.0144195556640625,0.7526092529296875,-0.0043487548828125,-0.1574764400720596,-0.0505838133394718,0.0810415893793106,65.06362915039062,99.61172485351562,20.94284057617188
36713,0.0062408447265625,0.7656402587890625,0.003265380859375,-0.2091835737228394,-0.0361841022968292,0.0776644349098205,65.13392639160156,99.4903564453125,21.084228515625
36714,0.0240936279296875,0.784332275390625,0.0079345703125,-0.2559814453125,-0.019140139222145,0.042942140251398,65.24026489257812,99.43582153320312,21.18820190429688
36715,0.041839599609375,0.79998779296875,0.02459716796875,-0.2559814453125,-0.019140139222145,0.042942140251398,65.34829711914062,99.35777282714844,21.08370971679688
36716,0.069976806640625,0.818023681640625,0.0437469482421875,-0.2442062795162201,0.0360530763864517,0.0359739810228347,65.31430053710938,99.33042907714844,21.21864318847656
36717,0.1355133056640625,0.84515380859375,0.0346527099609375,-0.1049647629261017,0.2604614198207855,0.0466423369944095,65.36563110351562,99.2482452392578,21.52366638183594
36718,0.1355133056640625,0.84515380859375,0.0346527099609375,-0.1049647629261017,0.2604614198207855,0.0466423369944095,65.36563110351562,99.2482452392578,21.52366638183594
36719,0.171966552734375,0.8550567626953125,0.0146636962890625,-0.0417937859892845,0.3115645349025726,0.0439277775585651,65.36099243164062,99.04666137695312,21.89286804199219
36720,0.1771240234375,0.875335693359375,-0.0241851806640625,0.0533463135361671,0.3105096817016602,0.0340642258524894,65.33253479003906,99.0772705078125,22.17172241210938
36721,0.1134033203125,0.96624755859375,-0.0534515380859375,0.1877248883247375,0.3259767591953278,0.0016066851094365,65.3094482421875,99.09300231933594,22.05990600585938
36722,0.1134033203125,0.96624755859375,-0.0534515380859375,0.1877248883247375,0.3259767591953278,0.0016066851094365,65.3094482421875,99.09300231933594,22.05990600585938
36723,0.0761566162109375,1.0211181640625,-0.0624237060546875,0.2163887619972229,0.2948502898216248,-0.0131189981475472,65.17127990722656,99.02580261230467,22.19944763183594
36724,0.045196533203125,1.069168090820312,-0.0503387451171875,0.2121287733316422,0.266104131937027,-0.0274526625871658,65.16433715820312,99.06163024902344,22.20230102539062
36725,0.0218505859375,1.104782104492188,-0.0246734619140625,0.2121287733316422,0.266104131937027,-0.0274526625871658,65.16850280761719,99.16880798339844,22.18971252441406
36726,0.0115203857421875,1.129898071289062,0.010284423828125,0.1791535019874573,0.2442885637283325,-0.0583602450788021,64.95321655273438,99.25009155273438,22.07844543457031
36727,0.0053863525390625,1.149002075195312,0.035003662109375,0.0873833745718002,0.1038544923067093,-0.139213815331459,64.81010437011719,99.35430908203124,22.05070495605469
36728,0.0008697509765625,1.173065185546875,0.068023681640625,0.0873833745718002,0.1038544923067093,-0.139213815331459,64.7760009765625,99.3792724609375,21.9189453125
36729,0.01611328125,1.251007080078125,0.0883026123046875,-0.0245841722935438,0.0771810710430145,-0.1819929778575897,64.5406494140625,99.32821655273438,21.87606811523438
36730,0.01611328125,1.251007080078125,0.0883026123046875,-0.0245841722935438,0.0771810710430145,-0.1819929778575897,64.5406494140625,99.32821655273438,21.87606811523438
36731,0.0235748291015625,1.286788940429688,0.041290283203125,-0.0639803111553192,0.2159589231014252,-0.1619468182325363,64.53717041015625,99.35995483398438,21.69784545898438
36732,0.0368499755859375,1.335235595703125,-0.0322265625,-0.0639803111553192,0.2159589231014252,-0.1619468182325363,64.48617553710938,99.28317260742188,21.76058959960938
36733,0.06365966796875,1.398300170898438,-0.07550048828125,-0.0107482513412833,0.2039613872766495,-0.1367250978946686,64.45480346679688,99.22793579101562,21.88768005371094
36734,0.0967864990234375,1.455169677734375,-0.042327880859375,0.1882788240909576,0.0890547782182693,-0.0978027284145355,64.33653259277344,99.3415985107422,21.83526611328125
36735,0.1295013427734375,1.497314453125,0.0518341064453125,0.1882788240909576,0.0890547782182693,-0.0978027284145355,64.20669555664062,99.30949401855467,21.86192321777344
36736,0.1489105224609375,1.512252807617188,0.1461029052734375,0.2616142928600311,-0.0101160174235701,-0.101161502301693,64.16886901855469,99.39411926269533,21.86776733398438
36737,0.15203857421875,1.478347778320312,0.2276763916015625,0.3149334490299225,-0.2447780519723892,-0.0801755264401435,64.05461120605469,99.50531005859376,21.82278442382812
36738,0.1859283447265625,1.342041015625,0.370269775390625,0.3391501009464264,-0.3391596972942352,-0.0256510339677333,63.97792053222656,99.52360534667967,21.87051391601562
36739,0.1893463134765625,1.266494750976562,0.410858154296875,0.2703073918819427,-0.4587182998657227,0.0982685163617134,63.99508666992188,99.54832458496094,21.83596801757812
36740,0.1893463134765625,1.266494750976562,0.410858154296875,0.2703073918819427,-0.4587182998657227,0.0982685163617134,63.99508666992188,99.54832458496094,21.83596801757812
36741,0.196746826171875,1.192642211914062,0.445953369140625,0.2703073918819427,-0.4587182998657227,0.0982685163617134,63.9613037109375,99.59893798828124,21.74368286132812
36742,0.182342529296875,1.095382690429688,0.4473114013671875,0.1786594986915588,-0.3456958830356598,0.1482925266027451,64.09584045410156,99.75260925292967,21.51693725585938
36743,0.1103973388671875,0.9422760009765624,0.39178466796875,0.1645732372999191,-0.2274848222732544,0.1076593548059464,64.15896606445312,99.85317993164062,21.34861755371094
36744,0.0237579345703125,0.8157196044921875,0.3395233154296875,0.2274869531393051,-0.188621312379837,0.058269165456295,64.28228759765625,99.91456604003906,21.11729431152344
36745,-0.0258026123046875,0.785430908203125,0.3594512939453125,0.2849531769752502,-0.1595020443201065,0.0123826339840889,64.30238342285156,100.0618438720703,20.90257263183594
36746,-0.0607147216796875,0.78521728515625,0.3982391357421875,0.31280717253685,-0.0393426120281219,-0.0054879761300981,64.41647338867188,100.1875,20.71733093261719
36747,-0.09527587890625,0.781463623046875,0.3853912353515625,0.2637909054756165,0.0813622325658798,-0.0341848693788051,64.40126037597656,100.2806396484375,20.66586303710938
36748,-0.131103515625,0.777984619140625,0.410491943359375,0.1543805152177811,0.269877552986145,-0.0829207152128219,64.27084350585938,100.4139862060547,20.48960876464844
36749,-0.1580810546875,0.7895965576171875,0.4466552734375,-0.0181196145713329,0.525039792060852,-0.1289257556200027,64.16514587402344,100.5884094238281,20.30465698242188
36750,-0.1876068115234375,0.8075408935546875,0.485504150390625,-0.5277687311172485,1.172843098640442,-0.2465405315160751,63.97593688964844,100.6276397705078,20.25726318359375
36751,-0.2171478271484375,0.822723388671875,0.5241241455078125,-0.5277687311172485,1.172843098640442,-0.2465405315160751,63.78367614746094,100.6299896240234,20.04429626464844
36752,-0.2515411376953125,0.857513427734375,0.5196380615234375,-0.7679659128189087,1.409438610076904,-0.2951051592826843,63.34535217285156,100.3642425537109,20.08807373046875
36753,-0.268646240234375,0.887847900390625,0.4459381103515625,-0.8573107123374939,1.357839822769165,-0.3013140261173248,63.02665710449219,100.0673675537109,20.0726318359375
36754,-0.2570343017578125,0.9010772705078124,0.3160247802734375,-0.7493005990982056,0.933963656425476,-0.2127452939748764,62.70857238769531,99.4889678955078,20.14212036132812
36755,-0.21014404296875,0.91558837890625,0.2602691650390625,-0.4580485224723816,0.0306583102792501,-0.0416188165545463,62.44145202636719,98.71713256835938,20.27134704589844
36756,-0.1074066162109375,0.920501708984375,0.2332916259765625,-0.4580485224723816,0.0306583102792501,-0.0416188165545463,62.12013244628906,98.18547058105467,20.45939636230469
36757,-0.040313720703125,0.91650390625,0.1845703125,-0.3751086294651031,-0.2496694922447205,-0.023533821105957,61.9510498046875,97.9920654296875,20.7236328125
36758,0.040283203125,0.88995361328125,0.144439697265625,-0.379940927028656,-0.3453342318534851,0.0064278054051101,61.93620300292969,97.86856079101562,21.02603149414062
36759,0.1286468505859375,0.8475799560546875,0.1381072998046875,-0.4425771534442902,-0.207375556230545,0.0643504932522773,61.94662475585938,97.7954559326172,21.28076171875
36760,0.200592041015625,0.8352813720703125,0.1377105712890625,-0.5867764353752136,0.1442916691303253,0.1103526055812836,62.02919006347656,97.71749877929688,21.33842468261719
36761,0.2425537109375,0.808258056640625,0.12139892578125,-0.7062863111495972,0.5778521299362183,0.136642798781395,62.09524536132812,97.62432861328124,21.65086364746094
36762,0.2545013427734375,0.757293701171875,0.0256805419921875,-0.7077321410179138,0.8632431626319885,0.1569696366786957,62.20591735839844,97.46051025390624,21.89654541015625
36763,0.2305755615234375,0.7264862060546875,-0.0489349365234375,-0.576816201210022,0.9202912449836732,0.1679384112358093,62.17489624023438,97.31907653808594,22.21784973144531
36764,0.1925811767578125,0.7022857666015625,-0.112335205078125,-0.0967092290520668,0.5374064445495605,0.1447784900665283,62.05534362792969,97.14186096191406,22.51405334472656
36765,0.0937957763671875,0.7040863037109375,-0.129974365234375,0.2801831960678101,0.1051192283630371,0.0787917524576187,61.80848693847656,97.13072204589844,22.78547668457031
36766,0.0937957763671875,0.7040863037109375,-0.129974365234375,0.2801831960678101,0.1051192283630371,0.0787917524576187,61.80848693847656,97.13072204589844,22.78547668457031
36767,-0.0079498291015625,0.74395751953125,-0.1280517578125,0.2801831960678101,0.1051192283630371,0.0787917524576187,61.69662475585938,97.13047790527344,22.87403869628906
36768,-0.08624267578125,0.7767181396484375,-0.0593719482421875,0.2838937640190125,-0.142412006855011,0.0661662369966507,61.55473327636719,97.01643371582033,22.97166442871094
36769,-0.1417083740234375,0.7898712158203125,0.07208251953125,0.2147509157657623,-0.2136904448270798,0.0432516001164913,61.60395812988281,96.96337890625,22.74810791015625
36770,-0.17626953125,0.790679931640625,0.1296234130859375,0.1021199747920036,-0.2012383043766022,0.0246174614876508,61.58909606933594,97.0712890625,22.56971740722656
36771,-0.18841552734375,0.787078857421875,0.1418609619140625,-0.0239154528826475,-0.2565351128578186,0.0175307895988225,61.59550476074219,97.0946807861328,22.48626708984375
36772,-0.1862030029296875,0.7855377197265625,0.17864990234375,-0.1062103286385536,-0.3226709961891174,0.0109748868271708,61.70968627929688,97.13552856445312,22.29803466796875
36773,-0.1816253662109375,0.7893524169921875,0.210906982421875,-0.139330193400383,-0.3369234204292297,-0.0047409594990313,61.75672912597656,97.11697387695312,22.39651489257812
36774,-0.1660614013671875,0.8129425048828125,0.207550048828125,-0.1520225554704666,-0.3222656548023224,-0.0243356991559267,61.85348510742188,97.078857421875,22.55317687988281
36775,-0.1552734375,0.84564208984375,0.17205810546875,-0.1864138245582581,-0.2942222952842712,-0.0119868880137801,61.98110961914062,97.14743041992188,22.51316833496094
36776,-0.1434326171875,0.8679962158203125,0.1129608154296875,-0.2108387351036072,-0.231420174241066,0.0184583701193332,62.10386657714844,96.96478271484376,22.69967651367188
36777,-0.124847412109375,0.8853912353515625,0.034942626953125,-0.113011509180069,-0.1356212049722672,0.0683992952108383,62.114990234375,96.9093780517578,22.77278137207031
36778,-0.1096343994140625,0.909881591796875,-0.031585693359375,-0.113011509180069,-0.1356212049722672,0.0683992952108383,62.19903564453125,97.02102661132812,22.72247314453125
36779,-0.0956573486328125,0.934814453125,-0.061553955078125,-0.0121224429458379,-0.1247496530413628,0.0847625583410263,62.2696533203125,96.95687866210938,22.69364929199219
36780,-0.095916748046875,0.9629058837890624,-0.0409088134765625,0.0975635722279548,-0.1170600429177284,0.097483679652214,62.25968933105469,96.87629699707033,22.94520568847656
36781,-0.10748291015625,0.9949798583984376,0.0160369873046875,0.1953908056020737,-0.0997239276766777,0.1076665446162224,62.33157348632812,96.86888122558594,22.91203308105469
36782,-0.11480712890625,1.066436767578125,0.1397247314453125,0.2546373605728149,-0.0788436830043792,0.159648522734642,62.44453430175781,96.8123016357422,22.7821044921875
36783,-0.11480712890625,1.066436767578125,0.1397247314453125,0.2546373605728149,-0.0788436830043792,0.159648522734642,62.44453430175781,96.8123016357422,22.7821044921875
36784,-0.101898193359375,1.10089111328125,0.1880645751953125,0.2096277922391891,-0.0690943822264671,0.2030591070652008,62.63038635253906,96.88029479980467,22.61332702636719
36785,-0.07568359375,1.12957763671875,0.22625732421875,0.1297550648450851,0.0001403485948685,0.2390357553958893,62.63365173339844,96.90264892578124,22.43325805664062
36786,-0.040802001953125,1.160430908203125,0.2517852783203125,0.0123352296650409,0.1288155019283295,0.2529512941837311,62.7991943359375,96.99235534667967,22.29396057128906
36787,-0.0197296142578125,1.192901611328125,0.255859375,-0.1019498035311699,0.3518674969673157,0.2477040737867355,62.84222412109375,96.86564636230467,22.33267211914062
36788,-0.0135345458984375,1.2467041015625,0.210418701171875,-0.1898708641529083,0.5384355187416077,0.2443743199110031,62.86708068847656,96.74313354492188,22.29058837890625
36789,-0.0335693359375,1.388031005859375,-0.0034942626953125,-0.2322247177362442,0.5262587070465088,0.1936815828084946,62.73440551757812,96.54055786132812,22.48818969726562
36790,-0.0335693359375,1.388031005859375,-0.0034942626953125,-0.2322247177362442,0.5262587070465088,0.1936815828084946,62.73440551757812,96.54055786132812,22.48818969726562
36791,-0.051544189453125,1.4581298828125,-0.1128082275390625,-0.1747672855854034,0.248157873749733,0.1294131129980087,62.83023071289062,96.39500427246094,22.58599853515625
36792,-0.1111602783203125,1.505416870117188,-0.0465545654296875,-0.0104811368510127,0.0333614200353622,0.0775781497359275,62.76622009277344,96.2698211669922,22.57154846191406
36793,-0.1663055419921875,1.522903442382812,0.10784912109375,0.2117695063352585,0.0826850235462188,0.0770753398537635,62.63047790527344,96.42088317871094,22.53329467773438
36794,-0.1758575439453125,1.539230346679688,0.221221923828125,0.388793021440506,0.1961926817893982,0.0933198258280754,62.71022033691406,96.54454040527344,22.2734375
36795,-0.178863525390625,1.539169311523438,0.30328369140625,0.448523998260498,0.1866021007299423,0.0809691548347473,62.68824768066406,96.5399169921875,22.2064208984375
36796,-0.162628173828125,1.493743896484375,0.378875732421875,0.4019240140914917,0.0993265882134437,0.0518054068088531,62.79501342773438,96.4980926513672,22.04669189453125
36797,-0.1368255615234375,1.40545654296875,0.468902587890625,0.3336051404476166,0.0156966708600521,0.0211692005395889,62.73759460449219,96.55416870117188,21.92530822753906
36798,-0.0557403564453125,1.20166015625,0.5606231689453125,0.2365169376134872,0.1366803497076035,-0.0455802679061889,62.67166137695312,96.74359130859376,21.69552612304688
36799,-0.0557403564453125,1.20166015625,0.5606231689453125,0.2365169376134872,0.1366803497076035,-0.0455802679061889,62.67166137695312,96.74359130859376,21.69552612304688
36800,0.0287322998046875,1.040237426757812,0.6996612548828125,0.2427553832530975,0.4598320424556732,-0.0249540861696004,62.63774108886719,96.76730346679688,21.70181274414062
36801,0.1202850341796875,0.947113037109375,0.5752105712890625,0.3357673585414886,0.958707630634308,0.048496164381504,62.6055908203125,96.7852783203125,21.68879699707031
36802,0.14678955078125,0.86865234375,0.2007904052734375,0.2158958166837692,0.6206153035163879,0.104726143181324,62.46620178222656,96.90646362304688,21.61172485351562
36803,0.17828369140625,0.7638092041015625,0.27166748046875,0.1403874754905701,0.1727430075407028,0.1046393290162086,62.34730529785156,96.98225402832033,21.5775146484375
36804,0.2009429931640625,0.67364501953125,0.42144775390625,0.2545116543769836,0.1904564946889877,0.1120322644710541,62.24522399902344,97.01995849609376,21.50837707519531
36805,0.198516845703125,0.6598052978515625,0.382080078125,0.3257826268672943,0.2950263023376465,0.1368174999952316,62.27532958984375,97.06588745117188,21.61566162109375
36806,0.2047271728515625,0.720550537109375,0.3732757568359375,0.2553476095199585,0.3185998201370239,0.1476014405488968,62.26234436035156,97.21022033691406,21.56613159179688
36807,0.2192535400390625,0.802337646484375,0.392822265625,0.0646738037467002,0.2893250286579132,0.1692502796649933,62.19044494628906,97.338623046875,21.50730895996094
36808,0.21240234375,0.89794921875,0.414459228515625,-0.1863613575696945,0.2712794542312622,0.1868769377470016,62.11936950683594,97.42495727539062,21.629638671875
36809,0.1716156005859375,0.954345703125,0.3884124755859375,-0.4085616767406464,0.3022128641605377,0.1953636407852173,62.07066345214844,97.54627990722656,21.77117919921875
36810,0.11895751953125,1.017868041992188,0.2226104736328125,-0.5604180097579956,0.1993858069181442,0.1366236209869385,62.17666625976562,97.39218139648438,22.10061645507812
36811,0.11895751953125,1.017868041992188,0.2226104736328125,-0.5604180097579956,0.1993858069181442,0.1366236209869385,62.17666625976562,97.39218139648438,22.10061645507812
36812,0.097137451171875,1.0400390625,0.17071533203125,-0.4732165634632111,0.1450144499540329,0.0794096067547798,62.30039978027344,97.2703094482422,22.38154602050781
36813,0.0604705810546875,1.043716430664062,0.1623382568359375,-0.3106814324855804,0.2326875776052475,0.0702975988388061,62.38278198242188,97.161865234375,22.69407653808594
36814,0.0503997802734375,1.027313232421875,0.1574859619140625,0.0344261489808559,0.4565137326717377,0.1277606189250946,62.46966552734375,97.02845764160156,22.99404907226562
36815,0.014068603515625,0.983917236328125,0.166412353515625,0.0344261489808559,0.4565137326717377,0.1277606189250946,62.48385620117188,97.0751953125,23.26246643066406
36816,0.02020263671875,0.93017578125,0.1358795166015625,0.1621548235416412,0.4798129498958588,0.1831221580505371,62.29476928710938,97.0642547607422,23.38523864746094
36817,0.029998779296875,0.8328094482421875,0.119476318359375,0.2614896595478058,0.4032340049743652,0.0630615204572677,62.19302368164062,97.45176696777344,23.42828369140625
36818,0.029998779296875,0.8328094482421875,0.119476318359375,0.2614896595478058,0.4032340049743652,0.0630615204572677,62.19302368164062,97.45176696777344,23.42828369140625
36819,0.0013427734375,0.7901458740234375,0.1096649169921875,0.2505568563938141,0.4131553471088409,0.0126691898331046,62.13752746582031,97.60667419433594,23.40545654296875
36820,-0.0120391845703125,0.758148193359375,0.103271484375,0.2334471046924591,0.4372923672199249,-0.0160849597305059,61.96426391601562,97.68722534179688,23.34880065917969
36821,-0.034515380859375,0.729949951171875,0.0438079833984375,0.1805223673582077,0.4892131090164185,-0.041182056069374,61.78746032714844,98.02098083496094,23.17904663085938
36822,-0.034515380859375,0.729949951171875,0.0438079833984375,0.1805223673582077,0.4892131090164185,-0.041182056069374,61.78746032714844,98.02098083496094,23.17904663085938
36823,-0.048919677734375,0.7158355712890625,0.02374267578125,0.1397765427827835,0.4351812899112701,-0.0294247344136238,61.64349365234375,97.97825622558594,23.27064514160156
36824,-0.0603179931640625,0.702606201171875,0.031829833984375,0.0881559550762176,0.4010691344738007,-0.0161211788654327,61.49365234375,98.07508850097656,23.18937683105469
36825,-0.0566253662109375,0.6925811767578125,0.0423583984375,0.0552169159054756,0.3975966274738312,-0.0048125982284545,61.50027465820312,98.19476318359376,23.108642578125
36826,-0.0496368408203125,0.69451904296875,0.0482177734375,0.0353041961789131,0.4058556258678436,0.0084313014522194,61.3687744140625,98.15939331054688,22.99945068359375
36827,-0.033477783203125,0.7070465087890625,0.0529937744140625,0.0279067326337099,0.3968932926654816,0.0309435352683067,61.27256774902344,98.15031433105467,22.92631530761719
36828,-0.01025390625,0.723968505859375,0.0735931396484375,0.0121599938720464,0.4226665794849396,0.0589549280703067,61.127685546875,98.192626953125,23.00816345214844
36829,0.02191162109375,0.749176025390625,0.0954437255859375,-0.0022485069930553,0.4846268594264984,0.0836408361792564,61.09095764160156,98.2172393798828,23.17755126953125
36830,0.0630340576171875,0.7760162353515625,0.1033172607421875,-0.0128979552537202,0.5730531215667725,0.0879977643489837,61.04293823242188,98.2822265625,23.13873291015625
36831,0.1016693115234375,0.7971649169921875,0.086578369140625,-0.0084693850949406,0.6663119792938232,0.0852155610918998,60.87979125976562,98.26470947265624,23.14529418945312
36832,0.1279296875,0.8226776123046875,0.0375518798828125,0.0153089147061109,0.7108970284461975,0.0670317634940147,60.61137390136719,98.36135864257812,23.18145751953125
36833,0.1073760986328125,0.8896484375,-0.0351715087890625,0.1036867126822472,0.7571433782577515,0.0348330810666084,60.52256774902344,98.16465759277344,23.28189086914062
36834,0.1073760986328125,0.8896484375,-0.0351715087890625,0.1036867126822472,0.7571433782577515,0.0348330810666084,60.52256774902344,98.16465759277344,23.28189086914062
36835,0.0838623046875,0.922821044921875,-0.084686279296875,0.1628392487764359,0.7112677097320557,0.0311728324741125,60.19180297851562,98.27326965332033,23.41806030273438
36836,0.050872802734375,0.9573974609375,-0.0973052978515625,0.231978639960289,0.6102457642555237,0.0276049952954053,60.01707458496094,98.3920440673828,23.31597900390625
36837,0.0089569091796875,1.024063110351562,-0.0275421142578125,0.3486163020133972,0.3902218043804169,0.0487150736153125,59.68994140625,98.5297393798828,23.12858581542969
36838,0.0089569091796875,1.024063110351562,-0.0275421142578125,0.3486163020133972,0.3902218043804169,0.0487150736153125,59.68994140625,98.5297393798828,23.12858581542969
36839,-0.0129852294921875,1.063507080078125,0.0229034423828125,0.3486163020133972,0.3902218043804169,0.0487150736153125,59.61990356445312,98.52671813964844,23.04920959472656
36840,-0.0209808349609375,1.15655517578125,0.1157379150390625,0.3382536768913269,0.3813361823558807,0.01346574164927,59.43299865722656,98.71559143066406,23.11404418945312
36841,-0.0149993896484375,1.20654296875,0.16448974609375,0.1781721264123917,0.4655786156654358,-0.0102936504408717,59.37594604492188,98.76797485351562,23.18138122558594
36842,-0.0149993896484375,1.20654296875,0.16448974609375,0.1781721264123917,0.4655786156654358,-0.0102936504408717,59.37594604492188,98.76797485351562,23.18138122558594
36843,-0.0046234130859375,1.264419555664062,0.19281005859375,0.1781721264123917,0.4655786156654358,-0.0102936504408717,59.2218017578125,99.01026916503906,22.82974243164062
36844,-0.0093994140625,1.305923461914062,0.14984130859375,0.0822764933109283,0.6062997579574585,-0.0101426485925912,59.10612487792969,99.07188415527344,22.49415588378906
36845,-0.031494140625,1.3499755859375,-0.1309814453125,0.0928487107157707,0.7401292324066162,0.0288026202470064,58.86387634277344,99.22630310058594,22.55108642578125
36846,-0.031494140625,1.3499755859375,-0.1309814453125,0.0928487107157707,0.7401292324066162,0.0288026202470064,58.86387634277344,99.22630310058594,22.55108642578125
36847,-0.03936767578125,1.375823974609375,-0.2414093017578125,0.2231750339269638,0.7300052046775818,0.0373993031680584,58.65129089355469,99.22622680664062,22.6295166015625
36848,-0.03350830078125,1.416305541992188,-0.22210693359375,0.4146555066108704,0.6151009798049927,0.0393378175795078,58.43365478515625,99.40982055664062,22.65077209472656
36849,-0.00482177734375,1.434371948242188,0.024078369140625,0.6454938054084778,0.6114676594734192,0.0307789519429206,58.29594421386719,99.56657409667967,22.47967529296875
36850,0.045074462890625,1.406097412109375,0.1963653564453125,0.8011877536773682,0.4679229855537415,-0.0384445935487747,58.17457580566406,99.59588623046876,22.18453979492188
36851,0.0726470947265625,1.374069213867188,0.2646331787109375,0.7563889026641846,0.1710220724344254,-0.0739868730306625,58.02734375,99.75030517578124,21.86337280273438
36852,0.08795166015625,1.303466796875,0.3687744140625,0.6824171543121338,-0.1823570281267166,-0.0216898489743471,57.89773559570312,99.9264678955078,21.56080627441406
36853,0.1053314208984375,1.244613647460938,0.454986572265625,0.6824171543121338,-0.1823570281267166,-0.0216898489743471,57.73309326171875,100.0137939453125,21.34605407714844
36854,0.109771728515625,1.209869384765625,0.52825927734375,0.5424166917800903,-0.5343259572982788,0.0651683509349823,57.75225830078125,100.1865692138672,21.02546691894531
36855,0.130035400390625,1.159194946289062,0.594512939453125,0.349267989397049,-0.795141339302063,0.1874924004077911,57.71200561523438,100.3424682617188,20.65850830078125
36856,0.141693115234375,1.053817749023438,0.62469482421875,-0.1077648103237152,-0.4126916825771332,0.344854861497879,57.71932983398438,100.3937835693359,20.51011657714844
36857,0.1109161376953125,0.9146270751953124,0.6061553955078125,-0.1077648103237152,-0.4126916825771332,0.344854861497879,57.95721435546875,100.5827178955078,20.47352600097656
36858,0.0600433349609375,0.8067779541015625,0.5268402099609375,-0.1552676111459732,0.0675369650125503,0.32565638422966,58.24092102050781,100.6208953857422,20.45057678222656
36859,-0.0034942626953125,0.7606658935546875,0.4762420654296875,-0.1166291460394859,0.5409034490585327,0.2618870139122009,58.3714599609375,100.6903686523438,20.56765747070312
36860,-0.0611114501953125,0.767913818359375,0.4579010009765625,-0.0797685980796814,0.9596719741821288,0.1601790189743042,58.41580200195312,100.6329345703125,20.58241271972656
36861,-0.1341705322265625,0.809844970703125,0.4855804443359375,-0.1076580211520195,1.315462231636047,0.0381393954157829,58.3931884765625,100.5341949462891,20.60108947753906
36862,-0.2198028564453125,0.8733673095703125,0.540557861328125,-0.2114589810371399,1.691109180450439,-0.0968162938952446,58.24592590332031,100.4862518310547,20.58586120605469
36863,-0.2999114990234375,0.9498138427734376,0.5727081298828125,-0.3459866940975189,2.106330394744873,-0.2543672919273376,57.96163940429688,100.2574920654297,20.39404296875
36864,-0.36907958984375,1.011077880859375,0.5448150634765625,-0.5892302393913269,2.482430696487427,-0.5543510913848877,57.60212707519531,99.89830017089844,20.22850036621094
36865,-0.41070556640625,1.048202514648438,0.4158172607421875,-0.5892302393913269,2.482430696487427,-0.5543510913848877,56.94903564453125,99.5085906982422,20.04840087890625
36866,-0.4503173828125,1.0081787109375,0.1839141845703125,-0.6646366119384766,1.54692530632019,-0.4782733619213104,55.37619018554688,98.41842651367188,19.55526733398438
36867,-0.4503173828125,1.0081787109375,0.1839141845703125,-0.6646366119384766,1.54692530632019,-0.4782733619213104,55.37619018554688,98.41842651367188,19.55526733398438
36868,-0.42352294921875,0.9158782958984376,0.18682861328125,-0.5901061296463013,0.986870050430298,-0.2906102538108826,54.66567993164062,97.78948974609376,19.39012145996094
36869,-0.3525238037109375,0.7934722900390625,0.22821044921875,-0.4462299346923828,0.6579397916793823,-0.0086661921814084,54.10330200195312,97.24795532226562,19.3138427734375
36870,-0.088287353515625,0.8347625732421875,0.133392333984375,-0.4075022637844086,0.2903125286102295,0.4438767731189728,53.76849365234375,96.75520324707033,19.21598815917969
36871,-0.088287353515625,0.8347625732421875,0.133392333984375,-0.4075022637844086,0.2903125286102295,0.4438767731189728,53.76849365234375,96.75520324707033,19.21598815917969
36872,0.0870819091796875,0.7957611083984375,0.1496124267578125,-0.5802671313285828,0.4033586382865906,0.5434798002243042,53.71434020996094,96.60716247558594,19.48568725585938
36873,0.34100341796875,0.83355712890625,0.052398681640625,-0.8613855838775635,1.225845098495483,0.6671047806739807,53.79475402832031,96.5912628173828,20.3697509765625
36874,0.34100341796875,0.83355712890625,0.052398681640625,-0.8613855838775635,1.225845098495483,0.6671047806739807,53.79475402832031,96.5912628173828,20.3697509765625
36875,0.38629150390625,0.8204193115234375,-0.0610809326171875,-0.7576647996902466,1.482264041900635,0.6559786200523376,53.86941528320312,96.36386108398438,20.8494873046875
36876,0.3796234130859375,0.80670166015625,-0.160552978515625,-0.4887281358242035,1.365942239761353,0.6038318276405334,53.9617919921875,96.32412719726562,21.30686950683594
36877,0.296966552734375,0.771881103515625,-0.1686553955078125,0.131914883852005,0.7858860492706299,0.5155376195907593,53.8603515625,96.33438110351562,21.56654357910156
36878,0.2090606689453125,0.738067626953125,-0.0928497314453125,0.131914883852005,0.7858860492706299,0.5155376195907593,53.75045776367188,96.27639770507812,21.85562133789062
36879,0.128204345703125,0.759124755859375,-0.058807373046875,0.2817113101482391,0.4254570305347443,0.3913911879062653,53.71438598632812,96.40658569335938,22.01541137695312
36880,0.0452880859375,0.7585906982421875,-0.0263671875,0.2817113101482391,0.4254570305347443,0.3913911879062653,53.71977233886719,96.47468566894533,22.02064514160156
36881,-0.0467376708984375,0.73309326171875,0.05413818359375,0.2828282415866852,0.2719899713993073,0.3012866079807281,53.65608215332031,96.5393524169922,21.78515625
36882,-0.0926361083984375,0.7217864990234375,0.140777587890625,0.2730008959770203,0.3294636607170105,0.261142909526825,53.618408203125,96.6662139892578,21.54791259765625
36883,-0.123931884765625,0.728118896484375,0.2149505615234375,0.2730008959770203,0.3294636607170105,0.261142909526825,53.75102233886719,96.53546142578124,21.31541442871094
36884,-0.1472015380859375,0.737518310546875,0.2410125732421875,0.2257609516382217,0.5544309616088867,0.268458366394043,53.75857543945312,96.56997680664062,21.22108459472656
36885,-0.1713104248046875,0.7738037109375,0.14776611328125,0.1080428436398506,0.8584403991699219,0.2420760095119476,53.7889404296875,96.72509765625,21.00007629394531
36886,-0.1713104248046875,0.7738037109375,0.14776611328125,0.1080428436398506,0.8584403991699219,0.2420760095119476,53.7889404296875,96.72509765625,21.00007629394531
36887,-0.1779937744140625,0.7962646484375,0.09295654296875,0.0746782347559928,0.9134421348571776,0.2081489413976669,53.63371276855469,96.7191925048828,20.78402709960938
36888,-0.1713104248046875,0.82867431640625,0.0308074951171875,0.0796519517898559,0.939422607421875,0.1701602786779404,53.4571533203125,96.8305206298828,20.73088073730469
36889,-0.1418304443359375,0.873504638671875,-0.014404296875,0.1493391543626785,0.9031964540481568,0.121022030711174,53.33055114746094,96.76773071289062,20.65824890136719
36890,-0.0943603515625,0.93182373046875,-0.0253448486328125,0.1493391543626785,0.9031964540481568,0.121022030711174,53.1513671875,96.85848999023438,20.54425048828125
36891,-0.04296875,0.9932403564453124,-0.0094757080078125,0.3081293404102325,0.8004966974258423,0.1285214871168137,53.018310546875,96.8384246826172,20.56195068359375
36892,0.000762939453125,1.044158935546875,0.0233917236328125,0.3081293404102325,0.8004966974258423,0.1285214871168137,52.85696411132812,96.939697265625,20.48876953125
36893,0.037933349609375,1.078811645507812,0.062530517578125,0.3912122249603271,0.7874128222465515,0.1639993190765381,52.70263671875,96.9452667236328,20.46694946289062
36894,0.0996246337890625,1.1279296875,0.1309661865234375,0.3893054127693176,0.6695985794067383,0.3086742162704468,52.3853759765625,97.1901397705078,20.30865478515625
36895,0.0996246337890625,1.1279296875,0.1309661865234375,0.3893054127693176,0.6695985794067383,0.3086742162704468,52.3853759765625,97.1901397705078,20.30865478515625
36896,0.1181640625,1.163787841796875,0.1567230224609375,0.2620587646961212,0.5873394012451172,0.3502480387687683,52.28758239746094,97.28132629394533,20.23272705078125
36897,0.1461029052734375,1.207855224609375,0.154327392578125,0.2620587646961212,0.5873394012451172,0.3502480387687683,52.26031494140625,97.2403564453125,20.2738037109375
36898,0.2288970947265625,1.258926391601562,-0.050018310546875,0.014502509497106,0.4029037654399872,0.3344695866107941,52.13084411621094,97.339599609375,20.20858764648438
36899,0.2288970947265625,1.258926391601562,-0.050018310546875,0.014502509497106,0.4029037654399872,0.3344695866107941,52.13084411621094,97.339599609375,20.20858764648438
36900,0.2296142578125,1.272064208984375,-0.1554107666015625,-0.0145049067214131,0.2888632416725159,0.2865390777587891,52.1751708984375,97.38912963867188,20.07015991210938
36901,0.1818695068359375,1.279617309570312,-0.236724853515625,0.0962716713547706,0.2262017130851746,0.2744778990745544,52.20849609375,97.45123291015624,20.06072998046875
36902,0.1565704345703125,1.286849975585938,-0.3171539306640625,0.3403352200984955,0.173068180680275,0.2992876470088959,52.18055725097656,97.43098449707033,19.846923828125
36903,0.1114501953125,1.329208374023438,-0.2828826904296875,0.6522622108459473,0.1716915965080261,0.3006919324398041,52.19369506835938,97.55348205566406,19.62649536132812
36904,0.0447235107421875,1.318130493164062,-0.0946807861328125,1.146710872650146,0.5567916035652161,0.3450410068035126,52.26931762695312,97.53857421875,19.38008117675781
36905,3.0517578125e-05,1.307144165039062,0.1009063720703125,1.146710872650146,0.5567916035652161,0.3450410068035126,52.3565673828125,97.71891784667967,18.833740234375
36906,-0.038177490234375,1.344757080078125,0.1707305908203125,1.129709720611572,0.4753952920436859,0.261848658323288,52.37298583984375,97.97068786621094,18.5208740234375
36907,-0.1034393310546875,1.294952392578125,0.3646392822265625,0.9237403273582458,0.2707934081554413,0.1827149540185928,52.36885070800781,98.275390625,18.05622863769531
36908,-0.1548004150390625,1.12811279296875,0.6746826171875,0.7533225417137146,0.4133971631526947,0.2011874318122864,52.32577514648438,98.64239501953124,17.46577453613281
36909,-0.0926971435546875,0.998626708984375,0.5386199951171875,0.433475524187088,0.4972537159919739,0.1370276212692261,52.39567565917969,99.02996826171876,16.89653015136719
36910,-0.0926971435546875,0.998626708984375,0.5386199951171875,0.433475524187088,0.4972537159919739,0.1370276212692261,52.39567565917969,99.02996826171876,16.89653015136719
36911,-0.0272979736328125,0.921234130859375,0.5785064697265625,0.0974669009447097,0.4149197041988373,0.0354304276406765,52.29736328125,99.10877990722656,16.52470397949219
36912,0.019287109375,0.8844451904296875,0.5547027587890625,0.0974669009447097,0.4149197041988373,0.0354304276406765,52.26097106933594,99.15330505371094,16.4287109375
36913,0.047943115234375,0.8843994140625,0.502471923828125,-0.1316003650426865,0.4479295909404755,-0.0251612793654203,52.29837036132812,99.211669921875,16.46401977539062
36914,0.07867431640625,0.8780517578125,0.4904632568359375,-0.5012444853782654,0.5582566261291504,-0.0556704513728618,52.28721618652344,99.11741638183594,16.55543518066406
36915,0.0964508056640625,0.8587188720703125,0.4900360107421875,-0.5012444853782654,0.5582566261291504,-0.0556704513728618,52.18077087402344,99.2003173828125,16.70156860351562
36916,0.1029205322265625,0.843994140625,0.459625244140625,-0.6154200434684753,0.6417731046676636,0.0393303632736206,52.12962341308594,99.29679870605467,17.14248657226562
36917,0.12103271484375,0.861358642578125,0.4512939453125,-0.7221819162368774,0.7280296683311462,0.1677373349666595,51.86117553710938,99.44758605957033,17.49565124511719
36918,0.1654205322265625,0.906402587890625,0.44415283203125,-0.82449871301651,0.8098587393760681,0.258304238319397,51.79289245605469,99.57923889160156,17.81831359863281
36919,0.2110748291015625,0.989776611328125,0.410919189453125,-0.8855934739112854,0.7682269215583801,0.2748203873634338,51.75785827636719,99.67312622070312,18.20474243164062
36920,0.2303009033203125,1.091598510742188,0.3423004150390625,-0.8855934739112854,0.7682269215583801,0.2748203873634338,51.71830749511719,99.71421813964844,18.65135192871094
36921,0.21844482421875,1.168594360351562,0.2136688232421875,-0.8192280530929565,0.6057253479957581,0.2270930707454681,51.83067321777344,99.7100830078125,19.106689453125
36922,0.20770263671875,1.222244262695312,0.0678863525390625,-0.7398402690887451,0.5245140790939331,0.2395995408296585,51.77449035644531,99.5303955078125,19.69029235839844
36923,0.200042724609375,1.241226196289062,-0.045867919921875,-0.5891095995903015,0.4326560795307159,0.2372202724218369,51.85052490234375,99.38606262207033,20.13385009765625
36924,0.15533447265625,1.19677734375,-0.07659912109375,-0.4474731087684631,0.5057795643806458,0.1690931469202042,51.856201171875,99.0998077392578,20.65983581542969
36925,0.0778656005859375,1.061065673828125,-0.025787353515625,-0.1118847206234932,0.5949246287345886,0.0971992537379264,52.04005432128906,98.96696472167967,21.1142578125
36926,0.029449462890625,0.932281494140625,0.0268402099609375,0.2954183220863342,0.6607171893119812,0.1056494638323784,52.01416015625,98.93215942382812,21.38877868652344
36927,0.0444183349609375,0.8679962158203125,0.090545654296875,0.6744098663330078,0.754501223564148,0.1938227266073227,51.91534423828125,99.04637145996094,21.52468872070312
36928,0.0591278076171875,0.832275390625,0.1508331298828125,0.6744098663330078,0.754501223564148,0.1938227266073227,51.78648376464844,99.3023681640625,21.32261657714844
36929,0.0697174072265625,0.8046875,0.1434173583984375,0.5766878128051758,0.7560309767723083,0.202501967549324,51.674560546875,99.45106506347656,21.171630859375
36930,0.0814666748046875,0.7892608642578125,0.144927978515625,0.3165020346641541,0.6722601652145386,0.1625012904405594,51.63742065429688,99.5355987548828,20.98554992675781
36931,0.0671234130859375,0.7655029296875,0.1975860595703125,0.0677114054560661,0.653995931148529,0.1027711182832718,51.49787902832031,99.75735473632812,20.70455932617188
36932,0.026214599609375,0.732208251953125,0.2038726806640625,-0.1027269139885902,0.7115905284881592,0.0155414091423153,51.45919799804688,99.8675537109375,20.44615173339844
36933,-0.0054931640625,0.7100677490234375,0.167236328125,-0.1027269139885902,0.7115905284881592,0.0155414091423153,51.35630798339844,100.0693817138672,20.23605346679688
36934,-0.02227783203125,0.7162933349609375,0.0633544921875,-0.114064522087574,0.684482753276825,-0.0829137936234474,51.15293884277344,99.96804809570312,20.23005676269531
36935,-0.02227783203125,0.7162933349609375,0.0633544921875,-0.114064522087574,0.684482753276825,-0.0829137936234474,51.15293884277344,99.96804809570312,20.23005676269531
36936,-0.0222625732421875,0.72308349609375,0.0598297119140625,-0.115579329431057,0.6644623875617981,-0.1300338953733444,51.07173156738281,99.90138244628906,20.34028625488281
36937,0.0030975341796875,0.7445831298828125,0.039825439453125,-0.0749338939785957,0.675447404384613,-0.1786496341228485,50.63604736328125,99.81265258789062,20.25212097167969
36938,0.0030975341796875,0.7445831298828125,0.039825439453125,-0.0749338939785957,0.675447404384613,-0.1786496341228485,50.63604736328125,99.81265258789062,20.25212097167969
36939,0.0337982177734375,0.7631378173828125,0.041229248046875,-0.1036289259791374,0.6013835668563843,-0.1924232393503189,50.46023559570312,99.66688537597656,20.39488220214844
36940,0.0775146484375,0.7819671630859375,0.0529632568359375,-0.1036289259791374,0.6013835668563843,-0.1924232393503189,50.33438110351562,99.64266967773438,20.57868957519531
36941,0.22698974609375,0.8051300048828125,0.04412841796875,-0.127053827047348,0.654451310634613,-0.1694888919591904,50.01777648925781,99.49037170410156,20.89016723632812
36942,0.22698974609375,0.8051300048828125,0.04412841796875,-0.127053827047348,0.654451310634613,-0.1694888919591904,50.01777648925781,99.49037170410156,20.89016723632812
36943,0.276397705078125,0.8420257568359375,0.036956787109375,-0.0841132774949073,0.7207502126693726,-0.1614916920661926,49.50473022460938,99.57086181640624,20.647705078125
36944,0.305267333984375,0.9076995849609376,0.0221405029296875,-0.0190703645348548,0.8068826794624329,-0.1486224979162216,49.2525634765625,99.4917449951172,20.63752746582031
36945,0.24639892578125,1.012771606445312,0.00738525390625,0.1223434880375862,0.8811308145523071,-0.1191064193844795,48.68923950195312,99.702880859375,20.28274536132812
36946,0.24639892578125,1.012771606445312,0.00738525390625,0.1223434880375862,0.8811308145523071,-0.1191064193844795,48.68923950195312,99.702880859375,20.28274536132812
36947,0.2082977294921875,1.048797607421875,0.0247344970703125,0.1921196430921555,0.8568862080574036,-0.1099017336964607,48.43765258789062,99.69349670410156,20.08770751953125
36948,0.1844482421875,1.077606201171875,0.0576324462890625,0.2491408437490463,0.8240060210227966,-0.1106663271784782,48.24850463867188,99.60867309570312,19.82058715820312
36949,0.1680145263671875,1.116744995117188,0.144500732421875,0.2984594106674194,0.8085010647773743,-0.1373682469129562,47.71780395507812,99.73585510253906,19.38311767578125
36950,0.1680145263671875,1.116744995117188,0.144500732421875,0.2984594106674194,0.8085010647773743,-0.1373682469129562,47.71780395507812,99.73585510253906,19.38311767578125
36951,0.16717529296875,1.1278076171875,0.1578521728515625,0.2977437973022461,0.8428473472595215,-0.1312735974788666,47.57017517089844,99.81578063964844,19.1617431640625
36952,0.17779541015625,1.141677856445312,0.1395416259765625,0.2483171373605728,0.8492541313171387,-0.1234518960118294,47.29591369628906,99.87075805664062,18.95388793945312
36953,0.2015533447265625,1.157379150390625,0.135589599609375,0.1950176954269409,0.8780958652496338,-0.1027162596583366,47.01248168945312,100.0774993896484,18.83216857910156
36954,0.29205322265625,1.248138427734375,-0.0397796630859375,-0.0199675820767879,0.84429931640625,-0.058640144765377,46.45173645019531,100.2664031982422,18.25883483886719
36955,0.29205322265625,1.248138427734375,-0.0397796630859375,-0.0199675820767879,0.84429931640625,-0.058640144765377,46.45173645019531,100.2664031982422,18.25883483886719
36956,0.318511962890625,1.250808715820312,-0.040985107421875,-0.0136526953428983,0.7876072525978088,-0.0410675406455993,46.24443054199219,100.1886596679688,18.1466064453125
36957,0.3151397705078125,1.251602172851562,-0.01123046875,0.1314919739961624,0.7236860394477844,-0.0475787036120891,46.07966613769531,100.2366485595703,18.06370544433594
36958,0.2867279052734375,1.275344848632812,0.064117431640625,0.2760363817214966,0.6792736053466797,-0.0556917563080787,45.97865295410156,100.2262725830078,17.94419860839844
36959,0.2667999267578125,1.309005737304688,0.198760986328125,0.3741000890731812,0.6782048344612122,-0.043847881257534,45.86274719238281,100.1700286865234,17.67213439941406
36960,0.2603302001953125,1.324951171875,0.2808074951171875,0.4668760895729065,0.4833408296108246,-0.0160998739302158,45.68038940429688,100.0477905273438,17.51858520507812
36961,0.271728515625,1.3447265625,0.28924560546875,0.432795912027359,-0.0009502158500254,0.0441126003861427,45.52342224121094,100.1204528808594,17.31051635742188
36962,0.2969207763671875,1.364974975585938,0.3604278564453125,0.2283847033977509,-0.4250921607017517,0.1227293834090233,45.48539733886719,100.1878509521484,17.05738830566406
36963,0.3293304443359375,1.336227416992188,0.4153289794921875,0.0133714657276868,-0.6590575575828552,0.1797737628221512,45.54641723632812,100.2258453369141,16.8836669921875
36964,0.34375,1.278244018554688,0.449737548828125,-0.11379474401474,-0.6310762166976929,0.257776141166687,45.62983703613281,100.2212219238281,16.93849182128906
36965,0.2943267822265625,1.195480346679688,0.50372314453125,-0.11379474401474,-0.6310762166976929,0.257776141166687,45.9068603515625,100.285888671875,16.97119140625
36966,0.1568756103515625,1.053207397460938,0.497650146484375,-0.0010420948965474,-0.2279769778251648,0.3359284698963165,46.05195617675781,100.2323455810547,17.23240661621094
36967,0.06048583984375,0.9208831787109376,0.4226531982421875,0.1835405379533768,0.177191823720932,0.3058081269264221,46.22901916503906,100.2984771728516,17.22372436523438
36968,-0.011383056640625,0.8675537109375,0.3809051513671875,0.3236169517040253,0.3922399580478668,0.2095159441232681,46.36033630371094,100.4250640869141,17.19891357421875
36969,-0.0973663330078125,0.860076904296875,0.416046142578125,0.3943324089050293,0.564049243927002,-0.0545660406351089,46.33050537109375,100.5556488037109,17.03535461425781
36970,-0.1783294677734375,0.8889312744140625,0.4557342529296875,0.3943324089050293,0.564049243927002,-0.0545660406351089,46.21929931640625,100.7223358154297,16.79710388183594
36971,-0.2639617919921875,0.9253387451171876,0.4422454833984375,0.2612640857696533,0.7361462116241455,-0.2457181513309479,46.02961730957031,100.9445343017578,16.46755981445312
36972,-0.3451690673828125,0.9544677734375,0.3615264892578125,0.0215835887938737,0.8457043766975403,-0.4674068689346313,45.74116516113281,101.0714721679688,16.08651733398438
36973,-0.4186248779296875,0.97174072265625,0.292572021484375,-0.2260579019784927,0.7786808609962463,-0.6845338344573975,45.37466430664062,100.9378814697266,15.80607604980469
36974,-0.4741973876953125,0.967620849609375,0.24249267578125,-0.4285891652107239,0.5692126154899597,-0.8995665311813354,44.93412780761719,100.6397857666016,15.23948669433594
36975,-0.4865875244140625,0.9315338134765624,0.214202880859375,-0.5822269320487976,0.3199622929096222,-1.070239782333374,44.42343139648438,100.1056518554688,14.97686767578125
36976,-0.45196533203125,0.8658447265625,0.160614013671875,-0.666630208492279,-0.0076187714003026,-1.14021110534668,43.91542053222656,99.2659912109375,14.84725952148438
36977,-0.3907318115234375,0.756561279296875,0.1195526123046875,-0.5498338341712952,-0.5484465956687927,-0.9846870303153992,43.54812622070312,98.4459991455078,14.66972351074219
36978,-0.3621978759765625,0.6974639892578125,0.0828704833984375,-0.4757271111011505,-1.085016250610352,-0.7527270317077637,43.2591552734375,97.66476440429688,14.47320556640625
36979,-0.3182830810546875,0.664947509765625,0.097808837890625,-0.441650390625,-1.496989488601685,-0.4251550137996674,43.12490844726562,97.16122436523438,14.54766845703125
36980,-0.217041015625,0.7109527587890625,0.118255615234375,-0.4492244124412537,-1.688952207565308,-0.008193215355277,43.24983215332031,96.91957092285156,14.73699951171875
36981,0.0808258056640625,0.8057098388671875,0.172698974609375,-0.5511760711669922,-1.025586485862732,0.4662830233573914,43.8214111328125,96.61082458496094,15.33546447753906
36982,0.156585693359375,0.8056182861328125,0.1173095703125,-0.6647868156433105,-0.2969496548175812,0.6120119690895081,44.24981689453125,96.45858764648438,15.88957214355469
36983,0.156585693359375,0.8056182861328125,0.1173095703125,-0.6647868156433105,-0.2969496548175812,0.6120119690895081,44.24981689453125,96.45858764648438,15.88957214355469
36984,0.2044219970703125,0.8128509521484375,-0.0594024658203125,-0.5770716071128845,-0.067809410393238,0.7442770600318909,44.577392578125,96.37246704101562,16.41401672363281
36985,0.229095458984375,0.83856201171875,-0.125518798828125,-0.3435480296611786,-0.377434104681015,0.8323987126350403,44.97364807128906,96.32687377929688,16.85520935058594
36986,0.2263946533203125,0.88873291015625,-0.0157318115234375,0.1399709582328796,-0.7013727426528931,0.7047118544578552,45.16752624511719,96.4362335205078,17.2918701171875
36987,0.2322235107421875,0.926910400390625,0.0593719482421875,0.1399709582328796,-0.7013727426528931,0.7047118544578552,45.62347412109375,96.63621520996094,17.61236572265625
36988,0.253753662109375,0.932952880859375,0.018463134765625,0.2901977300643921,-0.8584737181663513,0.1197983026504517,46.02995300292969,96.9242706298828,18.01089477539062
36989,0.2262725830078125,0.9430084228515624,-0.00762939453125,0.2901977300643921,-0.8584737181663513,0.1197983026504517,46.30880737304688,97.30256652832033,18.31243896484375
36990,0.0913543701171875,0.882354736328125,0.03143310546875,-0.0559346377849578,-1.011208891868591,-0.1948789358139038,46.68154907226562,97.5128173828125,18.31729125976562
36991,-0.039581298828125,0.8012542724609375,0.082366943359375,-0.0559346377849578,-1.011208891868591,-0.1948789358139038,46.945068359375,97.65025329589844,18.36135864257812
36992,-0.050872802734375,0.7918853759765625,0.104827880859375,-0.1892713904380798,-1.038583040237427,-0.1510558277368546,47.15386962890625,97.57305908203124,18.53694152832031
36993,-0.0365753173828125,0.7867431640625,0.0971527099609375,-0.2304491847753525,-1.035678029060364,-0.1398500502109528,47.29258728027344,97.500732421875,18.61137390136719
36994,-0.0157318115234375,0.784698486328125,0.05096435546875,-0.1560780107975006,-0.9741459488868712,-0.1941452473402023,47.57994079589844,97.28074645996094,18.83290100097656
36995,-0.0157318115234375,0.784698486328125,0.05096435546875,-0.1560780107975006,-0.9741459488868712,-0.1941452473402023,47.57994079589844,97.28074645996094,18.83290100097656
36996,-0.0045623779296875,0.8013916015625,0.0307464599609375,-0.0655406638979911,-0.928734004497528,-0.2047462165355682,47.7208251953125,97.18841552734376,19.0718994140625
36997,0.002593994140625,0.8148956298828125,0.0104217529296875,0.0137981036677956,-0.9133758544921876,-0.2014665305614471,47.89741516113281,97.17372131347656,19.32156372070312
36998,0.0038604736328125,0.82904052734375,0.0104522705078125,0.1122604981064796,-0.869343101978302,-0.1460490822792053,47.9571533203125,97.16375732421876,19.43595886230469
36999,-0.001800537109375,0.83306884765625,0.017974853515625,0.1122604981064796,-0.869343101978302,-0.1460490822792053,48.11862182617188,97.1896514892578,19.51348876953125
37000,-0.017669677734375,0.829742431640625,0.02618408203125,0.1480416655540466,-0.8198093771934509,-0.1151383072137833,48.2635498046875,97.2454071044922,19.35566711425781
37001,-0.0449981689453125,0.8235931396484375,0.0466461181640625,0.17364501953125,-0.7604650855064392,-0.0817630365490913,48.35914611816406,97.33328247070312,19.286376953125
37002,-0.0669403076171875,0.8251190185546875,0.0584259033203125,0.1824928522109985,-0.6993503570556641,-0.0547143779695034,48.44511413574219,97.3843231201172,19.29008483886719
37003,-0.0793304443359375,0.840423583984375,0.055511474609375,0.1720860153436661,-0.6854795217514038,-0.0316812321543693,48.62548828125,97.3528289794922,19.25505065917969
37004,-0.0882110595703125,0.8624420166015625,0.052093505859375,0.0706842914223671,-0.7634252309799194,0.0156119829043746,48.75148010253906,97.29991149902344,19.13442993164062
37005,-0.081451416015625,0.8877105712890625,0.0590972900390625,0.0706842914223671,-0.7634252309799194,0.0156119829043746,48.943603515625,97.32649230957033,19.10462951660156
37006,-0.034698486328125,0.949737548828125,0.0843353271484375,-0.0129371033981442,-0.8553897738456726,0.0608281977474689,49.33821105957031,97.41961669921876,19.25434875488281
37007,-0.034698486328125,0.949737548828125,0.0843353271484375,-0.0129371033981442,-0.8553897738456726,0.0608281977474689,49.33821105957031,97.41961669921876,19.25434875488281
37008,-0.007293701171875,0.9868621826171876,0.105743408203125,-0.0783243626356124,-0.9118183851242064,0.1029990836977959,49.52888488769531,97.35919189453124,19.34797668457031
37009,0.0279541015625,1.026229858398438,0.1136932373046875,-0.0783243626356124,-0.9118183851242064,0.1029990836977959,49.79898071289062,97.37118530273438,19.4971923828125
37010,0.067718505859375,1.068084716796875,0.120880126953125,-0.1395634859800339,-0.9422069191932678,0.1160656213760376,49.94050598144531,97.33578491210938,19.46925354003906
37011,0.1004180908203125,1.11328125,0.1277618408203125,-0.2058168053627014,-0.9577670097351074,0.1242851987481117,50.27252197265625,97.21389770507812,19.66114807128906
37012,0.123260498046875,1.152908325195312,0.111297607421875,-0.2554522752761841,-0.9316608309745787,0.125209853053093,50.46800231933594,97.16061401367188,19.81439208984375
37013,0.1442718505859375,1.1851806640625,0.0722198486328125,-0.2851270735263824,-0.8861729502677917,0.1165947914123535,50.75038146972656,97.14231872558594,19.95819091796875
37014,0.1506195068359375,1.219589233398438,0.0226593017578125,-0.2329706698656082,-0.8057377934455872,0.0725050941109657,50.93513488769531,97.07536315917967,20.06587219238281
37015,0.150238037109375,1.251480102539062,-0.0369415283203125,-0.2329706698656082,-0.8057377934455872,0.0725050941109657,51.26119995117188,97.00886535644533,20.08029174804688
37016,0.1492767333984375,1.297409057617188,-0.1093902587890625,-0.1470506936311722,-0.8300066590309143,0.0617536455392837,51.58914184570312,96.89634704589844,20.28457641601562
37017,0.1519927978515625,1.343490600585938,-0.15716552734375,-0.0358075313270092,-0.9176105260849,0.0694461837410926,51.77450561523438,96.8004913330078,20.5096435546875
37018,0.15606689453125,1.385879516601562,-0.1882781982421875,0.2283269166946411,-1.135510683059692,0.1305364370346069,51.89413452148438,96.98858642578124,20.62348937988281
37019,0.14337158203125,1.430557250976562,-0.1641082763671875,0.3805018067359924,-1.075133562088013,0.1580807119607925,52.16290283203125,96.96591186523438,20.758544921875
37020,0.085418701171875,1.471237182617188,-0.000762939453125,0.3805018067359924,-1.075133562088013,0.1580807119607925,52.49472045898438,96.9646453857422,20.73387145996094
37021,-0.0451507568359375,1.537216186523438,0.2936859130859375,0.3859210610389709,-1.042502164840698,0.1269102841615677,53.13775634765625,97.0367431640625,20.43989562988281
37022,-0.0451507568359375,1.537216186523438,0.2936859130859375,0.3859210610389709,-1.042502164840698,0.1269102841615677,53.13775634765625,97.0367431640625,20.43989562988281
37023,-0.0619354248046875,1.489364624023438,0.41571044921875,0.2664492726325989,-1.067830920219421,0.1097608506679535,53.49166870117188,97.0369110107422,20.42030334472656
37024,-0.0787353515625,1.425460815429688,0.53271484375,0.1655490100383759,-0.8746260404586792,0.0585988648235797,53.68389892578125,97.17910766601562,20.32321166992188
37025,-0.073486328125,1.327850341796875,0.48553466796875,0.0839590802788734,-0.7037397623062134,0.0720443651080131,54.05656433105469,97.14649963378906,20.40585327148438
37026,-0.027923583984375,1.2303466796875,0.434173583984375,0.0378842651844024,-0.6775299906730652,0.0947054699063301,54.150146484375,97.34027099609376,20.46803283691406
37027,0.00091552734375,1.120986938476562,0.4336090087890625,0.001839711680077,-0.710331916809082,0.0650719404220581,54.42388916015625,97.50334167480467,20.4007568359375
37028,-0.00885009765625,1.02679443359375,0.4733123779296875,-0.0125607987865805,-0.6406377553939819,-0.0013006879016757,54.68840026855469,97.602783203125,20.63140869140625
37029,-0.0353240966796875,0.9212493896484376,0.49383544921875,-0.0622868090867996,-0.14405357837677,-0.0339587666094303,54.82980346679688,97.70184326171876,20.89825439453125
37030,-0.0395355224609375,0.8282470703125,0.475189208984375,-0.0622868090867996,-0.14405357837677,-0.0339587666094303,55.01609802246094,97.8665008544922,20.93104553222656
37031,-0.02777099609375,0.77337646484375,0.4648590087890625,-0.065942533314228,0.1046973839402199,0.0172516908496618,55.0045166015625,98.02824401855467,20.87130737304688
37032,-0.0133514404296875,0.7649383544921875,0.502960205078125,-0.0155741656199097,0.3578454852104187,0.0472508706152439,55.16636657714844,98.17674255371094,20.97628784179688
37033,0.010040283203125,0.7980804443359375,0.5231475830078125,0.0327145382761955,0.5746627449989319,0.0531042292714119,55.22747802734375,98.17698669433594,20.96049499511719
37034,0.039276123046875,0.8597564697265625,0.5199432373046875,0.0215026289224624,0.6751981377601624,0.0470500662922859,55.16929626464844,98.01361083984376,20.977783203125
37035,0.0726165771484375,0.9200439453125,0.4650726318359375,-0.0871759131550788,0.2455272078514099,0.1401493847370148,55.069580078125,98.0299835205078,20.98294067382812
37036,0.10345458984375,0.984344482421875,0.374053955078125,-0.0871759131550788,0.2455272078514099,0.1401493847370148,54.96836853027344,98.02891540527344,20.86624145507812
37037,0.1728057861328125,1.000091552734375,0.3256072998046875,0.0360003449022769,-0.1715714931488037,0.3674001097679138,55.06919860839844,98.11679077148438,21.3948974609375
37038,0.1728057861328125,1.000091552734375,0.3256072998046875,0.0360003449022769,-0.1715714931488037,0.3674001097679138,55.06919860839844,98.11679077148438,21.3948974609375
37039,0.185089111328125,0.99896240234375,0.2959136962890625,-0.0768026337027549,0.3349857032299042,0.4193879365921021,55.21868896484375,98.46652221679688,21.6505126953125
37040,0.185089111328125,0.99896240234375,0.2959136962890625,-0.0768026337027549,0.3349857032299042,0.4193879365921021,55.21868896484375,98.46652221679688,21.6505126953125
37041,0.220123291015625,0.941558837890625,-0.1086883544921875,-0.4307748377323151,1.23145604133606,0.3768964111804962,55.36851501464844,98.89939880371094,22.21490478515625
37042,0.220123291015625,0.941558837890625,-0.1086883544921875,-0.4307748377323151,1.23145604133606,0.3768964111804962,55.36851501464844,98.89939880371094,22.21490478515625
37043,0.1185455322265625,0.8627166748046875,-0.19378662109375,-0.3435046374797821,0.94562166929245,0.3272604048252106,55.39768981933594,98.63478088378906,22.34259033203125
37044,0.0469818115234375,0.826416015625,-0.011749267578125,-0.0570475719869136,0.9257962703704834,0.2826282382011414,55.41471862792969,98.4672393798828,22.36810302734375
37045,0.017181396484375,0.7943572998046875,0.051788330078125,0.4642265141010284,1.077775120735168,0.2026641666889191,55.41485595703125,98.4042510986328,22.49143981933594
37046,-0.0161895751953125,0.7814483642578125,0.0555877685546875,0.5115365386009216,0.990683376789093,0.1506321132183075,55.07002258300781,98.63482666015624,22.25564575195312
37047,-0.0161895751953125,0.7814483642578125,0.0555877685546875,0.5115365386009216,0.990683376789093,0.1506321132183075,55.07002258300781,98.63482666015624,22.25564575195312
37048,-0.0137786865234375,0.7768707275390625,0.0834808349609375,0.4384561777114868,0.8972317576408386,0.0934615060687065,54.94459533691406,98.72012329101562,22.10079956054688
37049,-0.00640869140625,0.752838134765625,0.1108551025390625,0.3006474375724792,0.8018516898155212,0.0246299784630537,54.77891540527344,98.79914855957033,21.81314086914062
37050,0.001678466796875,0.7248992919921875,0.130889892578125,0.1495047956705093,0.7295287847518921,-0.0319608636200428,54.56553649902344,99.0353546142578,21.52694702148438
37051,0.0149078369140625,0.70123291015625,0.135498046875,-0.0969640985131263,0.615082323551178,-0.1284304112195969,54.34089660644531,99.05343627929688,21.36361694335938
37052,0.03466796875,0.69091796875,0.1176300048828125,-0.0969640985131263,0.615082323551178,-0.1284304112195969,54.21286010742188,99.1582489013672,21.24458312988281
37053,0.061767578125,0.6934661865234375,0.1004180908203125,-0.1659548878669739,0.5403697490692139,-0.1611915528774261,53.96885681152344,99.25022888183594,21.13922119140625
37054,0.106781005859375,0.70867919921875,0.111541748046875,-0.1883496642112732,0.556644856929779,-0.1672286689281464,53.65095520019531,99.15618896484376,21.46186828613281
37055,0.106781005859375,0.70867919921875,0.111541748046875,-0.1883496642112732,0.556644856929779,-0.1672286689281464,53.65095520019531,99.15618896484376,21.46186828613281
37056,0.142364501953125,0.721343994140625,0.135223388671875,-0.0478679239749908,0.719822347164154,-0.1409177035093307,53.50982666015625,99.19529724121094,21.44903564453125
37057,0.1924896240234375,0.7371063232421875,0.012237548828125,0.0287421662360429,0.7468315958976746,-0.0998613461852073,53.28544616699219,99.13995361328124,21.43756103515625
37058,0.289031982421875,0.7824249267578125,0.0885772705078125,-0.1758328080177307,0.488393634557724,-0.0841747969388961,52.94081115722656,99.121337890625,21.42495727539062
37059,0.289031982421875,0.7824249267578125,0.0885772705078125,-0.1758328080177307,0.488393634557724,-0.0841747969388961,52.94081115722656,99.121337890625,21.42495727539062
37060,0.299163818359375,0.746063232421875,0.1162872314453125,-0.104978084564209,0.6547762155532837,-0.0617291443049907,52.70828247070312,99.03985595703124,21.43844604492188
37061,0.293365478515625,0.760101318359375,-0.0139312744140625,-0.0509119182825088,0.527736246585846,-0.0483406335115432,52.53697204589844,98.98915100097656,21.47027587890625
37062,0.2478485107421875,0.8112640380859375,-0.0052947998046875,-0.0384919978678226,0.3655180633068085,-0.0750303044915199,52.382568359375,98.99693298339844,21.52030944824219
37063,0.20501708984375,0.8499908447265625,-0.001373291015625,-0.0474340952932834,0.3195551037788391,-0.0909818410873413,52.18081665039062,98.97990417480467,21.63368225097656
37064,0.1910858154296875,0.9163360595703124,-0.005401611328125,-0.0637017488479614,0.2814338207244873,-0.1023125201463699,52.09765625,98.89906311035156,21.617919921875
37065,0.1965179443359375,0.9815826416015624,0.041656494140625,-0.0388443358242511,0.3033915758132935,-0.107496902346611,52.11776733398438,99.03305053710938,21.59756469726562
37066,0.203704833984375,1.049346923828125,0.09759521484375,0.0131040839478373,0.3864845931529999,-0.1398769468069077,51.99241638183594,98.76950073242188,21.80155944824219
37067,0.201263427734375,1.091064453125,0.1298828125,0.0568936429917812,0.4531387090682983,-0.1701285839080811,51.81233215332031,98.8115692138672,21.76719665527344
37068,0.195709228515625,1.13134765625,0.1533355712890625,0.0735929906368255,0.451519787311554,-0.1967633962631226,51.67987060546875,98.93649291992188,21.73377990722656
37069,0.182708740234375,1.211288452148438,0.1060791015625,0.0736473202705383,0.4798041582107544,-0.1887901574373245,51.27961730957031,98.87283325195312,21.77857971191406
37070,0.182708740234375,1.211288452148438,0.1060791015625,0.0736473202705383,0.4798041582107544,-0.1887901574373245,51.27961730957031,98.87283325195312,21.77857971191406
37071,0.169586181640625,1.284591674804688,0.0121307373046875,-0.1349253207445145,0.2347115725278854,-0.1848766356706619,51.05836486816406,98.93560791015624,21.6123046875
37072,0.158905029296875,1.345855712890625,0.018646240234375,-0.2796747982501984,0.1837216317653656,-0.1872431337833405,50.89154052734375,98.92105102539062,21.49977111816406
37073,0.170166015625,1.3790283203125,-0.096710205078125,-0.2596017420291901,0.1885257065296173,-0.1805071979761124,50.74838256835938,98.83464050292967,21.73806762695312
37074,0.1871185302734375,1.404144287109375,-0.256866455078125,0.0576196201145649,-0.076003685593605,-0.1812126636505127,50.4854736328125,99.11082458496094,20.86410522460938
37075,0.2137451171875,1.409286499023438,-0.22454833984375,0.0576196201145649,-0.076003685593605,-0.1812126636505127,50.41268920898438,99.05084228515624,20.94837951660156
37076,0.2711944580078125,1.40557861328125,-0.023468017578125,0.3540619313716888,0.0111565142869949,-0.1752178817987442,50.38029479980469,98.9524383544922,21.01068115234375
37077,0.2972259521484375,1.39111328125,0.14422607421875,0.9107904434204102,-0.2229872792959213,-0.1693032681941986,50.33090209960938,98.96932983398438,21.00588989257812
37078,0.3075408935546875,1.383087158203125,0.238433837890625,0.9775380492210388,-0.8001081347465515,-0.0991638675332069,50.20552062988281,99.12905883789062,20.894287109375
37079,0.358123779296875,1.428558349609375,0.3182220458984375,0.9775380492210388,-0.8001081347465515,-0.0991638675332069,50.15678405761719,99.10337829589844,20.64300537109375
37080,0.4139404296875,1.446151733398438,0.4254150390625,0.8416827321052551,-1.458187222480774,0.0076906764879822,50.18641662597656,99.20855712890624,20.38639831542969
37081,0.4590606689453125,1.394638061523438,0.5365753173828125,0.5524439811706543,-1.884688496589661,0.1288985908031464,50.2427978515625,99.4075927734375,20.05343627929688
37082,0.47308349609375,1.259811401367188,0.6008148193359375,0.2457743436098099,-1.997469067573547,0.2236256301403046,50.5042724609375,99.58811950683594,19.70527648925781
37083,0.401824951171875,1.07513427734375,0.6028594970703125,-0.0719753876328468,-1.164823770523071,0.3154820501804352,50.88796997070312,99.73713684082033,19.50682067871094
37084,0.3145599365234375,0.8983154296875,0.5013580322265625,0.0094433026388287,-0.7090485095977783,0.1948808133602142,51.3623046875,100.0023803710938,19.43304443359375
37085,0.233123779296875,0.768402099609375,0.3851776123046875,0.0094433026388287,-0.7090485095977783,0.1948808133602142,51.81745910644531,100.0679626464844,19.54029846191406
37086,0.050445556640625,0.6801910400390625,0.338623046875,0.488017350435257,0.0273181740194559,-0.2148001790046692,52.48635864257812,100.0891723632812,19.70034790039062
37087,0.050445556640625,0.6801910400390625,0.338623046875,0.488017350435257,0.0273181740194559,-0.2148001790046692,52.48635864257812,100.0891723632812,19.70034790039062
37088,-0.0217132568359375,0.7241973876953125,0.390228271484375,0.488017350435257,0.0273181740194559,-0.2148001790046692,52.57536315917969,100.2798919677734,19.61886596679688
37089,-0.169342041015625,0.8775634765625,0.4393463134765625,0.3323952555656433,0.8845273852348328,-0.3706206679344177,52.41151428222656,100.5675048828125,19.18748474121094
37090,-0.169342041015625,0.8775634765625,0.4393463134765625,0.3323952555656433,0.8845273852348328,-0.3706206679344177,52.41151428222656,100.5675048828125,19.18748474121094
37091,-0.2296295166015625,0.9531707763671876,0.4480438232421875,0.3323952555656433,0.8845273852348328,-0.3706206679344177,52.11770629882812,100.6870880126953,18.6842041015625
37092,-0.3033599853515625,1.0264892578125,0.4674835205078125,0.1087501794099808,1.096464157104492,-0.3841753602027893,51.75018310546875,100.5422058105469,18.31292724609375
37093,-0.38201904296875,1.047073364257812,0.501007080078125,-0.2018431127071381,1.265940546989441,-0.4144701659679413,51.38629150390625,100.4695129394531,17.76408386230469
37094,-0.4524383544921875,1.056564331054688,0.5308837890625,-0.5508343577384949,1.383485794067383,-0.477479487657547,50.98808288574219,100.2178649902344,17.33340454101562
37095,-0.488525390625,1.016647338867188,0.482147216796875,-0.8772711157798767,1.379204034805298,-0.5785869359970093,50.458251953125,99.78208923339844,16.80606079101562
37096,-0.48199462890625,0.9123687744140624,0.2851715087890625,-0.9173503518104552,0.7469285130500793,-0.6066939234733582,50.01759338378906,99.18603515625,16.63401794433594
37097,-0.4351959228515625,0.8003387451171875,0.161590576171875,-0.8612836003303528,-0.1417336910963058,-0.548132061958313,49.57669067382812,98.4250946044922,16.51637268066406
37098,-0.375152587890625,0.7236328125,0.19818115234375,-0.7072250843048096,-0.892279326915741,-0.4020574390888214,49.21095275878906,97.78718566894533,16.39762878417969
37099,-0.31201171875,0.6918792724609375,0.2423553466796875,-0.548356294631958,-1.262335658073425,-0.1812997460365295,49.02740478515625,97.34579467773438,16.39067077636719
37100,-0.2201080322265625,0.7259368896484375,0.2069549560546875,-0.430708259344101,-1.426450371742249,0.0495683513581752,48.99845886230469,97.06219482421876,16.5416259765625
37101,-0.1393890380859375,0.771575927734375,0.1580047607421875,-0.3387277126312256,-1.440636396408081,0.2591588497161865,49.50482177734375,96.75431823730467,17.24873352050781
37102,0.2726593017578125,0.812469482421875,-0.251922607421875,-0.7209445834159851,-0.8769472241401672,0.7111838459968567,50.27853393554688,96.46253967285156,18.158935546875
37103,0.2726593017578125,0.812469482421875,-0.251922607421875,-0.7209445834159851,-0.8769472241401672,0.7111838459968567,50.27853393554688,96.46253967285156,18.158935546875
37104,0.384613037109375,0.884246826171875,-0.3863372802734375,-1.155586361885071,-0.3493984639644623,0.6512669920921326,50.63810729980469,96.45074462890624,18.65426635742188
37105,0.3564453125,0.9117889404296876,-0.3256378173828125,-1.055105209350586,0.3114340603351593,0.4893044531345367,50.98194885253906,96.29380798339844,19.3485107421875
37106,0.3006591796875,0.9100341796875,-0.3561248779296875,-0.5297799706459045,0.4697997272014618,0.3062304854393005,51.29527282714844,96.14039611816406,19.86083984375
37107,0.1906890869140625,0.8952178955078125,-0.25140380859375,0.0962439775466918,0.2792484164237976,0.1540281772613525,51.39979553222656,96.2328643798828,20.10934448242188
37108,0.0765533447265625,0.830230712890625,-0.1577301025390625,0.4979226887226105,-0.1439174860715866,0.0391809567809104,51.39979553222656,96.2079620361328,20.15203857421875
37109,-0.032806396484375,0.7286224365234375,0.1101531982421875,0.5462332367897034,-0.7736117839813232,-0.0828219130635261,51.50552368164062,96.38494873046876,19.85816955566406
37110,-0.032806396484375,0.7286224365234375,0.1101531982421875,0.5462332367897034,-0.7736117839813232,-0.0828219130635261,51.50552368164062,96.38494873046876,19.85816955566406
37111,-0.0322265625,0.68023681640625,0.1942596435546875,0.3577988743782043,-0.7569319009780884,-0.126378983259201,51.61044311523438,96.67279052734376,19.80633544921875
37112,-0.0208892822265625,0.642181396484375,0.2080535888671875,0.0725817903876304,-0.5526812672615051,-0.1807990819215775,51.6866455078125,96.84619140625,19.72259521484375
37113,-0.039306640625,0.647216796875,0.116058349609375,-0.1627609580755234,-0.3333734273910522,-0.1837783604860306,51.86979675292969,96.95750427246094,19.65339660644531
37114,-0.039306640625,0.647216796875,0.116058349609375,-0.1627609580755234,-0.3333734273910522,-0.1837783604860306,51.86979675292969,96.95750427246094,19.65339660644531
37115,-0.0600128173828125,0.694610595703125,0.048431396484375,-0.1363522559404373,-0.3073210716247559,-0.1534478813409805,51.8695068359375,96.98323059082033,19.91508483886719
37116,-0.0829315185546875,0.7492828369140625,-0.0533905029296875,-0.1268498301506042,-0.3160317242145538,-0.125377357006073,51.97004699707031,96.9215850830078,20.121337890625
37117,-0.059661865234375,0.82916259765625,-0.110565185546875,-0.128436267375946,-0.3675109148025513,-0.1146368309855461,52.02914428710938,97.0015106201172,20.25930786132812
37118,0.0117950439453125,0.95745849609375,-0.0239105224609375,0.0472564622759819,-0.3733424246311188,-0.196823313832283,52.18949890136719,97.02862548828124,20.49598693847656
37119,0.0117950439453125,0.95745849609375,-0.0239105224609375,0.0472564622759819,-0.3733424246311188,-0.196823313832283,52.18949890136719,97.02862548828124,20.49598693847656
37120,0.02728271484375,0.989288330078125,0.0527496337890625,0.2246626764535904,-0.3508464395999908,-0.2145932614803314,52.31501770019531,96.94772338867188,20.42494201660156
37121,0.023773193359375,1.076889038085938,0.1280670166015625,0.3836382031440735,-0.3246380090713501,-0.1792288720607758,52.31074523925781,97.13436889648438,20.14187622070312
37122,0.023773193359375,1.076889038085938,0.1280670166015625,0.3836382031440735,-0.3246380090713501,-0.1792288720607758,52.31074523925781,97.13436889648438,20.14187622070312
37123,0.0093231201171875,1.140777587890625,0.1269378662109375,0.0481422282755374,-0.5353736877441406,-0.1103954836726189,52.403076171875,97.08547973632812,19.938720703125
37124,0.018829345703125,1.206680297851562,0.2152252197265625,-0.2463288158178329,-0.6279166340827942,-0.0820274949073791,52.53668212890625,97.16636657714844,19.89492797851562
37125,0.02996826171875,1.260055541992188,0.2176666259765625,-0.3760029375553131,-0.4998588263988495,-0.0904958099126815,52.59407043457031,97.09603881835938,20.04222106933594
37126,-0.0093994140625,1.352523803710938,0.1043853759765625,-0.3856840431690216,-0.2642452418804169,-0.1235578879714012,52.68557739257812,96.95372009277344,20.29100036621094
37127,-0.0563507080078125,1.466110229492188,-0.022613525390625,-0.2963001132011414,-0.1763124465942383,-0.1534318923950195,52.8182373046875,96.85842895507812,20.36056518554688
37128,-0.077728271484375,1.546173095703125,-0.04608154296875,-0.0908462852239608,-0.2169549465179443,-0.1845655888319016,52.84506225585938,96.77845764160156,20.54364013671875
37129,-0.118499755859375,1.580123901367188,0.04754638671875,0.1824544966220856,-0.3053021132946014,-0.1763039231300354,52.7139892578125,96.79507446289062,20.55760192871094
37130,-0.1662139892578125,1.592315673828125,0.2057037353515625,0.4317601919174194,-0.3594910502433777,-0.1210497245192528,52.66134643554688,96.7180633544922,20.37918090820312
37131,-0.1622772216796875,1.59185791015625,0.3138427734375,0.5113248229026794,-0.4380423128604889,-0.0929350033402442,52.77053833007812,96.81275939941406,20.35757446289062
37132,-0.1344757080078125,1.543563842773438,0.4372100830078125,0.4145569801330566,-0.517194926738739,-0.0942692458629608,52.72456359863281,96.91842651367188,20.27474975585938
37133,-0.120391845703125,1.441207885742188,0.5844268798828125,-0.1342677921056747,-0.0806706100702285,-0.1748080253601074,52.9652099609375,97.19377136230467,20.12631225585938
37134,-0.1117706298828125,1.376358032226562,0.6145782470703125,-0.1342677921056747,-0.0806706100702285,-0.1748080253601074,53.02098083496094,97.25929260253906,20.18548583984375
37135,-0.1117706298828125,1.376358032226562,0.6145782470703125,-0.1342677921056747,-0.0806706100702285,-0.1748080253601074,53.02098083496094,97.25929260253906,20.18548583984375
37136,-0.0957183837890625,1.300155639648438,0.6294403076171875,-0.3667756021022797,0.1327029168605804,-0.2661176919937134,52.99998474121094,97.37466430664062,20.22016906738281
37137,0.0847015380859375,1.0333251953125,0.333343505859375,-0.5926063060760498,0.0102955140173435,-0.1932533532381058,52.81597900390625,97.3118896484375,20.65702819824219
37138,0.0847015380859375,1.0333251953125,0.333343505859375,-0.5926063060760498,0.0102955140173435,-0.1932533532381058,52.81597900390625,97.3118896484375,20.65702819824219
37139,0.0847015380859375,1.0333251953125,0.333343505859375,-0.5926063060760498,0.0102955140173435,-0.1932533532381058,52.81597900390625,97.3118896484375,20.65702819824219
37140,0.212738037109375,0.774261474609375,0.27972412109375,-0.1323724240064621,-1.009878873825073,0.1100806966423988,52.73968505859375,96.84521484375,21.5921630859375
37141,0.399169921875,0.76092529296875,0.4677276611328125,0.0688706785440444,-0.9544223546981812,0.3001302778720856,53.22509765625,96.8914794921875,22.17233276367188
37142,0.399169921875,0.76092529296875,0.4677276611328125,0.0688706785440444,-0.9544223546981812,0.3001302778720856,53.22509765625,96.8914794921875,22.17233276367188
37143,0.5612640380859375,0.836181640625,0.508758544921875,-0.0192815531045198,-0.6857714056968689,0.2294473052024841,53.64161682128906,97.1741180419922,22.39187622070312
37144,0.7149658203125,0.9057464599609376,0.5344390869140625,-0.0192815531045198,-0.6857714056968689,0.2294473052024841,54.10881042480469,97.43798828125,22.41481018066406
37145,0.7241668701171875,0.98565673828125,0.5609283447265625,-0.198874220252037,-0.0320886932313442,0.1226335093379021,54.70205688476562,97.64329528808594,22.57701110839844
37146,0.7241668701171875,0.98565673828125,0.5609283447265625,-0.198874220252037,-0.0320886932313442,0.1226335093379021,54.70205688476562,97.64329528808594,22.57701110839844
37147,0.6324005126953125,0.97808837890625,0.4954376220703125,-0.1186049431562424,0.2819584608078003,0.1190297156572342,54.82939147949219,97.69229125976562,22.57028198242188
37148,0.5288848876953125,0.9271240234375,0.398834228515625,-0.0353177785873413,0.5287554264068604,0.1462554782629013,54.94792175292969,97.67344665527344,22.74374389648438
37149,0.3811798095703125,0.8195037841796875,0.247314453125,0.0008181231096386,0.9233693480491638,0.1148083433508873,54.81889343261719,97.9972686767578,23.01077270507812
37150,0.3811798095703125,0.8195037841796875,0.247314453125,0.0008181231096386,0.9233693480491638,0.1148083433508873,54.81889343261719,97.9972686767578,23.01077270507812
37151,0.3077239990234375,0.779144287109375,0.199737548828125,0.0008181231096386,0.9233693480491638,0.1148083433508873,54.58175659179688,98.25146484375,23.09214782714844
37152,0.2292327880859375,0.7672882080078125,-0.0221405029296875,0.0410201363265514,0.7587209939956665,0.1123792752623558,54.44401550292969,98.5452880859375,23.20655822753906
37153,0.0410614013671875,0.8033294677734375,-0.064910888671875,-0.3035329878330231,-0.1227730587124825,0.0391484685242176,54.09628295898438,98.82102966308594,23.33786010742188
37154,0.0410614013671875,0.8033294677734375,-0.064910888671875,-0.3035329878330231,-0.1227730587124825,0.0391484685242176,54.09628295898438,98.82102966308594,23.33786010742188
37155,-0.0802459716796875,0.763458251953125,0.010040283203125,-0.2764164209365845,-0.1991338729858398,0.014390124939382,54.24221801757812,98.79527282714844,23.44865417480469
37156,-0.1765289306640625,0.7217254638671875,0.05584716796875,-0.1361610293388367,-0.1787561625242233,-0.000572579621803,54.34556579589844,98.61329650878906,23.58221435546875
37157,-0.2851715087890625,0.7142333984375,0.0584564208984375,0.0826834291219711,-0.0243724510073661,-0.1579257249832153,54.49311828613281,98.49324035644533,23.51808166503906
37158,-0.2851715087890625,0.7142333984375,0.0584564208984375,0.0826834291219711,-0.0243724510073661,-0.1579257249832153,54.49311828613281,98.49324035644533,23.51808166503906
37159,-0.2828521728515625,0.6937408447265625,-0.0068511962890625,0.1248175650835037,-0.2015107423067093,-0.2522112131118774,54.53439331054688,98.419921875,23.56022644042969
37160,-0.2477264404296875,0.6809844970703125,-0.0294189453125,0.1524880826473236,-0.4387278258800507,-0.2781226933002472,54.35089111328125,98.42837524414062,23.45539855957031
37161,-0.127838134765625,0.6667022705078125,0.0316925048828125,0.0424185618758201,-0.5299314856529236,-0.2367595434188843,54.37632751464844,98.51119995117188,23.48762512207031
37162,-0.127838134765625,0.6667022705078125,0.0316925048828125,0.0424185618758201,-0.5299314856529236,-0.2367595434188843,54.37632751464844,98.51119995117188,23.48762512207031
37163,-0.0625762939453125,0.655853271484375,0.07177734375,-0.0205390974879264,-0.3802157640457153,-0.1977088153362274,54.40853881835938,98.60777282714844,23.49591064453125
37164,-0.0088958740234375,0.658538818359375,0.1037445068359375,-0.0164295732975006,-0.2256128787994385,-0.1384633332490921,54.48390197753906,98.5902862548828,23.4622802734375
37165,0.06732177734375,0.6970672607421875,0.1666717529296875,-0.0738838091492652,0.1949700266122818,0.0004146541759837,54.53021240234375,98.4939422607422,23.74624633789062
37166,0.0984344482421875,0.72039794921875,0.128204345703125,-0.0738838091492652,0.1949700266122818,0.0004146541759837,54.54609680175781,98.41690063476562,23.99760437011719
37167,0.0984344482421875,0.72039794921875,0.128204345703125,-0.0738838091492652,0.1949700266122818,0.0004146541759837,54.54609680175781,98.41690063476562,23.99760437011719
37168,0.13104248046875,0.7476043701171875,0.0919952392578125,-0.0912529453635215,0.2545159161090851,0.0271216314285993,54.49720764160156,98.43148803710938,23.93540954589844
37169,0.149078369140625,0.8194732666015625,-0.026458740234375,-0.0736119002103805,0.3696302473545074,-0.0053550843149423,54.35617065429688,98.56251525878906,23.8316650390625
37170,0.149078369140625,0.8194732666015625,-0.026458740234375,-0.0736119002103805,0.3696302473545074,-0.0053550843149423,54.35617065429688,98.56251525878906,23.8316650390625
37171,0.133819580078125,0.866668701171875,-0.0612640380859375,-0.0357534699141979,0.342473179101944,-0.0413700751960277,54.25810241699219,98.6667938232422,23.87318420410156
37172,0.11163330078125,0.9326934814453124,-0.051025390625,0.04063131660223,0.319151371717453,-0.0633233115077018,54.24232482910156,98.65809631347656,23.97390747070312
37173,0.0672607421875,1.087493896484375,-0.0189361572265625,0.2925024330615997,0.2409582883119583,-0.1070177927613258,54.0804443359375,98.48963928222656,24.479248046875
37174,0.0569915771484375,1.157272338867188,0.006591796875,0.3837202191352844,0.1634951829910278,-0.1307023465633392,53.94244384765625,98.5958251953125,24.47268676757812
37175,0.0569915771484375,1.157272338867188,0.006591796875,0.3837202191352844,0.1634951829910278,-0.1307023465633392,53.94244384765625,98.5958251953125,24.47268676757812
37176,0.0604248046875,1.213180541992188,0.0636749267578125,0.429364949464798,0.1147425621747971,-0.1619303077459335,53.85992431640625,98.71902465820312,24.4334716796875
37177,0.0848846435546875,1.298507690429688,0.15850830078125,0.3327643871307373,0.0748753026127815,-0.2073473334312439,53.71333312988281,99.01885986328124,23.95938110351562
37178,0.0848846435546875,1.298507690429688,0.15850830078125,0.3327643871307373,0.0748753026127815,-0.2073473334312439,53.71333312988281,99.01885986328124,23.95938110351562
37179,0.0880279541015625,1.32293701171875,0.167877197265625,0.194604903459549,0.0811521112918853,-0.2270190417766571,53.64271545410156,99.14208984375,24.01942443847656
37180,0.0920562744140625,1.3450927734375,0.141510009765625,0.0506362803280353,0.107725128531456,-0.2447184026241302,53.43397521972656,99.44061279296876,23.90724182128906
37181,0.1248931884765625,1.371688842773438,-0.043548583984375,-0.0669444128870964,-0.1095541939139366,-0.2124986797571182,53.29664611816406,99.46661376953124,23.82798767089844
37182,0.1248931884765625,1.371688842773438,-0.043548583984375,-0.0669444128870964,-0.1095541939139366,-0.2124986797571182,53.29664611816406,99.46661376953124,23.82798767089844
37183,0.1710357666015625,1.41302490234375,-0.1383209228515625,-0.0669444128870964,-0.1095541939139366,-0.2124986797571182,53.06134033203125,99.43212890625,24.02989196777344
37184,0.224945068359375,1.449996948242188,0.02532958984375,0.2769631445407867,-0.2424371391534805,-0.2160119265317917,53.00009155273438,99.49226379394533,23.95695495605469
37185,0.3094024658203125,1.423919677734375,0.3614501953125,0.3817942440509796,-0.5514596700668335,-0.1873049139976501,52.929443359375,99.55006408691406,24.03767395019531
37186,0.3550262451171875,1.385208129882812,0.3845062255859375,0.3817942440509796,-0.5514596700668335,-0.1873049139976501,52.94512939453125,99.5285186767578,23.99810791015625
37187,0.3550262451171875,1.385208129882812,0.3845062255859375,0.3817942440509796,-0.5514596700668335,-0.1873049139976501,52.94512939453125,99.5285186767578,23.99810791015625
37188,0.3742523193359375,1.323883056640625,0.4910888671875,0.3339508175849915,-0.9493338465690612,-0.0999039635062217,52.93063354492188,99.55259704589844,23.87667846679688
37189,0.433319091796875,1.18084716796875,0.6600799560546875,-0.0954796522855758,-1.384393692016602,0.3633593022823334,53.22296142578125,99.81497192382812,23.52630615234375
37190,0.433319091796875,1.18084716796875,0.6600799560546875,-0.0954796522855758,-1.384393692016602,0.3633593022823334,53.22296142578125,99.81497192382812,23.52630615234375
37191,0.4154205322265625,1.034423828125,0.6934967041015625,-0.0954796522855758,-1.384393692016602,0.3633593022823334,53.43118286132812,99.85281372070312,23.58525085449219
37192,0.3217315673828125,0.8594970703125,0.62939453125,-0.1122604981064796,-0.9712833166122437,0.3365005254745483,53.88151550292969,99.85121154785156,23.68392944335938
37193,0.1209259033203125,0.7099761962890625,0.4115142822265625,0.2706096470355988,-0.062658317387104,0.0841809213161468,54.61872863769531,99.57101440429688,23.91777038574219
37194,0.1209259033203125,0.7099761962890625,0.4115142822265625,0.2706096470355988,-0.062658317387104,0.0841809213161468,54.61872863769531,99.57101440429688,23.91777038574219
37195,0.0576019287109375,0.7503509521484375,0.3884124755859375,0.2706096470355988,-0.062658317387104,0.0841809213161468,54.85617065429688,99.61906433105467,23.91395568847656
37196,-0.012481689453125,0.80780029296875,0.39288330078125,0.3028016686439514,0.0700299516320228,0.0211428366601467,54.93310546875,99.62971496582033,23.87678527832031
37197,-0.1272125244140625,0.924041748046875,0.4145660400390625,0.0719905719161033,0.4408588707447052,-0.0981444120407104,54.86763000488281,99.92111206054688,23.55612182617188
37198,-0.177032470703125,1.00372314453125,0.41473388671875,-0.1918730288743973,0.5805376768112183,-0.1689477413892746,54.60285949707031,99.98281860351562,23.41360473632812
37199,-0.177032470703125,1.00372314453125,0.41473388671875,-0.1918730288743973,0.5805376768112183,-0.1689477413892746,54.60285949707031,99.98281860351562,23.41360473632812
37200,-0.2198638916015625,1.066909790039062,0.4111328125,-0.5033187866210938,0.6928490400314331,-0.2280938923358917,54.46949768066406,100.0346527099609,23.16264343261719
37201,-0.2765045166015625,1.1083984375,0.28955078125,-0.8080768585205078,0.4222801327705383,-0.0842054262757301,53.96795654296875,99.30784606933594,22.81587219238281
37202,-0.2765045166015625,1.1083984375,0.28955078125,-0.8080768585205078,0.4222801327705383,-0.0842054262757301,53.96795654296875,99.30784606933594,22.81587219238281
37203,-0.19091796875,1.085052490234375,0.192169189453125,-0.7075315713882446,0.0461065098643302,-0.0017763284267857,53.86088562011719,98.57339477539062,22.93508911132812
37204,-0.112548828125,1.023147583007812,0.102813720703125,-0.5673038959503174,-0.3311595618724823,-0.0331219993531703,53.73736572265625,98.09030151367188,23.01603698730469
37205,0.0145263671875,0.929473876953125,0.0830230712890625,-0.3260734379291534,-0.6433272957801819,-0.0634410232305526,53.84817504882812,97.71209716796876,23.47120666503906
37206,0.0145263671875,0.929473876953125,0.0830230712890625,-0.3260734379291534,-0.6433272957801819,-0.0634410232305526,53.84817504882812,97.71209716796876,23.47120666503906
37207,0.104034423828125,0.89447021484375,0.0817108154296875,-0.2119255661964417,-0.4963085651397705,-0.0331963039934635,53.96566772460938,97.44914245605467,23.81591796875
37208,0.1817779541015625,0.8692474365234375,0.0492401123046875,-0.1176201030611992,-0.2916411757469177,-0.005046157632023,54.22309875488281,97.33116149902344,23.89768981933594
37209,0.2189178466796875,0.7947235107421875,-0.0355224609375,-0.0317089259624481,-0.0639350414276123,0.0485709980130195,54.49226379394531,97.31060791015624,23.94271850585938
37210,0.2189178466796875,0.7947235107421875,-0.0355224609375,-0.0317089259624481,-0.0639350414276123,0.0485709980130195,54.49226379394531,97.31060791015624,23.94271850585938
37211,0.1906280517578125,0.7491302490234375,-0.0489349365234375,-0.0194378793239593,-0.0978216379880905,0.0531425811350345,54.43116760253906,97.30018615722656,24.0274658203125
37212,0.165313720703125,0.71026611328125,-0.05328369140625,-0.0071417992003262,-0.1946459114551544,0.0409961678087711,54.52580261230469,97.41854858398438,24.02658081054688
37213,0.0838623046875,0.662322998046875,-0.0690155029296875,0.1213463991880417,-0.3813670575618744,0.0053337789140641,54.65390014648438,97.47512817382812,24.06121826171875
37214,0.0838623046875,0.662322998046875,-0.0690155029296875,0.1213463991880417,-0.3813670575618744,0.0053337789140641,54.65390014648438,97.47512817382812,24.06121826171875
37215,0.0601043701171875,0.63641357421875,-0.0546722412109375,0.2111620455980301,-0.477931410074234,0.005052815657109,54.66827392578125,97.43701171875,24.02389526367188
37216,0.0348358154296875,0.62994384765625,-0.009124755859375,0.262705385684967,-0.539828896522522,-0.0132838478311896,54.75375366210938,97.35862731933594,23.94648742675781
37217,-0.0069732666015625,0.6357879638671875,0.0940399169921875,0.2238839566707611,-0.5847329497337341,-0.0618239529430866,54.92372131347656,97.415283203125,23.55844116210938
37218,-0.0069732666015625,0.6357879638671875,0.0940399169921875,0.2238839566707611,-0.5847329497337341,-0.0618239529430866,54.92372131347656,97.415283203125,23.55844116210938
37219,-0.0168609619140625,0.64471435546875,0.13616943359375,0.1213613152503967,-0.5646783113479614,-0.0720081478357315,55.15025329589844,97.48985290527344,23.36837768554688
37220,-0.026885986328125,0.65814208984375,0.1450653076171875,0.0076379459351301,-0.5645318031311035,-0.0814647674560546,55.24935913085938,97.4739990234375,23.16291809082031
37221,-0.03631591796875,0.6729278564453125,0.12451171875,-0.0728315934538841,-0.6411144733428955,-0.086372971534729,55.42306518554688,97.394287109375,23.17642211914062
37222,-0.0430450439453125,0.689849853515625,0.099273681640625,-0.123694509267807,-0.7368508577346802,-0.1023452803492546,55.53103637695312,97.35935974121094,23.26092529296875
37223,-0.03533935546875,0.7207794189453125,0.0655975341796875,-0.158549427986145,-0.8180556893348694,-0.1362569034099579,55.67866516113281,97.21571350097656,23.32876586914062
37224,-0.011138916015625,0.7713470458984375,0.0428009033203125,-0.1612615883350372,-0.8718968033790588,-0.1759047210216522,55.8106689453125,97.23887634277344,23.40608215332031
37225,0.02703857421875,0.9023895263671876,0.032012939453125,-0.0771919935941696,-0.9325010776519777,-0.2045648545026779,56.08393859863281,97.04104614257812,23.45552062988281
37226,0.02703857421875,0.9023895263671876,0.032012939453125,-0.0771919935941696,-0.9325010776519777,-0.2045648545026779,56.08393859863281,97.04104614257812,23.45552062988281
37227,0.0317840576171875,0.956512451171875,0.0429534912109375,-0.0161797683686018,-0.9759036302566528,-0.1870338022708893,56.27688598632812,96.88948059082033,23.45561218261719
37228,0.0381927490234375,1.002059936523438,0.0757904052734375,0.0524078123271465,-0.9997839331626892,-0.1373352259397507,56.38917541503906,96.7852783203125,23.45388793945312
37229,0.063751220703125,1.106185913085938,0.146453857421875,0.0756939649581909,-0.8664112687110901,-0.0058195395395159,56.89553833007812,96.63800048828124,23.53250122070312
37230,0.063751220703125,1.106185913085938,0.146453857421875,0.0756939649581909,-0.8664112687110901,-0.0058195395395159,56.89553833007812,96.63800048828124,23.53250122070312
37231,0.0405120849609375,1.161270141601562,0.2213592529296875,0.0182932540774345,-0.6304277777671814,0.0254220031201839,57.07830810546875,96.51179504394533,23.53298950195312
37232,0.0542449951171875,1.233978271484375,0.22467041015625,0.0182932540774345,-0.6304277777671814,0.0254220031201839,57.26544189453125,96.41804504394533,23.46908569335938
37233,-0.12261962890625,1.33636474609375,0.1027679443359375,-0.0947592630982399,-0.1266535520553589,0.0103732785210013,57.71240234375,96.30189514160156,23.10934448242188
37234,-0.12261962890625,1.33636474609375,0.1027679443359375,-0.0947592630982399,-0.1266535520553589,0.0103732785210013,57.71240234375,96.30189514160156,23.10934448242188
37235,-0.155426025390625,1.378372192382812,0.0095672607421875,-0.0962450429797172,-0.0102230766788125,-0.0386728271842002,57.8154296875,96.3239288330078,23.13186645507812
37236,-0.1481475830078125,1.442733764648438,-0.1302947998046875,0.1578644663095474,-0.3200744092464447,-0.2731524407863617,57.8175048828125,96.36903381347656,23.30781555175781
37237,-0.172271728515625,1.489715576171875,0.168670654296875,0.5768630504608154,-0.2563396394252777,-0.2856495976448059,57.87786865234375,96.36198425292967,23.49215698242188
37238,-0.172271728515625,1.489715576171875,0.168670654296875,0.5768630504608154,-0.2563396394252777,-0.2856495976448059,57.87786865234375,96.36198425292967,23.49215698242188
37239,-0.172271728515625,1.489715576171875,0.168670654296875,0.5768630504608154,-0.2563396394252777,-0.2856495976448059,57.87786865234375,96.36198425292967,23.49215698242188
37240,-0.08154296875,1.474822998046875,0.4712371826171875,1.160768628120422,0.2990873754024506,-0.1664225310087204,57.84916687011719,96.54209899902344,23.39179992675781
37241,-0.0547637939453125,1.42669677734375,0.5376129150390625,0.9775753021240234,0.0989119336009025,-0.1584727317094803,57.66371154785156,96.8513641357422,22.92692565917969
37242,-0.029815673828125,1.370803833007812,0.6767578125,0.661693811416626,-0.0467049218714237,-0.1741009652614594,57.51593017578125,97.03163146972656,22.67861938476562
37243,0.0110931396484375,1.2703857421875,0.736724853515625,0.3347654640674591,-0.043229229748249,-0.1929396241903305,57.42149353027344,97.30998229980467,22.44337463378906
37244,0.0436248779296875,1.143218994140625,0.72216796875,0.0490623526275157,0.0218413826078176,-0.2004840970039368,57.31687927246094,97.58811950683594,21.99308776855469
37245,0.0997314453125,0.942169189453125,0.6295318603515625,-0.3845463395118713,0.187838613986969,-0.1933361738920212,57.22491455078125,97.82968139648438,21.76216125488281
37246,0.0997314453125,0.942169189453125,0.6295318603515625,-0.3845463395118713,0.187838613986969,-0.1933361738920212,57.22491455078125,97.82968139648438,21.76216125488281
37247,0.1710205078125,0.8492889404296875,0.4884490966796875,-0.4597617387771606,-0.001178448786959,-0.096831202507019,57.04786682128906,98.13923645019533,21.83102416992188
37248,0.2282257080078125,0.805267333984375,0.39892578125,-0.425814151763916,-0.3354467153549194,-0.0041694450192153,57.09175109863281,98.110107421875,21.95655822753906
37249,0.391510009765625,0.83428955078125,0.3679351806640625,-0.3533609807491302,-0.7903846502304077,-0.0138758681714534,57.10897827148438,97.97909545898438,22.44403076171875
37250,0.391510009765625,0.83428955078125,0.3679351806640625,-0.3533609807491302,-0.7903846502304077,-0.0138758681714534,57.10897827148438,97.97909545898438,22.44403076171875
37251,0.4774322509765625,0.8790283203125,0.3909454345703125,-0.4020006954669952,-0.7833560705184937,-0.0148804122582078,57.21697998046875,97.96206665039062,22.72225952148438
37252,0.5608367919921875,0.95941162109375,0.434783935546875,-0.4786803126335144,-0.5645334124565125,0.0370874479413032,57.47523498535156,97.889404296875,23.01637268066406
37253,0.6215362548828125,1.135147094726562,0.4641571044921875,-0.4566943049430847,0.4599747955799103,0.1182246431708336,57.87596130371094,97.65953063964844,23.67247009277344
37254,0.548126220703125,1.199905395507812,0.4096221923828125,-0.3529085218906403,0.5777280330657959,0.1204057708382607,57.93380737304688,97.56632995605467,23.90989685058594
37255,0.548126220703125,1.199905395507812,0.4096221923828125,-0.3529085218906403,0.5777280330657959,0.1204057708382607,57.93380737304688,97.56632995605467,23.90989685058594
37256,0.4504241943359375,1.207366943359375,0.328521728515625,-0.3529085218906403,0.5777280330657959,0.1204057708382607,58.01235961914062,97.41558837890624,24.12202453613281
37257,0.2671356201171875,1.063247680664062,0.0957489013671875,0.1436138898134232,0.2959877252578735,0.0748215094208717,57.99478149414062,97.32879638671876,24.59681701660156
37258,0.2671356201171875,1.063247680664062,0.0957489013671875,0.1436138898134232,0.2959877252578735,0.0748215094208717,57.99478149414062,97.32879638671876,24.59681701660156
37259,0.17572021484375,0.97943115234375,0.0527801513671875,0.1436138898134232,0.2959877252578735,0.0748215094208717,57.86917114257812,97.427734375,24.88209533691406
37260,0.0713043212890625,0.89288330078125,0.0236358642578125,0.3284892141819,0.2427758872509003,0.0890278741717338,57.77827453613281,97.5850830078125,24.96707153320312
37261,-0.10400390625,0.8077392578125,0.1194000244140625,0.5957627296447754,0.41370689868927,0.1005159541964531,57.8209228515625,97.85218811035156,24.85670471191406
37262,-0.10400390625,0.8077392578125,0.1194000244140625,0.5957627296447754,0.41370689868927,0.1005159541964531,57.8209228515625,97.85218811035156,24.85670471191406
37263,-0.1906585693359375,0.7920684814453125,0.136474609375,0.6018744111061096,0.6222766041755676,0.0386403352022171,57.76864624023438,97.94219970703124,24.73265075683594
37264,-0.276641845703125,0.7817535400390625,0.0895843505859375,0.5123775601387024,0.7015709280967712,-0.0623030550777912,57.62765502929688,98.07357788085938,24.56068420410156
37265,-0.3080902099609375,0.6818084716796875,-0.0510101318359375,0.3233825862407684,0.3412739634513855,-0.1909497082233429,57.23834228515625,98.59608459472656,23.93083190917969
37266,-0.3080902099609375,0.6818084716796875,-0.0510101318359375,0.3233825862407684,0.3412739634513855,-0.1909497082233429,57.23834228515625,98.59608459472656,23.93083190917969
37267,-0.2510833740234375,0.6396331787109375,-0.07110595703125,0.3049535155296326,0.0716305077075958,-0.2463890016078949,57.00041198730469,98.8411865234375,23.70330810546875
37268,-0.1969757080078125,0.60968017578125,-0.0432281494140625,0.2086805105209351,-0.0928812026977539,-0.2843952476978302,56.90707397460938,98.98086547851562,23.70181274414062
37269,-0.1085357666015625,0.5695953369140625,0.030548095703125,0.1190507560968399,0.1397214084863663,-0.1775220632553101,56.61949157714844,99.27174377441406,23.43597412109375
37270,-0.1085357666015625,0.5695953369140625,0.030548095703125,0.1190507560968399,0.1397214084863663,-0.1775220632553101,56.61949157714844,99.27174377441406,23.43597412109375
37271,-0.0595855712890625,0.561370849609375,0.043975830078125,0.1190507560968399,0.1397214084863663,-0.1775220632553101,56.51025390625,99.24839782714844,23.39495849609375
37272,-0.0098114013671875,0.5643768310546875,0.060028076171875,0.1066140606999397,0.2515949606895447,-0.0834019482135772,56.42112731933594,99.34205627441406,23.38577270507812
37273,0.0837860107421875,0.6204681396484375,0.0878448486328125,0.1090471222996712,0.5485973358154297,0.0502197593450546,56.25857543945312,99.42169189453124,23.73335266113281
37274,0.0837860107421875,0.6204681396484375,0.0878448486328125,0.1090471222996712,0.5485973358154297,0.0502197593450546,56.25857543945312,99.42169189453124,23.73335266113281
37275,0.1583251953125,0.6592254638671875,0.064300537109375,0.1063767746090889,0.6355080008506775,0.0756316408514976,56.18353271484375,99.53871154785156,23.597900390625
37276,0.19561767578125,0.6981353759765625,0.03900146484375,0.0950559452176094,0.7192191481590271,0.0739783570170402,56.15913391113281,99.62167358398438,23.64373779296875
37277,0.16339111328125,0.77557373046875,-0.077392578125,0.1740714013576508,0.7301860451698303,0.0226342063397169,55.82040405273438,99.87904357910156,23.65689086914062
37278,0.1292724609375,0.835784912109375,-0.107391357421875,0.1740714013576508,0.7301860451698303,0.0226342063397169,55.6181640625,99.921630859375,23.71829223632812
37279,0.1292724609375,0.835784912109375,-0.107391357421875,0.1740714013576508,0.7301860451698303,0.0226342063397169,55.6181640625,99.921630859375,23.71829223632812
37280,0.0950164794921875,0.905364990234375,-0.108306884765625,0.2455469071865082,0.6773249506950378,-0.0058943745680153,55.40975952148438,99.98696899414062,23.83206176757812
37281,0.048553466796875,1.043136596679688,-0.0693359375,0.3881464004516602,0.6332293748855591,-0.0427567847073078,54.98167419433594,100.3884429931641,23.39796447753906
37282,0.048553466796875,1.043136596679688,-0.0693359375,0.3881464004516602,0.6332293748855591,-0.0427567847073078,54.98167419433594,100.3884429931641,23.39796447753906
37283,0.0480499267578125,1.091400146484375,-0.036895751953125,0.4340334832668304,0.6015154123306274,-0.030949393287301,54.86209106445312,100.5298004150391,23.33026123046875
37284,0.0614166259765625,1.130477905273438,0.023590087890625,0.4743864834308624,0.5111969709396362,-0.0157331563532352,54.66314697265625,100.6720123291016,23.1610107421875
37285,0.07403564453125,1.193603515625,0.15185546875,0.3208949267864227,0.1594762057065964,0.0125653268769383,54.3114013671875,100.8417358398438,22.7406005859375
37286,0.07403564453125,1.193603515625,0.15185546875,0.3208949267864227,0.1594762057065964,0.0125653268769383,54.3114013671875,100.8417358398438,22.7406005859375
37287,0.126983642578125,1.216690063476562,0.2221221923828125,0.1466506868600845,0.0907386913895607,0.0108076399192214,54.25393676757812,100.9430999755859,22.59077453613281
37288,0.1725311279296875,1.26763916015625,0.2140350341796875,-0.0337691493332386,0.1711549758911133,0.0415562316775322,54.3082275390625,100.8942260742188,22.46519470214844
37289,0.2048797607421875,1.419342041015625,-0.0904388427734375,-0.1941361874341965,0.2955658733844757,0.1168190240859985,54.29035949707031,100.8013763427734,22.39468383789062
37290,0.2048797607421875,1.419342041015625,-0.0904388427734375,-0.1941361874341965,0.2955658733844757,0.1168190240859985,54.29035949707031,100.8013763427734,22.39468383789062
37291,0.17449951171875,1.504302978515625,-0.17193603515625,-0.1036656722426414,0.1588045656681061,0.1331615149974823,54.25509643554688,100.8309020996094,22.43551635742188
37292,0.1437225341796875,1.571319580078125,-0.0224151611328125,0.1325806826353073,0.0195883493870496,0.1179383546113968,54.2916259765625,100.7963714599609,22.42141723632812
37293,0.116485595703125,1.590850830078125,0.221435546875,0.4721166789531708,-0.2072373479604721,0.0277189798653125,54.35603332519531,100.9537811279297,22.48399353027344
37294,0.116485595703125,1.590850830078125,0.221435546875,0.4721166789531708,-0.2072373479604721,0.0277189798653125,54.35603332519531,100.9537811279297,22.48399353027344
37295,0.116485595703125,1.590850830078125,0.221435546875,0.4721166789531708,-0.2072373479604721,0.0277189798653125,54.35603332519531,100.9537811279297,22.48399353027344
37296,0.1642608642578125,1.518844604492188,0.361236572265625,0.4855459332466125,-0.4850042462348938,0.0264044422656297,54.3682861328125,100.9385070800781,22.25418090820312
37297,0.2703399658203125,1.291305541992188,0.5502471923828125,0.3611928224563599,-1.148696184158325,0.164713054895401,54.51522827148438,101.3659820556641,21.55607604980469
37298,0.2703399658203125,1.291305541992188,0.5502471923828125,0.3611928224563599,-1.148696184158325,0.164713054895401,54.51522827148438,101.3659820556641,21.55607604980469
37299,0.3246002197265625,1.159469604492188,0.6277923583984375,0.1476254165172577,-1.151175379753113,0.2915748655796051,54.71380615234375,101.4308319091797,21.36210632324219
37300,0.265167236328125,0.952850341796875,0.59991455078125,0.0080659156665205,-0.7876378893852234,0.2871079444885254,55.05003356933594,101.4373474121094,21.39334106445312
37301,0.0487518310546875,0.63128662109375,0.360260009765625,0.1687213778495789,0.0528419092297554,0.1247525811195374,55.59248352050781,101.4241790771484,21.52149963378906
37302,0.0487518310546875,0.63128662109375,0.360260009765625,0.1687213778495789,0.0528419092297554,0.1247525811195374,55.59248352050781,101.4241790771484,21.52149963378906
37303,0.00042724609375,0.6553955078125,0.3584136962890625,0.214777022600174,0.2821419537067413,0.0768862590193748,55.6727294921875,101.4138793945312,21.54815673828125
37304,-0.029815673828125,0.700286865234375,0.377532958984375,0.083231508731842,0.4428772926330566,0.0234786942601203,55.72300720214844,101.4114074707031,21.58828735351562
37305,-0.1146392822265625,0.8165130615234375,0.512664794921875,-0.1336302310228348,0.6173324584960938,-0.0346666350960731,55.33538818359375,101.5269622802734,21.40974426269531
37306,-0.1146392822265625,0.8165130615234375,0.512664794921875,-0.1336302310228348,0.6173324584960938,-0.0346666350960731,55.33538818359375,101.5269622802734,21.40974426269531
37307,-0.16705322265625,0.928070068359375,0.512542724609375,-0.4506782293319702,0.8163872361183167,-0.1667319983243942,55.24266052246094,101.4948883056641,21.4183349609375
37308,-0.21905517578125,1.009445190429688,0.4828033447265625,-0.7274366021156311,0.9420037269592284,-0.2946542799472809,55.00930786132812,101.2905426025391,21.2596435546875
37309,-0.27099609375,1.068191528320312,0.3318634033203125,-0.8838224411010742,0.7984889149665833,-0.301155298948288,54.29653930664062,100.4868011474609,21.18313598632812
37310,-0.27099609375,1.068191528320312,0.3318634033203125,-0.8838224411010742,0.7984889149665833,-0.301155298948288,54.29653930664062,100.4868011474609,21.18313598632812
37311,-0.2530975341796875,1.068618774414062,0.1878662109375,-0.7811570763587952,0.3563714325428009,-0.1030049473047256,54.07542419433594,99.74996948242188,21.24028015136719
37312,-0.1431427001953125,1.051055908203125,0.12139892578125,-0.7031258940696716,-0.0352895483374595,0.0695167630910873,53.85939025878906,98.9835205078125,21.36558532714844
37313,0.031585693359375,0.9662933349609376,0.0840606689453125,-0.5776606798171997,-0.0579293444752693,0.1876210272312164,53.87043762207031,98.45620727539062,21.83331298828125
37314,0.031585693359375,0.9662933349609376,0.0840606689453125,-0.5776606798171997,-0.0579293444752693,0.1876210272312164,53.87043762207031,98.45620727539062,21.83331298828125
37315,0.104888916015625,0.9026641845703124,0.071075439453125,-0.5776606798171997,-0.0579293444752693,0.1876210272312164,54.01155090332031,98.27230834960938,22.01908874511719
37316,0.15185546875,0.8493499755859375,0.07666015625,-0.5821824669837952,0.265922486782074,0.2276012003421783,54.04786682128906,98.18540954589844,22.28561401367188
37317,0.187255859375,0.768035888671875,-0.0192413330078125,-0.4627157151699066,0.8006580471992493,0.2583713531494141,54.23139953613281,97.93637084960938,22.84089660644531
37318,0.187255859375,0.768035888671875,-0.0192413330078125,-0.4627157151699066,0.8006580471992493,0.2583713531494141,54.23139953613281,97.93637084960938,22.84089660644531
37319,0.1804351806640625,0.7262420654296875,-0.1087646484375,-0.3832911849021912,0.6949800848960876,0.2442640662193298,54.28244018554688,97.7108154296875,23.06947326660156
37320,0.1638031005859375,0.68902587890625,-0.1338958740234375,-0.2836325168609619,0.4618121087551117,0.2167616039514542,54.20353698730469,97.67643737792967,23.15719604492188
37321,0.094970703125,0.6617279052734375,-0.14202880859375,0.023578030988574,0.3152431547641754,0.1625955700874329,54.14076232910156,97.56494140625,23.05342102050781
37322,0.094970703125,0.6617279052734375,-0.14202880859375,0.023578030988574,0.3152431547641754,0.1625955700874329,54.14076232910156,97.56494140625,23.05342102050781
37323,0.0424346923828125,0.66546630859375,-0.139007568359375,0.1506334543228149,0.2085718512535095,0.1378151178359985,53.950927734375,97.6491241455078,22.89768981933594
37324,-0.0094451904296875,0.667938232421875,-0.0875396728515625,0.2264445871114731,0.116437666118145,0.0975816845893859,54.00599670410156,97.633544921875,22.91326904296875
37325,-0.0668182373046875,0.6895904541015625,0.0174560546875,0.2385632991790771,-0.0136987678706646,0.0405658036470413,53.97203063964844,97.70555114746094,22.97691345214844
37326,-0.0668182373046875,0.6895904541015625,0.0174560546875,0.2385632991790771,-0.0136987678706646,0.0405658036470413,53.97203063964844,97.70555114746094,22.97691345214844
37327,-0.081756591796875,0.703887939453125,0.07525634765625,0.13419508934021,-0.0083522060886025,0.0522504225373268,53.99546813964844,97.72129821777344,22.88642883300781
37328,-0.0833282470703125,0.7094879150390625,0.091156005859375,0.0164226498454809,0.0233026593923568,0.0518426895141601,53.976806640625,97.70425415039062,22.90525817871094
37329,-0.0819244384765625,0.755462646484375,0.073028564453125,-0.0821300223469734,-0.119079515337944,0.023478427901864,54.12471008300781,97.63168334960938,22.61102294921875
37330,-0.0819244384765625,0.755462646484375,0.073028564453125,-0.0821300223469734,-0.119079515337944,0.023478427901864,54.12471008300781,97.63168334960938,22.61102294921875
37331,-0.08251953125,0.7813873291015625,0.04364013671875,-0.0966996476054191,-0.2615783512592316,-0.0001272990921279,54.15249633789062,97.65402221679688,22.5458984375
37332,-0.088348388671875,0.8137054443359375,0.019439697265625,-0.0842648148536682,-0.3532432913780212,-0.0252949707210063,54.22044372558594,97.46383666992188,22.64419555664062
37333,-0.0810546875,0.918701171875,-0.030517578125,0.0459376648068428,-0.3668685555458069,-0.047944888472557,54.39344787597656,97.33541870117188,22.71284484863281
37334,-0.0810546875,0.918701171875,-0.030517578125,0.0459376648068428,-0.3668685555458069,-0.047944888472557,54.39344787597656,97.33541870117188,22.71284484863281
37335,-0.0743865966796875,0.9584808349609376,-0.0216064453125,0.1649231761693954,-0.3106907606124878,-0.0570702105760574,54.48670959472656,97.3416748046875,22.7366943359375
37336,-0.0608978271484375,0.989990234375,0.0182952880859375,0.413525253534317,-0.1409619152545929,-0.0803145468235015,54.50927734375,97.33921813964844,22.72822570800781
37337,-0.02130126953125,1.073013305664062,0.1285552978515625,0.472288966178894,-0.0829446837306022,-0.0650897845625877,54.60369873046875,97.33657836914062,22.53526306152344
37338,-0.02130126953125,1.073013305664062,0.1285552978515625,0.472288966178894,-0.0829446837306022,-0.0650897845625877,54.60369873046875,97.33657836914062,22.53526306152344
37339,-0.0083770751953125,1.126266479492188,0.15606689453125,0.3164282739162445,-0.028670260682702,-0.0097458381205797,54.7027587890625,97.28843688964844,22.48898315429688
37340,0.0208892822265625,1.2681884765625,0.1678924560546875,0.1429355889558792,0.0657268166542053,-0.0192389413714408,54.69117736816406,97.54835510253906,22.03956604003906
37341,0.02154541015625,1.350814819335938,0.144195556640625,-0.0188482552766799,0.2123980075120926,-0.059981845319271,54.62553405761719,97.5952606201172,21.94261169433594
37342,0.02154541015625,1.350814819335938,0.144195556640625,-0.0188482552766799,0.2123980075120926,-0.059981845319271,54.62553405761719,97.5952606201172,21.94261169433594
37343,0.0126800537109375,1.442550659179688,0.0758209228515625,-0.1223461553454399,0.3072411715984344,-0.125827431678772,54.57504272460938,97.65711975097656,21.95878601074219
37344,-0.0175933837890625,1.540725708007812,-0.0185394287109375,-0.1089776158332825,0.2360788434743881,-0.2059981673955917,54.48036193847656,97.61912536621094,21.90431213378906
37345,-0.13818359375,1.624801635742188,0.2454376220703125,0.7012350559234619,0.2137016355991364,-0.0036847495939582,54.11555480957031,97.5525360107422,21.72859191894531
37346,-0.13818359375,1.624801635742188,0.2454376220703125,0.7012350559234619,0.2137016355991364,-0.0036847495939582,54.11555480957031,97.5525360107422,21.72859191894531
37347,-0.1483306884765625,1.612594604492188,0.3517303466796875,0.7012350559234619,0.2137016355991364,-0.0036847495939582,53.879150390625,97.5306396484375,21.47895812988281
37348,-0.0721282958984375,1.568161010742188,0.37420654296875,0.6734883785247803,0.0872166603803634,-0.0069447252899408,53.91917419433594,97.57684326171876,21.26771545410156
37349,-0.0290679931640625,1.325332641601562,0.599456787109375,0.331446647644043,-0.0602638721466064,-0.0332777947187423,53.84974670410156,97.64118957519533,20.83241271972656
37350,-0.002166748046875,1.237213134765625,0.6369171142578125,0.155149906873703,-0.0305262170732021,-0.0590404160320758,53.79664611816406,97.82925415039062,20.57441711425781
37351,-0.002166748046875,1.237213134765625,0.6369171142578125,0.155149906873703,-0.0305262170732021,-0.0590404160320758,53.79664611816406,97.82925415039062,20.57441711425781
37352,0.0291748046875,1.137237548828125,0.6109161376953125,-0.0483326464891433,-0.0242984145879745,-0.0873692631721496,53.77003479003906,97.95994567871094,20.56349182128906
37353,0.107391357421875,1.024871826171875,0.5036163330078125,-0.2101929187774658,-0.1585483700037003,-0.0749980807304382,53.73789978027344,98.10720825195312,20.70137023925781
37354,0.107391357421875,1.024871826171875,0.5036163330078125,-0.2101929187774658,-0.1585483700037003,-0.0749980807304382,53.73789978027344,98.10720825195312,20.70137023925781
37355,0.1940155029296875,0.905670166015625,0.3513336181640625,-0.2740176916122437,-0.5791445970535278,0.0209460277110338,53.76620483398438,98.03329467773438,20.93510437011719
37356,0.3047027587890625,0.755859375,0.3686981201171875,-0.280340850353241,-1.034767270088196,0.0639411658048629,54.06700134277344,98.02450561523438,21.3935546875
37357,0.4276580810546875,0.7740020751953125,0.4595947265625,-0.3297736346721649,-0.5126569271087646,0.1640310138463974,54.6903076171875,97.93643188476562,21.97117614746094
37358,0.5090484619140625,0.8472442626953125,0.4457855224609375,-0.3297736346721649,-0.5126569271087646,0.1640310138463974,55.03976440429688,97.80381774902344,22.42689514160156
37359,0.5090484619140625,0.8472442626953125,0.4457855224609375,-0.3297736346721649,-0.5126569271087646,0.1640310138463974,55.03976440429688,97.80381774902344,22.42689514160156
37360,0.573486328125,0.9334869384765624,0.4597320556640625,-0.3776458203792572,-0.2444760501384735,0.2201656550168991,55.35710144042969,97.70075988769533,23.0211181640625
37361,0.4987335205078125,1.084075927734375,0.4363555908203125,-0.4370883703231812,0.2906342148780823,0.2329597473144531,55.6392822265625,97.6673583984375,23.04769897460938
37362,0.4987335205078125,1.084075927734375,0.4363555908203125,-0.4370883703231812,0.2906342148780823,0.2329597473144531,55.6392822265625,97.6673583984375,23.04769897460938
37363,0.398040771484375,1.100784301757812,0.363250732421875,-0.2429082542657852,0.659530520439148,0.1851051449775696,55.77476501464844,97.7110595703125,23.02064514160156
37364,0.3188018798828125,1.10101318359375,0.2468109130859375,-0.2429082542657852,0.659530520439148,0.1851051449775696,55.79618835449219,97.7033233642578,23.18006896972656
37365,0.18829345703125,1.0262451171875,0.0871124267578125,-0.0193241629749536,0.5112299919128418,0.1240090280771255,55.74688720703125,97.42301940917967,24.31887817382812
37366,0.18829345703125,1.0262451171875,0.0871124267578125,-0.0193241629749536,0.5112299919128418,0.1240090280771255,55.74688720703125,97.42301940917967,24.31887817382812
37367,0.1143035888671875,0.9725494384765624,0.1085205078125,-0.0193241629749536,0.5112299919128418,0.1240090280771255,55.67262268066406,97.50924682617188,24.35185241699219
37368,0.042572021484375,0.9222869873046876,0.1526336669921875,0.0255743358284235,0.5530911684036255,0.1138807609677315,55.56414794921875,97.74714660644533,23.77670288085938
37369,-0.1204376220703125,0.7975616455078125,0.2136383056640625,0.0781810879707336,0.7661914229393005,0.0628247708082199,55.39683532714844,97.88418579101562,23.47154235839844
37370,-0.1204376220703125,0.7975616455078125,0.2136383056640625,0.0781810879707336,0.7661914229393005,0.0628247708082199,55.39683532714844,97.88418579101562,23.47154235839844
37371,-0.178466796875,0.7552337646484375,0.22381591796875,0.0487076193094253,0.8917126059532166,-0.0120028667151927,55.28839111328125,97.82098388671876,23.46597290039062
37372,-0.2269134521484375,0.6898345947265625,0.14044189453125,0.0073271552100777,0.9742988348007202,-0.0902667790651321,55.16629028320312,97.94157409667967,23.40232849121094
37373,-0.2515716552734375,0.541290283203125,-0.178497314453125,-0.0718632712960243,0.4121774435043335,-0.1078702732920647,54.65669250488281,97.89860534667967,23.37156677246094
37374,-0.2515716552734375,0.541290283203125,-0.178497314453125,-0.0718632712960243,0.4121774435043335,-0.1078702732920647,54.65669250488281,97.89860534667967,23.37156677246094
37375,-0.2107391357421875,0.475799560546875,-0.2032928466796875,-0.0958647429943084,0.1022368893027306,-0.0426121763885021,54.44773864746094,97.93621826171876,23.27371215820312
37376,-0.1350250244140625,0.4531402587890625,-0.1388397216796875,-0.1014387384057045,0.034774225205183,0.0458492487668991,54.24382019042969,98.0104522705078,23.46661376953125
37377,0.1068115234375,0.5865020751953125,-0.026031494140625,-0.0329925715923309,0.4479575455188751,0.0751781091094017,54.09773254394531,97.89463806152344,23.34158325195312
37378,0.1068115234375,0.5865020751953125,-0.026031494140625,-0.0329925715923309,0.4479575455188751,0.0751781091094017,54.09773254394531,97.89463806152344,23.34158325195312
37379,0.113006591796875,0.6270904541015625,-0.0204010009765625,-0.0094829834997653,0.4120147228240967,0.0951800420880317,54.11097717285156,97.9027099609375,23.40933227539062
37380,0.1100006103515625,0.679290771484375,0.0013427734375,-0.0094829834997653,0.4120147228240967,0.0951800420880317,54.17826843261719,98.11540222167967,23.493408203125
37381,0.1128387451171875,0.756591796875,0.0572967529296875,0.0094531569629907,0.3555865883827209,0.1011670976877213,54.01043701171875,98.25738525390624,23.38604736328125
37382,0.1128387451171875,0.756591796875,0.0572967529296875,0.0094531569629907,0.3555865883827209,0.1011670976877213,54.01043701171875,98.25738525390624,23.38604736328125
37383,0.1194915771484375,0.788299560546875,0.0610809326171875,-0.0424513183534145,0.3347731828689575,0.0909781083464622,54.00067138671875,98.19854736328124,23.34745788574219
37384,0.1202392578125,0.8271026611328125,0.0453948974609375,-0.0424513183534145,0.3347731828689575,0.0909781083464622,53.889404296875,98.08827209472656,23.4014892578125
37385,0.094818115234375,0.8336334228515625,-0.0500946044921875,0.110105462372303,0.2961589694023132,0.016645822674036,53.7774658203125,98.16828918457033,23.46006774902344
37386,0.094818115234375,0.8336334228515625,-0.0500946044921875,0.110105462372303,0.2961589694023132,0.016645822674036,53.7774658203125,98.16828918457033,23.46006774902344
37387,0.0737152099609375,0.861297607421875,-0.0641326904296875,0.110105462372303,0.2961589694023132,0.016645822674036,53.730712890625,98.21028137207033,23.40609741210938
37388,0.0653228759765625,0.9246673583984376,-0.063446044921875,0.1803806871175766,0.2893364727497101,-0.0224600359797477,53.65339660644531,98.157470703125,23.37663269042969
37389,0.0867767333984375,1.080413818359375,-0.021575927734375,0.2613021731376648,0.2208743244409561,-0.0678671970963478,53.50778198242188,98.30593872070312,23.31784057617188
37390,0.0867767333984375,1.080413818359375,-0.021575927734375,0.2613021731376648,0.2208743244409561,-0.0678671970963478,53.50778198242188,98.30593872070312,23.31784057617188
37391,0.1166534423828125,1.124374389648438,0.0269622802734375,0.3242124319076538,0.1763827502727509,-0.0690123587846756,53.41621398925781,98.33033752441406,23.296630859375
37392,0.1231842041015625,1.153778076171875,0.0840606689453125,0.380346268415451,0.0929832011461257,-0.0605240650475025,53.22860717773438,98.42791748046876,23.13827514648438
37393,0.052032470703125,1.229461669921875,0.2399444580078125,0.246695265173912,-0.0217931792140007,-0.0478442199528217,53.16943359375,98.69602966308594,22.81918334960938
37394,0.052032470703125,1.229461669921875,0.2399444580078125,0.246695265173912,-0.0217931792140007,-0.0478442199528217,53.16943359375,98.69602966308594,22.81918334960938
37395,0.05517578125,1.27447509765625,0.2643585205078125,0.0965198799967765,0.0623483285307884,-0.0778242275118827,53.09104919433594,98.7733917236328,22.56222534179688
37396,0.07232666015625,1.328643798828125,0.2425994873046875,-0.0482647344470024,0.2002183198928833,-0.1137920767068863,53.12411499023438,98.7476806640625,22.62692260742188
37397,0.0864715576171875,1.42669677734375,-0.0132598876953125,-0.2106818705797195,0.4692018330097198,-0.1171772256493568,53.09579467773438,98.95654296875,22.53170776367188
37398,0.1233062744140625,1.505340576171875,-0.07952880859375,-0.1683695763349533,0.2545057833194733,-0.1406119763851166,52.87583923339844,99.05377197265624,22.57826232910156
37399,0.1233062744140625,1.505340576171875,-0.07952880859375,-0.1683695763349533,0.2545057833194733,-0.1406119763851166,52.87583923339844,99.05377197265624,22.57826232910156
37400,0.1706695556640625,1.567672729492188,0.085052490234375,0.0623699016869068,0.0638594031333923,-0.1790981143712997,52.68577575683594,98.99356079101562,22.84394836425781
37401,0.207794189453125,1.594100952148438,0.2098846435546875,0.4642475545406342,-0.3120258152484894,-0.2266597747802734,52.47503662109375,98.89500427246094,22.91264343261719
37402,0.207794189453125,1.594100952148438,0.2098846435546875,0.4642475545406342,-0.3120258152484894,-0.2266597747802734,52.47503662109375,98.89500427246094,22.91264343261719
37403,0.2548370361328125,1.584945678710938,0.313262939453125,0.552460253238678,-0.7006039023399353,-0.1743257343769073,52.45451354980469,98.90867614746094,22.70913696289062
37404,0.310089111328125,1.565444946289062,0.3939056396484375,0.6553144454956055,-1.136637091636658,-0.1112748607993126,52.38052368164062,98.9792938232422,22.59739685058594
37405,0.40185546875,1.332901000976562,0.5084381103515625,0.2169155329465866,-2.386165618896484,0.2972023785114288,52.74807739257812,99.29258728027344,21.92460632324219
37406,0.40185546875,1.332901000976562,0.5084381103515625,0.2169155329465866,-2.386165618896484,0.2972023785114288,52.74807739257812,99.29258728027344,21.92460632324219
37407,0.42901611328125,1.167892456054688,0.5833892822265625,-0.0062158177606761,-1.98308265209198,0.3810386955738068,52.97238159179688,99.52883911132812,21.78945922851562
37408,0.3869476318359375,0.9853973388671876,0.61981201171875,-0.0062158177606761,-1.98308265209198,0.3810386955738068,53.34817504882812,99.7240753173828,21.77690124511719
37409,0.2088470458984375,0.6577301025390625,0.360137939453125,-0.0142891909927129,-0.7373930811882019,0.1932048797607422,54.369140625,100.0740966796875,22.20501708984375
37410,0.2088470458984375,0.6577301025390625,0.360137939453125,-0.0142891909927129,-0.7373930811882019,0.1932048797607422,54.369140625,100.0740966796875,22.20501708984375
37411,0.1207275390625,0.604034423828125,0.303009033203125,0.0854390040040016,-0.3759006559848785,0.0568765997886657,54.69444274902344,100.2914733886719,22.06130981445312
37412,0.052703857421875,0.6035614013671875,0.31024169921875,0.1403131633996964,-0.0994727909564971,-0.0398097299039363,55.01223754882812,100.3015441894531,22.02081298828125
37413,-0.05413818359375,0.679656982421875,0.4004058837890625,-0.0420289412140846,0.4464448690414429,-0.1243373975157738,55.26091003417969,100.2842254638672,22.030517578125
37414,-0.099365234375,0.7421722412109375,0.4412994384765625,-0.2414054274559021,0.6602804660797119,-0.1490600556135178,55.27690124511719,100.2056579589844,21.84259033203125
37415,-0.099365234375,0.7421722412109375,0.4412994384765625,-0.2414054274559021,0.6602804660797119,-0.1490600556135178,55.27690124511719,100.2056579589844,21.84259033203125
37416,-0.1454620361328125,0.8175811767578125,0.4954376220703125,-0.4345762133598328,0.8324378132820129,-0.1925449520349503,55.18280029296875,100.0310363769531,21.72138977050781
37417,-0.2162017822265625,0.85870361328125,0.515655517578125,-0.7609764337539673,0.9509384036064148,-0.1413211673498154,54.42083740234375,98.37547302246094,21.58387756347656
37418,-0.2162017822265625,0.85870361328125,0.515655517578125,-0.7609764337539673,0.9509384036064148,-0.1413211673498154,54.42083740234375,98.37547302246094,21.58387756347656
37419,-0.2339019775390625,0.8303985595703125,0.4395294189453125,-0.7529888153076172,0.6195809841156006,-0.0136098181828856,54.16767883300781,97.62712097167967,21.42485046386719
37420,-0.2153472900390625,0.81292724609375,0.4142913818359375,-0.692703902721405,0.2928600907325745,0.1079517677426338,53.98573303222656,97.15084838867188,21.37379455566406
37421,-0.1274566650390625,0.826568603515625,0.369110107421875,-0.5605458617210388,0.022457106038928,0.1183309033513069,53.85647583007812,96.92262268066406,21.55242919921875
37422,-0.0857696533203125,0.8366851806640625,0.304412841796875,-0.4128458797931671,-0.1293864846229553,0.0618950575590133,53.88615417480469,96.61122131347656,21.7847900390625
37423,-0.047119140625,0.8390655517578125,0.235687255859375,-0.2679909765720367,-0.2263849377632141,0.0265634339302778,54.03514099121094,96.51914978027344,21.92262268066406
37424,0.010986328125,0.85333251953125,0.185943603515625,-0.1276035010814667,-0.2980444729328156,0.0458322018384933,54.02445983886719,96.54071044921876,22.23652648925781
37425,0.3275909423828125,0.9668731689453124,-0.08087158203125,-0.5556848049163818,0.9589866995811462,-0.0544248931109905,54.46122741699219,97.4834442138672,22.84201049804688
37426,0.3275909423828125,0.9668731689453124,-0.08087158203125,-0.5556848049163818,0.9589866995811462,-0.0544248931109905,54.46122741699219,97.4834442138672,22.84201049804688
37427,0.3275909423828125,0.9668731689453124,-0.08087158203125,-0.5556848049163818,0.9589866995811462,-0.0544248931109905,54.46122741699219,97.4834442138672,22.84201049804688
37428,0.2814788818359375,0.894378662109375,-0.4634552001953125,-0.937101662158966,1.009489059448242,-0.2359246462583542,54.44786071777344,97.59504699707033,22.980224609375
37429,0.03778076171875,0.8391265869140625,-0.4142913818359375,-0.671267032623291,-0.1201903223991394,-0.1213221698999405,53.90306091308594,96.89178466796876,23.56163024902344
37430,-0.0081024169921875,0.8561859130859375,-0.1943817138671875,-0.1258420795202255,-0.3146655261516571,-0.0720598101615905,53.79515075683594,96.57664489746094,23.68013000488281
37431,-0.0081024169921875,0.8561859130859375,-0.1943817138671875,-0.1258420795202255,-0.3146655261516571,-0.0720598101615905,53.79515075683594,96.57664489746094,23.68013000488281
37432,-0.0396728515625,0.8348388671875,-0.107208251953125,0.3253799676895142,-0.402614027261734,-0.0354634523391723,53.84120178222656,96.34284973144533,23.92778015136719
37433,-0.013397216796875,0.7512664794921875,-0.00323486328125,0.6331705451011658,-0.7615556716918945,-0.0335544981062412,54.01136779785156,96.35885620117188,23.61128234863281
37434,-0.013397216796875,0.7512664794921875,-0.00323486328125,0.6331705451011658,-0.7615556716918945,-0.0335544981062412,54.01136779785156,96.35885620117188,23.61128234863281
37435,-0.00390625,0.7146453857421875,0.100799560546875,0.6091911792755127,-0.7701382637023926,-0.0340618304908275,54.15980529785156,96.51945495605467,23.49851989746094
37436,0.0183258056640625,0.7010955810546875,0.1698150634765625,0.526382327079773,-0.6878042221069336,-0.0275453403592109,54.30792236328125,96.58653259277344,23.4266357421875
37437,0.036865234375,0.7312774658203125,0.1385498046875,0.1766714453697205,-0.4197413623332977,-0.0964580923318862,54.69807434082031,97.06329345703124,22.95379638671875
37438,0.036865234375,0.7312774658203125,0.1385498046875,0.1766714453697205,-0.4197413623332977,-0.0964580923318862,54.69807434082031,97.06329345703124,22.95379638671875
37439,0.036865234375,0.7312774658203125,0.1385498046875,0.1766714453697205,-0.4197413623332977,-0.0964580923318862,54.69807434082031,97.06329345703124,22.95379638671875
37440,0.023345947265625,0.7535400390625,0.065460205078125,0.1692228466272354,-0.3962432146072388,-0.1120050996541977,54.76495361328125,97.1549072265625,23.02162170410156
37441,-0.00262451171875,0.7926177978515625,0.012908935546875,0.2021576315164566,-0.3815790414810181,-0.1073107421398163,54.91947937011719,97.19068908691406,23.11949157714844
37442,-0.0217742919921875,0.852783203125,0.008026123046875,0.3912745416164398,-0.2031885385513306,-0.0644604787230491,54.87911987304688,97.38082885742188,23.10919189453125
37443,-0.0062103271484375,0.918487548828125,0.021636962890625,0.3912745416164398,-0.2031885385513306,-0.0644604787230491,54.93927001953125,97.69195556640624,22.77581787109375
37444,0.0070953369140625,0.9579315185546876,0.0406036376953125,0.325848400592804,-0.3071101307868958,-0.0784846916794776,54.92315673828125,97.80825805664062,22.48553466796875
37445,-0.002532958984375,1.10687255859375,0.02978515625,0.0241295713931322,-0.7228045463562012,-0.1154320538043976,54.97505187988281,97.91259765625,21.98394775390625
37446,-0.002532958984375,1.10687255859375,0.02978515625,0.0241295713931322,-0.7228045463562012,-0.1154320538043976,54.97505187988281,97.91259765625,21.98394775390625
37447,-0.004150390625,1.110214233398438,0.2272186279296875,-0.1386987566947937,-0.827041745185852,-0.1245179623365402,55.14996337890625,97.894775390625,21.74371337890625
37448,0.0073394775390625,1.145904541015625,0.2935333251953125,-0.1229703947901726,-0.6134040355682373,-0.1149497553706169,55.27813720703125,97.70222473144533,21.97781372070312
37449,0.0146484375,1.290939331054688,0.1235198974609375,-0.0056032910943031,-0.0338157527148723,-0.1049032434821129,55.45925903320312,97.62472534179688,21.95697021484375
37450,0.0146484375,1.290939331054688,0.1235198974609375,-0.0056032910943031,-0.0338157527148723,-0.1049032434821129,55.45925903320312,97.62472534179688,21.95697021484375
37451,-0.00372314453125,1.377456665039062,0.0117645263671875,-0.0056032910943031,-0.0338157527148723,-0.1049032434821129,55.49468994140625,97.6891632080078,21.91995239257812
37452,-0.0169219970703125,1.4503173828125,-0.06683349609375,-0.0603139400482177,-0.1232995614409447,-0.1229525506496429,55.50289916992188,97.7786102294922,21.88359069824219
37453,-0.0709381103515625,1.531356811523438,0.0399627685546875,0.3534225225448608,-0.4588828980922699,-0.1187490224838257,55.45631408691406,97.59197998046876,21.96298217773438
37454,-0.0709381103515625,1.531356811523438,0.0399627685546875,0.3534225225448608,-0.4588828980922699,-0.1187490224838257,55.45631408691406,97.59197998046876,21.96298217773438
37455,-0.0965118408203125,1.541458129882812,0.1912689208984375,0.7118309736251831,-0.351209431886673,-0.0505643747746944,55.51103210449219,97.61473083496094,22.01031494140625
37456,-0.0898895263671875,1.545028686523438,0.234344482421875,0.8133285641670227,-0.2294526249170303,-0.0396379567682743,55.60856628417969,97.68830871582033,21.76763916015625
37457,-0.19061279296875,1.472885131835938,0.4499359130859375,0.6208744645118713,-0.1011258214712143,-0.0918092802166938,55.51840209960938,98.08595275878906,20.97041320800781
37458,-0.19061279296875,1.472885131835938,0.4499359130859375,0.6208744645118713,-0.1011258214712143,-0.0918092802166938,55.51840209960938,98.08595275878906,20.97041320800781
37459,-0.1876373291015625,1.371200561523438,0.44488525390625,0.5358977913856506,-0.1634594947099686,-0.1113462299108505,55.51078796386719,98.287109375,20.56776428222656
37460,-0.1658935546875,1.257171630859375,0.471649169921875,0.4442698657512665,-0.2343672215938568,-0.1624533534049988,55.46525573730469,98.34683227539062,20.34187316894531
37461,-0.1222381591796875,1.010955810546875,0.56475830078125,0.2517978847026825,-0.2356985360383987,-0.2912097275257111,55.45132446289062,98.65890502929688,19.99765014648438
37462,-0.1222381591796875,1.010955810546875,0.56475830078125,0.2517978847026825,-0.2356985360383987,-0.2912097275257111,55.45132446289062,98.65890502929688,19.99765014648438
37463,-0.01739501953125,0.9055633544921876,0.542816162109375,0.1114314496517181,-0.3455920219421387,-0.2849438488483429,55.43360900878906,98.79823303222656,19.90776062011719
37464,0.1195068359375,0.8129119873046875,0.47454833984375,-0.0376823991537094,-0.6896082758903503,-0.1835386753082275,55.35350036621094,98.73980712890624,19.95909118652344
37465,0.314300537109375,0.703643798828125,0.47308349609375,-0.472588062286377,-1.469971179962158,-0.0514275059103965,55.60636901855469,98.56585693359376,20.29344177246094
37466,0.314300537109375,0.703643798828125,0.47308349609375,-0.472588062286377,-1.469971179962158,-0.0514275059103965,55.60636901855469,98.56585693359376,20.29344177246094
37467,0.424652099609375,0.6826324462890625,0.4836578369140625,-0.472588062286377,-1.469971179962158,-0.0514275059103965,55.89263916015625,98.7184600830078,20.39175415039062
37468,0.532623291015625,0.7213134765625,0.5028076171875,-0.5953608155250549,-1.468975186347961,-0.0369367115199565,56.15579223632812,98.75962829589844,20.62518310546875
37469,0.7107086181640625,0.8932342529296875,0.611846923828125,-0.8041686415672302,-0.5204804539680481,0.0725849866867065,56.7669677734375,98.52694702148438,21.355224609375
37470,0.7107086181640625,0.8932342529296875,0.611846923828125,-0.8041686415672302,-0.5204804539680481,0.0725849866867065,56.7669677734375,98.52694702148438,21.355224609375
37471,0.748565673828125,0.9767913818359376,0.5610504150390625,-0.8858403563499451,0.4540340602397919,0.1446650326251984,56.982421875,98.28695678710938,21.90296936035156
37472,0.63720703125,1.018325805664062,0.3805999755859375,-0.9028022885322572,1.268459916114807,0.1986193507909775,57.14396667480469,97.98023986816406,22.398193359375
37473,0.3657989501953125,0.9964752197265624,0.0718841552734375,-0.6022664308547974,1.88200056552887,0.2795488238334656,56.86831665039062,97.71693420410156,22.67904663085938
37474,0.3657989501953125,0.9964752197265624,0.0718841552734375,-0.6022664308547974,1.88200056552887,0.2795488238334656,56.86831665039062,97.71693420410156,22.67904663085938
37475,0.263427734375,0.9903717041015624,-0.1020355224609375,-0.3967681229114532,1.735600709915161,0.2752552628517151,56.621826171875,97.59442138671876,23.05917358398438
37476,0.1599273681640625,0.975677490234375,-0.2555999755859375,-0.1587124168872833,1.206820487976074,0.2755658030509949,56.35054016113281,97.58229064941406,23.42428588867188
37477,-0.0465850830078125,0.940460205078125,-0.1128997802734375,0.4446877241134644,0.3233048319816589,0.1320701539516449,55.80429077148438,97.86697387695312,23.53045654296875
37478,-0.0465850830078125,0.940460205078125,-0.1128997802734375,0.4446877241134644,0.3233048319816589,0.1320701539516449,55.80429077148438,97.86697387695312,23.53045654296875
37479,-0.1596832275390625,0.8926239013671875,-0.08123779296875,0.4446877241134644,0.3233048319816589,0.1320701539516449,55.78424072265625,97.85342407226562,23.65191650390625
37480,-0.23870849609375,0.8856658935546875,0.0553741455078125,0.3940644860267639,0.4469154477119446,-0.0917741283774375,55.77976989746094,97.74562072753906,23.78903198242188
37481,-0.2877044677734375,0.8895111083984375,0.0178680419921875,0.2273513972759247,0.2903154492378235,-0.2124203890562057,55.70631408691406,97.944580078125,23.87161254882812
37482,-0.2877044677734375,0.8895111083984375,0.0178680419921875,0.2273513972759247,0.2903154492378235,-0.2124203890562057,55.70631408691406,97.944580078125,23.87161254882812
37483,-0.21044921875,0.8454742431640625,-0.0886077880859375,0.1359820663928986,-0.2337424457073212,-0.2134656757116318,55.55119323730469,98.07272338867188,23.25526428222656
37484,-0.1199493408203125,0.808868408203125,-0.002471923828125,0.0989699885249137,-0.4862141013145447,-0.1951188892126083,55.343994140625,98.3089599609375,22.89039611816406
37485,0.033233642578125,0.686126708984375,0.071441650390625,0.0846128910779953,0.0005195827106945,-0.1504963040351868,55.28204345703125,98.33328247070312,22.53671264648438
37486,0.033233642578125,0.686126708984375,0.071441650390625,0.0846128910779953,0.0005195827106945,-0.1504963040351868,55.28204345703125,98.33328247070312,22.53671264648438
37487,0.033233642578125,0.686126708984375,0.071441650390625,0.0846128910779953,0.0005195827106945,-0.1504963040351868,55.28204345703125,98.33328247070312,22.53671264648438
37488,0.0590667724609375,0.674041748046875,0.069488525390625,0.1128844767808914,0.1538044810295105,-0.1272463649511337,55.31619262695312,98.35728454589844,22.72126770019531
37489,0.0764923095703125,0.708038330078125,0.08892822265625,0.1226723864674568,0.3633169531822205,-0.0811593011021614,55.10429382324219,98.51171875,22.77798461914062
37490,0.0764923095703125,0.708038330078125,0.08892822265625,0.1226723864674568,0.3633169531822205,-0.0811593011021614,55.10429382324219,98.51171875,22.77798461914062
37491,0.085113525390625,0.7427215576171875,0.1590423583984375,0.1390942335128784,0.4999624192714691,-0.0660663694143295,54.99664306640625,98.44854736328124,23.01956176757812
37492,0.1018218994140625,0.7655487060546875,0.0790863037109375,0.2406922429800034,0.7789722084999084,-0.0665505304932594,54.9239501953125,98.33961486816406,23.23072814941406
37493,0.171234130859375,0.836669921875,-0.048492431640625,0.0170125383883714,0.2915098667144775,-0.1004664227366447,54.61260986328125,98.37493896484376,23.23892211914062
37494,0.171234130859375,0.836669921875,-0.048492431640625,0.0170125383883714,0.2915098667144775,-0.1004664227366447,54.61260986328125,98.37493896484376,23.23892211914062
37495,0.187530517578125,0.864105224609375,-0.049346923828125,0.018926553428173,0.3884643912315369,-0.1070388332009315,54.46476745605469,98.5257568359375,23.10189819335938
37496,0.15264892578125,0.8967742919921875,-0.1031341552734375,0.1324616372585297,0.468109667301178,-0.1049889996647835,54.36050415039062,98.46615600585938,22.97901916503906
37497,0.0614776611328125,0.9532623291015624,-0.0892333984375,0.4035511910915375,0.5557111501693726,-0.0474378243088722,53.93328857421875,98.79981994628906,22.19245910644531
37498,0.0614776611328125,0.9532623291015624,-0.0892333984375,0.4035511910915375,0.5557111501693726,-0.0474378243088722,53.93328857421875,98.79981994628906,22.19245910644531
37499,0.0294952392578125,0.981170654296875,-0.042083740234375,0.4035511910915375,0.5557111501693726,-0.0474378243088722,53.81854248046875,98.86067199707033,21.97413635253906
37500,0.012725830078125,1.009140014648438,-0.0117950439453125,0.4298427104949951,0.3311976492404938,-0.0875335782766342,53.69697570800781,98.80474853515624,22.09088134765625
37501,0.012939453125,1.067596435546875,0.142242431640625,0.3060845732688904,0.318707138299942,-0.1278711408376694,53.54144287109375,98.86642456054688,21.99786376953125
37502,0.012939453125,1.067596435546875,0.142242431640625,0.3060845732688904,0.318707138299942,-0.1278711408376694,53.54144287109375,98.86642456054688,21.99786376953125
37503,-0.0196990966796875,1.129531860351562,0.21820068359375,0.3060845732688904,0.318707138299942,-0.1278711408376694,53.269287109375,98.99436950683594,21.48178100585938
37504,-0.0357666015625,1.185760498046875,0.1966552734375,0.1522236168384552,0.342803955078125,-0.1598799526691437,53.09199523925781,99.2620086669922,21.15531921386719
37505,-0.0451202392578125,1.277908325195312,0.057464599609375,-0.1376742422580719,0.250868171453476,-0.1805910766124725,52.83708190917969,99.51824951171876,20.74952697753906
37506,-0.0451202392578125,1.277908325195312,0.057464599609375,-0.1376742422580719,0.250868171453476,-0.1805910766124725,52.83708190917969,99.51824951171876,20.74952697753906
37507,0.0063934326171875,1.352813720703125,-0.0652923583984375,-0.1888290345668793,0.242516502737999,-0.1664731353521347,52.67073059082031,99.5401611328125,20.65272521972656
37508,0.102447509765625,1.455795288085938,-0.169036865234375,-0.1413675099611282,0.2208333164453506,-0.1538351029157639,52.5137939453125,99.5041046142578,20.80206298828125
37509,0.20538330078125,1.503311157226562,0.1044921875,0.3674789369106293,-0.029640981927514,-0.1519192308187485,52.31040954589844,99.27926635742188,21.02976989746094
37510,0.20538330078125,1.503311157226562,0.1044921875,0.3674789369106293,-0.029640981927514,-0.1519192308187485,52.31040954589844,99.27926635742188,21.02976989746094
37511,0.216827392578125,1.491287231445312,0.206939697265625,0.6671149134635925,-0.4363424181938171,-0.1539986133575439,52.28482055664062,99.28076171875,20.89958190917969
37512,0.2298126220703125,1.482742309570312,0.232086181640625,0.6671149134635925,-0.4363424181938171,-0.1539986133575439,52.307373046875,99.36148071289062,20.77584838867188
37513,0.3061676025390625,1.39862060546875,0.4223785400390625,0.5083497762680054,-1.055652499198914,-0.0394683144986629,52.23892211914062,99.56239318847656,20.36320495605469
37514,0.3061676025390625,1.39862060546875,0.4223785400390625,0.5083497762680054,-1.055652499198914,-0.0394683144986629,52.23892211914062,99.56239318847656,20.36320495605469
37515,0.3137969970703125,1.298416137695312,0.4749755859375,0.3849290311336517,-1.25087559223175,0.0772857367992401,52.27877807617188,99.82435607910156,20.16127014160156
37516,0.330352783203125,1.170806884765625,0.5239105224609375,0.2242624014616013,-1.25203275680542,0.1698401719331741,52.4976806640625,99.8553466796875,20.08953857421875
37517,0.178985595703125,0.798583984375,0.414703369140625,0.1374904811382294,-0.4878516793251038,0.1913640946149826,52.98377990722656,100.1238555908203,19.90554809570312
37518,0.0882568359375,0.7159271240234375,0.3848419189453125,0.2528122961521149,-0.1940072923898697,0.1570266336202621,53.25119018554688,100.2222137451172,19.91781616210938
37519,0.0882568359375,0.7159271240234375,0.3848419189453125,0.2528122961521149,-0.1940072923898697,0.1570266336202621,53.25119018554688,100.2222137451172,19.91781616210938
37520,0.0136871337890625,0.6764984130859375,0.4172515869140625,0.3593333959579468,0.0497923232614994,0.1061219051480293,53.48928833007812,100.3127136230469,19.9102783203125
37521,-0.114501953125,0.7263336181640625,0.5036468505859375,-0.1048736870288849,0.8543742895126343,0.0187052451074123,53.4888916015625,100.7203979492188,19.74465942382812
37522,-0.114501953125,0.7263336181640625,0.5036468505859375,-0.1048736870288849,0.8543742895126343,0.0187052451074123,53.4888916015625,100.7203979492188,19.74465942382812
37523,-0.176025390625,0.8190460205078125,0.5477752685546875,-0.1048736870288849,0.8543742895126343,0.0187052451074123,53.35531616210938,100.9374847412109,19.468994140625
37524,-0.2421875,0.9217987060546876,0.5678558349609375,-0.4168696701526642,1.066588044166565,-0.1292669028043747,53.31282043457031,100.8796081542969,19.22032165527344
37525,-0.303955078125,0.99688720703125,0.5758514404296875,-0.6733033061027527,1.156741619110107,-0.3142439424991608,53.13508605957031,100.6396484375,19.06375122070312
37526,-0.368499755859375,1.046096801757812,0.54473876953125,-0.7892695665359497,0.7967014312744141,-0.5018758773803711,52.84703063964844,100.200927734375,18.89244079589844
37527,-0.394012451171875,1.025405883789062,0.41778564453125,-0.7892695665359497,0.7967014312744141,-0.5018758773803711,52.50418090820312,99.614990234375,18.72959899902344
37528,-0.379150390625,0.97998046875,0.250823974609375,-0.6618716716766357,0.2613162994384766,-0.37668576836586,52.02615356445312,98.75733947753906,18.85484313964844
37529,-0.1845245361328125,0.9170379638671876,0.0750579833984375,-0.4453918635845184,-0.8274372220039368,-0.0275397486984729,51.4158935546875,98.0436553955078,18.68826293945312
37530,-0.1845245361328125,0.9170379638671876,0.0750579833984375,-0.4453918635845184,-0.8274372220039368,-0.0275397486984729,51.4158935546875,98.0436553955078,18.68826293945312
37531,-0.0893707275390625,0.8905487060546875,0.0827789306640625,-0.3182125985622406,-1.077473402023315,0.0731916576623916,51.35151672363281,97.82789611816406,18.73686218261719
37532,0.0234375,0.8519287109375,0.0493927001953125,-0.4290219247341156,-0.759733259677887,0.3621861636638641,51.46109008789062,97.76882934570312,19.08407592773438
37533,0.3021697998046875,0.8768157958984375,0.0265960693359375,-0.6695005893707275,-0.2275444716215134,0.3970586657524109,52.11845397949219,97.9263153076172,19.69523620605469
37534,0.3021697998046875,0.8768157958984375,0.0265960693359375,-0.6695005893707275,-0.2275444716215134,0.3970586657524109,52.11845397949219,97.9263153076172,19.69523620605469
37535,0.37945556640625,0.8747711181640625,-0.0019989013671875,-0.8018146753311157,0.2571825385093689,0.3195947706699371,52.54425048828125,97.97792053222656,20.28018188476562
37536,0.33544921875,0.821685791015625,-0.0635223388671875,-0.7269308567047119,0.4745540022850037,0.1894021481275558,52.84799194335938,97.97731018066406,20.808349609375
37537,0.115753173828125,0.7255706787109375,-0.1421356201171875,-0.1378002166748047,-0.051007255911827,0.1973325163125992,53.16030883789062,97.728515625,21.69476318359375
37538,0.115753173828125,0.7255706787109375,-0.1421356201171875,-0.1378002166748047,-0.051007255911827,0.1973325163125992,53.16030883789062,97.728515625,21.69476318359375
37539,0.115753173828125,0.7255706787109375,-0.1421356201171875,-0.1378002166748047,-0.051007255911827,0.1973325163125992,53.16030883789062,97.728515625,21.69476318359375
37540,0.0402679443359375,0.7389984130859375,-0.1307373046875,-0.0094219977036118,-0.2701265513896942,0.1522854119539261,53.21723937988281,97.558837890625,21.99420166015625
37541,-0.0906219482421875,0.7370147705078125,0.0174102783203125,0.0648655518889427,-0.4894407987594604,0.0288638714700937,53.44175720214844,97.30313110351562,22.15045166015625
37542,-0.0906219482421875,0.7370147705078125,0.0174102783203125,0.0648655518889427,-0.4894407987594604,0.0288638714700937,53.44175720214844,97.30313110351562,22.15045166015625
37543,-0.1310577392578125,0.731414794921875,0.05072021484375,0.0648655518889427,-0.4894407987594604,0.0288638714700937,53.68382263183594,97.36224365234376,21.99578857421875
37544,-0.14971923828125,0.738006591796875,0.0736541748046875,0.0269493255764246,-0.5198389291763306,0.0157757680863142,53.88529968261719,97.3778839111328,22.07862854003906
37545,-0.150726318359375,0.74981689453125,0.0952301025390625,-0.0125352330505847,-0.5677545070648193,0.005755890160799,53.92861938476562,97.50982666015624,21.88418579101562
37546,-0.1445770263671875,0.764373779296875,0.10833740234375,-0.0441970229148864,-0.5960782766342163,0.001553688198328,54.05235290527344,97.4166259765625,21.69319152832031
37547,-0.1258392333984375,0.786712646484375,0.104522705078125,-0.0703535228967666,-0.5997974276542664,-0.0036322853993624,54.28334045410156,97.39952087402344,21.69683837890625
37548,-0.1061859130859375,0.8121490478515625,0.069793701171875,-0.0872592702507972,-0.5703926682472229,-0.0192181691527366,54.48512268066406,97.34928894042967,21.74624633789062
37549,-0.1076202392578125,0.8506317138671875,-0.0041656494140625,-0.0407269224524498,-0.6823322176933289,-0.0215577557682991,54.67362976074219,97.3469696044922,21.81440734863281
37550,-0.1222381591796875,0.8788604736328125,-0.0622406005859375,0.0354336239397525,-0.724310040473938,-0.0169108062982559,54.86970520019531,97.32398986816406,21.90670776367188
37551,-0.111663818359375,0.9023590087890624,-0.0922088623046875,0.0354336239397525,-0.724310040473938,-0.0169108062982559,54.95805358886719,97.23109436035156,22.08686828613281
37552,-0.087646484375,0.92694091796875,-0.104248046875,0.1109113395214081,-0.6810534000396729,-0.0202285721898078,55.10902404785156,97.14997863769533,22.39114379882812
37553,-0.052093505859375,0.9939422607421876,-0.057861328125,0.3753496408462524,-0.6499950885772705,-0.0433251038193702,55.47746276855469,97.14376831054688,22.15536499023438
37554,-0.0419158935546875,1.031112670898438,0.0226287841796875,0.5007467269897461,-0.6345929503440857,-0.0312402117997407,55.59840393066406,97.19210815429688,22.10456848144531
37555,-0.0419158935546875,1.031112670898438,0.0226287841796875,0.5007467269897461,-0.6345929503440857,-0.0312402117997407,55.59840393066406,97.19210815429688,22.10456848144531
37556,-0.0205841064453125,1.07110595703125,0.12249755859375,0.4936342239379883,-0.495868593454361,0.0147214215248823,55.71530151367188,97.14932250976562,22.11769104003906
37557,-0.0003204345703125,1.086669921875,0.181427001953125,0.4423198997974396,-0.3583645522594452,0.0816613063216209,55.78778076171875,97.1825714111328,21.84814453125
37558,0.0077362060546875,1.098663330078125,0.24169921875,0.3462506234645844,-0.2418903857469559,0.1461902260780334,55.95541381835938,97.23817443847656,21.64239501953125
37559,0.0062408447265625,1.115341186523438,0.2923736572265625,0.2281087934970856,-0.0650583654642105,0.1801481992006302,56.0435791015625,97.43592834472656,21.30569458007812
37560,-0.02618408203125,1.1497802734375,0.3008270263671875,0.1313202083110809,0.1878519207239151,0.1927124559879303,56.10716247558594,97.45602416992188,21.24458312988281
37561,-0.1432952880859375,1.338775634765625,0.1150054931640625,-0.0520075410604476,0.5621094107627869,0.0871503502130508,56.32626342773438,97.53346252441406,21.0018310546875
37562,-0.1432952880859375,1.338775634765625,0.1150054931640625,-0.0520075410604476,0.5621094107627869,0.0871503502130508,56.32626342773438,97.53346252441406,21.0018310546875
37563,-0.12957763671875,1.430465698242188,-0.122039794921875,-0.1599089801311493,0.3594790697097778,-0.0314487367868423,56.25886535644531,97.45394897460938,21.06414794921875
37564,-0.0621337890625,1.47149658203125,-0.3734130859375,-0.2189243584871292,-0.1250878721475601,-0.1487300843000412,56.17330932617188,97.42483520507812,20.93223571777344
37565,-0.10870361328125,1.526092529296875,-0.1487274169921875,0.8668924570083618,-0.372989296913147,-0.0465683005750179,56.09140014648438,97.4340362548828,20.92991638183594
37566,-0.10870361328125,1.526092529296875,-0.1487274169921875,0.8668924570083618,-0.372989296913147,-0.0465683005750179,56.09140014648438,97.4340362548828,20.92991638183594
37567,-0.1486358642578125,1.551910400390625,0.12060546875,0.8668924570083618,-0.372989296913147,-0.0465683005750179,56.07830810546875,97.32072448730467,20.8853759765625
37568,-0.0842742919921875,1.566864013671875,0.2052764892578125,1.049914002418518,-0.2555265724658966,-0.0303440578281879,56.16825866699219,97.25119018554688,20.675048828125
37569,-0.1071319580078125,1.355331420898438,0.532440185546875,0.8947712779045105,-0.374894767999649,-0.0729144215583801,56.22079467773438,97.75820922851562,20.11410522460938
37570,-0.1071319580078125,1.355331420898438,0.532440185546875,0.8947712779045105,-0.374894767999649,-0.0729144215583801,56.22079467773438,97.75820922851562,20.11410522460938
37571,-0.0751800537109375,1.237991333007812,0.6236724853515625,0.7565814256668091,-0.3141281008720398,-0.1009428575634956,56.28240966796875,98.1030731201172,19.72111511230469
37572,-0.0468292236328125,1.114974975585938,0.6167449951171875,0.52825927734375,-0.2104464471340179,-0.1525277495384216,56.35072326660156,98.32893371582033,19.41677856445312
37573,0.0074462890625,0.8540191650390625,0.5807647705078125,-0.020534036681056,-0.289788156747818,-0.1255451440811157,56.309326171875,98.72012329101562,19.04399108886719
37574,0.0074462890625,0.8540191650390625,0.5807647705078125,-0.020534036681056,-0.289788156747818,-0.1255451440811157,56.309326171875,98.72012329101562,19.04399108886719
37575,0.076416015625,0.726806640625,0.5275421142578125,-0.020534036681056,-0.289788156747818,-0.1255451440811157,56.28767395019531,98.82342529296876,18.77992248535156
37576,0.13970947265625,0.659912109375,0.46270751953125,-0.0879634097218513,-0.4915476143360138,0.0136015629395842,56.21078491210938,99.08674621582033,18.70578002929688
37577,0.3207855224609375,0.6763153076171875,0.441009521484375,-0.2649030387401581,-0.6966485977172852,0.1787769347429276,56.35955810546875,99.36642456054688,18.9498291015625
37578,0.3207855224609375,0.6763153076171875,0.441009521484375,-0.2649030387401581,-0.6966485977172852,0.1787769347429276,56.35955810546875,99.36642456054688,18.9498291015625
37579,0.45849609375,0.748687744140625,0.4815521240234375,-0.4193386733531952,-0.583249568939209,0.1896881759166718,56.57136535644531,99.4005126953125,19.46696472167969
37580,0.556640625,0.8535003662109375,0.522003173828125,-0.5716837644577026,-0.2831667363643646,0.1710417866706848,56.798828125,99.432373046875,19.78233337402344
37581,0.57470703125,1.060165405273438,0.5261077880859375,-0.7713292241096497,0.7808598875999451,0.2447407692670822,56.99227905273438,99.37786865234376,20.33706665039062
37582,0.57470703125,1.060165405273438,0.5261077880859375,-0.7713292241096497,0.7808598875999451,0.2447407692670822,56.99227905273438,99.37786865234376,20.33706665039062
37583,0.47003173828125,1.122177124023438,0.43389892578125,-0.7741969227790833,1.34774911403656,0.3041122257709503,56.99118041992188,99.1372528076172,20.716796875
37584,0.338470458984375,1.167388916015625,0.258331298828125,-0.7168552875518799,1.724727511405945,0.3471486270427704,56.86099243164062,98.99333190917967,21.16523742675781
37585,0.1241302490234375,1.185791015625,-0.322052001953125,-0.5458436012268066,1.227331638336182,0.3793886005878448,56.4254150390625,98.9941864013672,21.48583984375
37586,0.1241302490234375,1.185791015625,-0.322052001953125,-0.5458436012268066,1.227331638336182,0.3793886005878448,56.4254150390625,98.9941864013672,21.48583984375
37587,0.0558624267578125,1.154129028320312,-0.2982635498046875,-0.3799217641353607,0.5182005167007446,0.3270446956157684,56.266357421875,98.83670043945312,21.86964416503906
37588,-0.033447265625,1.071014404296875,-0.1237945556640625,-0.1124059036374092,0.2026788145303726,0.2462625056505203,56.228271484375,98.78477478027344,22.19789123535156
37589,-0.1866607666015625,0.8738250732421875,0.1022796630859375,0.4445260465145111,0.3760926723480225,0.1543027460575104,56.20762634277344,98.82786560058594,22.27322387695312
37590,-0.1866607666015625,0.8738250732421875,0.1022796630859375,0.4445260465145111,0.3760926723480225,0.1543027460575104,56.20762634277344,98.82786560058594,22.27322387695312
37591,-0.22479248046875,0.856658935546875,0.092803955078125,0.526757538318634,0.5327243804931641,0.0469613820314407,56.05636596679688,99.0123291015625,22.0634765625
37592,-0.24395751953125,0.822998046875,0.0134429931640625,0.4691648185253143,0.4252743422985077,-0.0845814645290374,56.03974914550781,98.89013671875,21.96969604492188
37593,-0.203582763671875,0.7076416015625,0.0450439453125,0.21603162586689,0.0642724633216857,-0.1012709587812424,55.82820129394531,99.28404235839844,21.55108642578125
37594,-0.1759490966796875,0.6714935302734375,0.0974884033203125,0.0148604391142725,0.3552539646625519,-0.0809134915471077,55.7314453125,99.36654663085938,21.4256591796875
37595,-0.1759490966796875,0.6714935302734375,0.0974884033203125,0.0148604391142725,0.3552539646625519,-0.0809134915471077,55.7314453125,99.36654663085938,21.4256591796875
37596,-0.15338134765625,0.641204833984375,0.0790252685546875,0.0148604391142725,0.3552539646625519,-0.0809134915471077,55.60867309570312,99.48826599121094,21.20053100585938
37597,-0.1269378662109375,0.600860595703125,0.061065673828125,-0.0087069384753704,0.6519636511802673,-0.0212514922022819,55.38337707519531,99.43612670898438,21.3251953125
37598,-0.1269378662109375,0.600860595703125,0.061065673828125,-0.0087069384753704,0.6519636511802673,-0.0212514922022819,55.38337707519531,99.43612670898438,21.3251953125
37599,-0.0828857421875,0.6109619140625,0.037933349609375,-0.0428404062986373,0.7230170965194702,0.0320340991020202,55.17071533203125,99.3727569580078,21.48347473144531
37600,-0.0247955322265625,0.6392822265625,0.0253143310546875,-0.1197042986750603,0.7403467893600464,0.082230158150196,55.06950378417969,99.39968872070312,21.54463195800781
37601,0.1560516357421875,0.714752197265625,0.0082550048828125,-0.2238802313804626,0.771460235118866,0.0571548976004123,54.85704040527344,99.44978332519533,21.63906860351562
37602,0.1560516357421875,0.714752197265625,0.0082550048828125,-0.2238802313804626,0.771460235118866,0.0571548976004123,54.85704040527344,99.44978332519533,21.63906860351562
37603,0.18560791015625,0.7321014404296875,-0.024261474609375,-0.2033531218767166,0.7592421770095825,0.0365984924137592,54.62686157226562,99.36985778808594,21.70603942871094
37604,0.2018585205078125,0.7606048583984375,-0.036407470703125,-0.1621236652135849,0.7518354058265686,0.055815327912569,54.44570922851562,99.34504699707033,21.83695983886719
37605,0.2009429931640625,0.817840576171875,-0.0837860107421875,-0.0698491185903549,0.7900962233543396,0.1038915142416954,54.25839233398438,99.25428771972656,21.9527587890625
37606,0.2009429931640625,0.817840576171875,-0.0837860107421875,-0.0698491185903549,0.7900962233543396,0.1038915142416954,54.25839233398438,99.25428771972656,21.9527587890625
37607,0.168304443359375,0.855804443359375,-0.1156158447265625,0.0008769789128564,0.7751348614692688,0.10215113312006,54.02925109863281,99.20596313476562,21.96549987792969
37608,0.11737060546875,0.920806884765625,-0.1248321533203125,0.0747767686843872,0.7432038187980652,0.0972455963492393,53.89384460449219,99.14720153808594,21.93815612792969
37609,0.02935791015625,1.038497924804688,-0.105743408203125,0.1685807555913925,0.6620157957077026,0.0440066047012805,53.65068054199219,99.19850158691406,21.73475646972656
37610,0.02935791015625,1.038497924804688,-0.105743408203125,0.1685807555913925,0.6620157957077026,0.0440066047012805,53.65068054199219,99.19850158691406,21.73475646972656
37611,0.0061492919921875,1.057693481445312,-0.071502685546875,0.2467924803495407,0.6903504729270935,0.0135032916441559,53.55780029296875,99.23802185058594,21.72183227539062
37612,0.0041656494140625,1.08343505859375,-0.0469207763671875,0.3407775461673737,0.6335527300834656,-0.0334554277360439,53.422119140625,99.3652801513672,21.56460571289062
37613,-0.007476806640625,1.168167114257812,0.0913238525390625,0.2887732088565826,0.2098293900489807,-0.1132655739784241,53.02497863769531,99.50502014160156,21.24012756347656
37614,-0.007476806640625,1.168167114257812,0.0913238525390625,0.2887732088565826,0.2098293900489807,-0.1132655739784241,53.02497863769531,99.50502014160156,21.24012756347656
37615,0.0213470458984375,1.221817016601562,0.15899658203125,0.1673485189676285,0.1411222368478775,-0.1544183343648911,52.9368896484375,99.38400268554688,21.33917236328125
37616,0.0518951416015625,1.257156372070312,0.1849822998046875,0.0138692101463675,0.2334311306476593,-0.1571020036935806,52.87222290039062,99.39846801757812,21.33888244628906
37617,0.1537628173828125,1.337631225585938,-0.0631866455078125,-0.0314242355525493,0.4177826046943665,0.0107242837548255,52.64863586425781,99.44760131835938,21.03244018554688
37618,0.1537628173828125,1.337631225585938,-0.0631866455078125,-0.0314242355525493,0.4177826046943665,0.0107242837548255,52.64863586425781,99.44760131835938,21.03244018554688
37619,0.1615447998046875,1.429779052734375,-0.17425537109375,-0.0314242355525493,0.4177826046943665,0.0107242837548255,52.51866149902344,99.59527587890624,20.89448547363281
37620,0.123565673828125,1.550033569335938,-0.1839599609375,0.1185088008642197,0.280905157327652,0.0023760723415762,52.44223022460938,99.51722717285156,21.04251098632812
37621,0.1041412353515625,1.631484985351562,0.3343658447265625,0.8979228138923645,0.0169134698808193,-0.1470610797405243,52.21192932128906,99.54501342773438,21.0875244140625
37622,0.1041412353515625,1.631484985351562,0.3343658447265625,0.8979228138923645,0.0169134698808193,-0.1470610797405243,52.21192932128906,99.54501342773438,21.0875244140625
37623,0.1335906982421875,1.605316162109375,0.3554534912109375,0.8979228138923645,0.0169134698808193,-0.1470610797405243,52.1707763671875,99.6709442138672,20.98574829101562
37624,0.162322998046875,1.534515380859375,0.37921142578125,0.8519095182418823,-0.4100458323955536,-0.1243517771363258,52.06724548339844,99.70974731445312,20.83235168457031
37625,0.24713134765625,1.239822387695312,0.53564453125,0.5536885261535645,-1.316766738891602,0.1529219001531601,52.07438659667969,100.0040893554688,19.95442199707031
37626,0.24713134765625,1.239822387695312,0.53564453125,0.5536885261535645,-1.316766738891602,0.1529219001531601,52.07438659667969,100.0040893554688,19.95442199707031
37627,0.294891357421875,1.077224731445312,0.581512451171875,0.3334245681762695,-1.517100811004639,0.2917652726173401,52.20611572265625,100.2223052978516,19.67747497558594
37628,0.2713470458984375,0.8780670166015625,0.5990447998046875,0.1106474176049232,-1.195616364479065,0.3438002467155457,52.51651000976562,100.3891754150391,19.47543334960938
37629,0.1467742919921875,0.584625244140625,0.3983001708984375,-0.0185790099203586,0.0142007740214467,0.2897074520587921,53.21542358398438,100.8844451904297,19.44020080566406
37630,0.1467742919921875,0.584625244140625,0.3983001708984375,-0.0185790099203586,0.0142007740214467,0.2897074520587921,53.21542358398438,100.8844451904297,19.44020080566406
37631,0.0749053955078125,0.540771484375,0.352874755859375,0.0849556401371955,0.4299700260162354,0.2073419988155365,53.32904052734375,100.9801635742188,19.51699829101562
37632,-0.007354736328125,0.5777740478515625,0.348846435546875,0.1411091834306717,0.7689512968063354,0.1233578845858574,53.42218017578125,100.9635162353516,19.52958679199219
37633,-0.148712158203125,0.8206634521484375,0.3803253173828125,-0.0332889817655086,1.35419499874115,-0.1016973331570625,53.21774291992188,101.1593170166016,19.49198913574219
37634,-0.148712158203125,0.8206634521484375,0.3803253173828125,-0.0332889817655086,1.35419499874115,-0.1016973331570625,53.21774291992188,101.1593170166016,19.49198913574219
37635,-0.2181854248046875,0.966156005859375,0.389923095703125,-0.2651802599430084,1.517135262489319,-0.2399082034826279,53.00874328613281,101.1039276123047,19.31727600097656
37636,-0.284820556640625,1.092010498046875,0.3905487060546875,-0.8212360739707947,1.321159839630127,-0.3611744344234467,52.56466674804688,100.8037567138672,19.15286254882812
37637,-0.376678466796875,1.173873901367188,0.299163818359375,-0.7362974286079407,0.4322614073753357,-0.1137782335281372,51.368896484375,99.03721618652344,18.85395812988281
37638,-0.376678466796875,1.173873901367188,0.299163818359375,-0.7362974286079407,0.4322614073753357,-0.1137782335281372,51.368896484375,99.03721618652344,18.85395812988281
37639,-0.376678466796875,1.173873901367188,0.299163818359375,-0.7362974286079407,0.4322614073753357,-0.1137782335281372,51.368896484375,99.03721618652344,18.85395812988281
37640,-0.2529296875,1.138397216796875,0.2136993408203125,-0.2547444105148315,-0.4942949414253235,0.0940442085266113,51.19439697265625,98.47616577148438,19.04592895507812
37641,-0.0333099365234375,1.002838134765625,0.1125335693359375,-0.1618312448263168,-0.768017590045929,0.1486254334449768,51.15849304199219,98.08120727539062,19.76400756835938
37642,-0.0333099365234375,1.002838134765625,0.1125335693359375,-0.1618312448263168,-0.768017590045929,0.1486254334449768,51.15849304199219,98.08120727539062,19.76400756835938
37643,0.0914459228515625,0.927734375,0.1201934814453125,-0.1610104590654373,-0.7831366062164307,0.2455013692378998,51.22265625,98.1357879638672,19.72801208496094
37644,0.2379302978515625,0.9092559814453124,0.1094818115234375,-0.3258050084114075,-0.5638614892959595,0.294537365436554,51.52426147460938,98.23597717285156,19.98646545410156
37645,0.3586578369140625,0.745758056640625,0.00677490234375,-0.748284637928009,0.5252842903137207,0.1250410079956055,52.23225402832031,98.58747863769533,20.83116149902344
37646,0.3586578369140625,0.745758056640625,0.00677490234375,-0.748284637928009,0.5252842903137207,0.1250410079956055,52.23225402832031,98.58747863769533,20.83116149902344
37647,0.3586578369140625,0.745758056640625,0.00677490234375,-0.748284637928009,0.5252842903137207,0.1250410079956055,52.23225402832031,98.58747863769533,20.83116149902344
37648,0.3174896240234375,0.6973876953125,-0.1240081787109375,-0.399136483669281,0.3666818737983704,0.2171432375907898,52.32229614257812,98.3551025390625,21.17005920410156
37649,0.261077880859375,0.677825927734375,-0.2023773193359375,-0.1878250241279602,0.1175458058714867,0.2367361038923264,52.34896850585938,98.08674621582033,21.618896484375
37650,0.2031097412109375,0.657470703125,-0.2122955322265625,-0.1878250241279602,0.1175458058714867,0.2367361038923264,52.34870910644531,97.81756591796876,21.92576599121094
37651,0.134490966796875,0.6446990966796875,-0.185302734375,0.0037047234363853,-0.1064593344926834,0.266518235206604,52.41860961914062,97.6630859375,22.14411926269531
37652,0.0699462890625,0.65570068359375,-0.1196136474609375,0.164022222161293,-0.2606901824474335,0.2665640413761139,52.49842834472656,97.5334014892578,22.24067687988281
37653,-0.0772552490234375,0.6703948974609375,0.043609619140625,0.1080433800816536,-0.2394227087497711,0.0620987899601459,52.82154846191406,97.84635925292967,21.63870239257812
37654,-0.0772552490234375,0.6703948974609375,0.043609619140625,0.1080433800816536,-0.2394227087497711,0.0620987899601459,52.82154846191406,97.84635925292967,21.63870239257812
37655,-0.130615234375,0.6897125244140625,0.09844970703125,0.046818371862173,-0.2439846992492676,0.0497060380876064,52.907958984375,97.80775451660156,21.59519958496094
37656,-0.165679931640625,0.7089385986328125,0.138580322265625,0.046818371862173,-0.2439846992492676,0.0497060380876064,53.10488891601562,97.80860900878906,21.59542846679688
37657,-0.1814727783203125,0.7061614990234375,0.14398193359375,-0.0557594038546085,-0.4314289093017578,0.0244206544011831,53.31748962402344,97.80624389648438,21.4166259765625
37658,-0.1814727783203125,0.7061614990234375,0.14398193359375,-0.0557594038546085,-0.4314289093017578,0.0244206544011831,53.31748962402344,97.80624389648438,21.4166259765625
37659,-0.1502227783203125,0.7301483154296875,0.0893402099609375,-0.110042080283165,-0.5805195569992065,-0.0075628450140357,53.52615356445312,97.6689910888672,21.51271057128906
37660,-0.1063385009765625,0.763916015625,0.0373077392578125,-0.1484946608543396,-0.7372303605079651,-0.0652085617184639,53.65321350097656,97.56748962402344,21.48007202148438
37661,-0.0268707275390625,0.89208984375,-0.0078887939453125,-0.1255307644605637,-0.7214916348457336,-0.1313644200563431,53.82121276855469,97.3840789794922,21.80961608886719
37662,-0.0268707275390625,0.89208984375,-0.0078887939453125,-0.1255307644605637,-0.7214916348457336,-0.1313644200563431,53.82121276855469,97.3840789794922,21.80961608886719
37663,-0.008209228515625,0.9571990966796876,-0.013275146484375,-0.06214539706707,-0.7127631306648254,-0.132418230175972,53.92216491699219,97.2169189453125,21.96511840820312
37664,-0.0015106201171875,1.00543212890625,0.024566650390625,0.0227836091071367,-0.7068607211112976,-0.1020339578390121,54.10238647460938,97.06466674804688,22.16537475585938
37665,0.042999267578125,1.09503173828125,0.1185455322265625,0.1768839657306671,-0.3690688610076904,-0.0315281003713607,54.31137084960938,96.9763641357422,22.0902099609375
37666,0.042999267578125,1.09503173828125,0.1185455322265625,0.1768839657306671,-0.3690688610076904,-0.0315281003713607,54.31137084960938,96.9763641357422,22.0902099609375
37667,0.0265960693359375,1.13397216796875,0.1321258544921875,0.1768839657306671,-0.3690688610076904,-0.0315281003713607,54.38601684570312,97.0765380859375,21.99140930175781
37668,-0.0557403564453125,1.184646606445312,0.166473388671875,0.3183191120624542,-0.2877082228660583,-0.0382435247302055,54.56190490722656,97.02731323242188,21.8690185546875
37669,-0.124969482421875,1.3192138671875,0.1931304931640625,-0.2003290951251984,0.4789516627788544,-0.0810293406248092,54.73368835449219,97.10504150390624,21.58958435058594
37670,-0.124969482421875,1.3192138671875,0.1931304931640625,-0.2003290951251984,0.4789516627788544,-0.0810293406248092,54.73368835449219,97.10504150390624,21.58958435058594
37671,-0.087860107421875,1.38018798828125,-0.004730224609375,-0.2003290951251984,0.4789516627788544,-0.0810293406248092,54.710693359375,97.09963989257812,21.50955200195312
37672,-0.0825347900390625,1.415847778320312,-0.179046630859375,-0.2203400880098343,-0.0393322259187698,-0.1552204787731171,54.7308349609375,97.1543426513672,21.54222106933594
37673,-0.113525390625,1.469467163085938,0.0178375244140625,0.4558024108409882,-0.6172562837600708,-0.2679640650749207,54.55303955078125,97.44854736328124,21.60969543457031
37674,-0.103973388671875,1.470672607421875,0.23175048828125,0.7534250617027283,-0.4024132192134857,-0.1701608151197433,54.54876708984375,97.60531616210938,21.51689147949219
37675,-0.103973388671875,1.470672607421875,0.23175048828125,0.7534250617027283,-0.4024132192134857,-0.1701608151197433,54.54876708984375,97.60531616210938,21.51689147949219
37676,-0.0484161376953125,1.522186279296875,0.363250732421875,0.8057218194007874,-0.0673287063837051,-0.1136123165488243,54.58731079101562,97.7606201171875,21.25885009765625
37677,-0.0362701416015625,1.346954345703125,0.5513153076171875,0.8215920925140381,-0.2680074870586395,-0.0956634059548378,54.46665954589844,98.18321228027344,20.65205383300781
37678,-0.0362701416015625,1.346954345703125,0.5513153076171875,0.8215920925140381,-0.2680074870586395,-0.0956634059548378,54.46665954589844,98.18321228027344,20.65205383300781
37679,-0.003387451171875,1.271453857421875,0.684722900390625,0.8215920925140381,-0.2680074870586395,-0.0956634059548378,54.41950988769531,98.2835693359375,20.41360473632812
37680,0.02294921875,1.19036865234375,0.7181549072265625,0.676260232925415,-0.0943336933851242,-0.1281182914972305,54.462890625,98.5090789794922,20.06585693359375
37681,0.0865936279296875,0.988983154296875,0.7041015625,-0.1640065163373947,0.0900361463427543,-0.1425374448299408,54.38253784179688,99.011962890625,19.25556945800781
37682,0.0865936279296875,0.988983154296875,0.7041015625,-0.1640065163373947,0.0900361463427543,-0.1425374448299408,54.38253784179688,99.011962890625,19.25556945800781
37683,0.1626434326171875,0.8817291259765625,0.6223297119140625,-0.1640065163373947,0.0900361463427543,-0.1425374448299408,54.29501342773438,99.215087890625,19.12582397460938
37684,0.256500244140625,0.787109375,0.4967041015625,-0.3855687379837036,-0.2001469433307648,-0.0873833745718002,54.1588134765625,99.29127502441406,19.13868713378906
37685,0.3271026611328125,0.7424774169921875,0.4399566650390625,-0.5514160394668579,-0.5324907898902893,-0.0552765727043151,54.11279296875,99.3980712890625,19.24555969238281
37686,0.415252685546875,0.7324371337890625,0.4402313232421875,-0.7333493232727051,-0.6842659711837769,0.0734869986772537,54.17279052734375,99.40084838867188,19.58201599121094
37687,0.5298004150390625,0.7922515869140625,0.512847900390625,-0.7333493232727051,-0.6842659711837769,0.0734869986772537,54.34291076660156,99.180419921875,20.05690002441406
37688,0.646942138671875,0.9026336669921876,0.5216064453125,-0.7719931602478027,-0.1174904108047485,0.09781364351511,54.48477172851562,98.9661102294922,20.79974365234375
37689,0.5911712646484375,1.075820922851562,0.297943115234375,-0.7517110109329224,1.135070443153381,0.2178923785686493,54.76216125488281,98.72998046875,21.87986755371094
37690,0.46612548828125,1.128738403320312,0.1729736328125,-0.6370752453804016,1.389012455940247,0.2618710100650787,54.74139404296875,98.3928680419922,22.19793701171875
37691,0.46612548828125,1.128738403320312,0.1729736328125,-0.6370752453804016,1.389012455940247,0.2618710100650787,54.74139404296875,98.3928680419922,22.19793701171875
37692,0.3216552734375,1.156021118164062,0.00946044921875,-0.4596637189388275,1.390360236167908,0.2726541757583618,54.6494140625,98.3880615234375,22.31552124023438
37693,0.08355712890625,1.097732543945312,-0.2138519287109375,0.0014482269762083,0.4399832487106323,0.2639320492744446,54.26010131835938,98.26504516601562,22.36357116699219
37694,0.08355712890625,1.097732543945312,-0.2138519287109375,0.0014482269762083,0.4399832487106323,0.2639320492744446,54.26010131835938,98.26504516601562,22.36357116699219
37695,-0.0045928955078125,1.02105712890625,-0.031036376953125,0.2687699496746063,0.3106955587863922,0.2407961040735245,54.15437316894531,98.22483825683594,22.46977233886719
37696,-0.071319580078125,0.9613800048828124,0.0574798583984375,0.5625320672988892,0.4588099122047424,0.1006656214594841,54.08782958984375,98.17288208007812,22.54194641113281
37697,-0.1762237548828125,0.8902130126953125,0.0823822021484375,0.5151432156562805,0.3651942312717438,-0.0081410175189375,54.003662109375,98.61993408203124,22.10700988769531
37698,-0.1762237548828125,0.8902130126953125,0.0823822021484375,0.5151432156562805,0.3651942312717438,-0.0081410175189375,54.003662109375,98.61993408203124,22.10700988769531
37699,-0.1764984130859375,0.8451690673828125,0.0903472900390625,0.4212771952152252,0.188415989279747,-0.0701577812433242,54.01824951171875,98.771484375,21.87528991699219
37700,-0.146087646484375,0.7983856201171875,0.104248046875,0.3286689519882202,0.0350597165524959,-0.0937640443444252,53.91162109375,98.94406127929688,21.71058654785156
37701,-0.08929443359375,0.7174530029296875,0.11102294921875,0.1540950238704681,-0.0471115857362747,-0.1136293560266495,53.72909545898438,99.01628112792967,21.25921630859375
37702,-0.08929443359375,0.7174530029296875,0.11102294921875,0.1540950238704681,-0.0471115857362747,-0.1136293560266495,53.72909545898438,99.01628112792967,21.25921630859375
37703,-0.0677337646484375,0.682037353515625,0.1009063720703125,0.094458594918251,0.0489236004650592,-0.0954937636852264,53.73614501953125,99.06451416015624,21.11294555664062
37704,-0.0386810302734375,0.6666717529296875,0.0833282470703125,0.0699718967080116,0.1433965712785721,-0.0754409581422805,53.74856567382812,99.0115966796875,21.19963073730469
37705,0.0030364990234375,0.6722564697265625,0.0673065185546875,0.079047679901123,0.3213356733322144,-0.0321550071239471,53.61593627929688,99.24099731445312,21.3660888671875
37706,0.0030364990234375,0.6722564697265625,0.0673065185546875,0.079047679901123,0.3213356733322144,-0.0321550071239471,53.61593627929688,99.24099731445312,21.3660888671875
37707,0.0283660888671875,0.6947479248046875,0.063751220703125,0.0780617818236351,0.3962216377258301,-0.0060285977087914,53.44256591796875,99.21829223632812,21.36201477050781
37708,0.05633544921875,0.7234344482421875,0.0645294189453125,0.060887586325407,0.4363669455051422,0.0148106375709176,53.44332885742188,99.26609802246094,21.34735107421875
37709,0.1202545166015625,0.7737579345703125,0.0497894287109375,0.0177949760109186,0.5082091689109802,0.0232914742082357,53.3284912109375,99.2274932861328,21.43014526367188
37710,0.1202545166015625,0.7737579345703125,0.0497894287109375,0.0177949760109186,0.5082091689109802,0.0232914742082357,53.3284912109375,99.2274932861328,21.43014526367188
37711,0.1745452880859375,0.7937774658203125,0.02398681640625,0.014346981421113,0.5213446617126465,0.0076440712437033,53.30624389648438,99.36686706542967,21.5379638671875
37712,0.2002105712890625,0.8108673095703125,-0.007781982421875,0.0379258096218109,0.5398496389389038,-0.0186399966478347,53.17231750488281,99.37467956542967,21.54177856445312
37713,0.1551666259765625,0.8639678955078125,-0.072967529296875,0.1308016926050186,0.576292872428894,-0.0003001382574439,52.80938720703125,99.38975524902344,21.32991027832031
37714,0.1551666259765625,0.8639678955078125,-0.072967529296875,0.1308016926050186,0.576292872428894,-0.0003001382574439,52.80938720703125,99.38975524902344,21.32991027832031
37715,0.12408447265625,0.897430419921875,-0.085784912109375,0.1657522171735764,0.5685588121414185,0.0146934585645794,52.74827575683594,99.399658203125,21.25308227539062
37716,0.0857391357421875,0.932861328125,-0.0793304443359375,0.2093992978334427,0.5596808791160583,0.0241950843483209,52.61543273925781,99.49301147460938,21.19931030273438
37717,0.04718017578125,0.9620361328125,-0.063995361328125,0.2539872825145721,0.5465022325515747,0.0294308587908744,52.52830505371094,99.54353332519533,21.10920715332031
37718,0.016448974609375,0.9906005859375,-0.0454864501953125,0.3315300047397614,0.4048700034618378,-0.033366210758686,52.30532836914062,99.68385314941406,20.95057678222656
37719,-0.0025634765625,1.020294189453125,-0.022308349609375,0.3315300047397614,0.4048700034618378,-0.033366210758686,52.20381164550781,99.76759338378906,20.82232666015625
37720,-0.022674560546875,1.044143676757812,0.0763397216796875,0.3593994379043579,0.2793624103069305,-0.0895578488707542,52.05581665039062,99.71571350097656,20.7548828125
37721,-0.02349853515625,1.050048828125,0.128936767578125,0.2331006228923798,0.0361201874911785,-0.1200648918747902,51.97622680664062,99.7235870361328,20.46640014648438
37722,0.0134735107421875,1.081039428710938,0.1413421630859375,0.1444866061210632,0.1343325078487396,-0.0712169185280799,51.86883544921875,99.73544311523438,20.31216430664062
37723,0.0955657958984375,1.129745483398438,0.1837158203125,0.1444866061210632,0.1343325078487396,-0.0712169185280799,51.88478088378906,99.98933410644533,20.05409240722656
37724,0.133026123046875,1.20220947265625,0.1153106689453125,0.000157392816618,0.2956750690937042,-0.051774512976408,51.82064819335938,99.98567199707033,19.99588012695312
37725,0.0602264404296875,1.2388916015625,-0.1680755615234375,0.0312167759984731,0.3999516665935516,0.0088155958801507,51.62303161621094,100.1031494140625,19.84599304199219
37726,0.0602264404296875,1.2388916015625,-0.1680755615234375,0.0312167759984731,0.3999516665935516,0.0088155958801507,51.62303161621094,100.1031494140625,19.84599304199219
37727,0.04315185546875,1.2413330078125,-0.2969207763671875,0.0312167759984731,0.3999516665935516,0.0088155958801507,51.56338500976562,99.98811340332033,19.99888610839844
37728,0.07183837890625,1.3275146484375,-0.366943359375,0.3187249898910522,0.4452938437461853,0.094784565269947,51.39707946777344,100.0064086914062,20.12022399902344
37729,0.110107421875,1.444869995117188,0.185394287109375,0.895563542842865,0.2495520412921906,-0.0077958712354302,51.28244018554688,100.1775970458984,19.75445556640625
37730,0.110107421875,1.444869995117188,0.185394287109375,0.895563542842865,0.2495520412921906,-0.0077958712354302,51.28244018554688,100.1775970458984,19.75445556640625
37731,0.10906982421875,1.40838623046875,0.3201446533203125,1.00710391998291,0.115803562104702,-0.087006539106369,51.19430541992188,100.2834320068359,19.55119323730469
37732,0.130157470703125,1.370208740234375,0.3213043212890625,0.8202347159385681,-0.1947561651468277,-0.1166496500372887,51.10243225097656,100.5688629150391,19.24859619140625
37733,0.25482177734375,1.162979125976562,0.4663543701171875,0.3839950561523438,-0.8454207181930542,0.0520658642053604,51.02731323242188,100.8719787597656,18.6202392578125
37734,0.25482177734375,1.162979125976562,0.4663543701171875,0.3839950561523438,-0.8454207181930542,0.0520658642053604,51.02731323242188,100.8719787597656,18.6202392578125
37735,0.3051300048828125,1.03179931640625,0.5118560791015625,0.1971636712551117,-0.7707534432411194,0.098173439502716,51.02824401855469,101.1408081054688,18.41093444824219
37736,0.2920684814453125,0.9190216064453124,0.5165252685546875,0.1971636712551117,-0.7707534432411194,0.098173439502716,51.26814270019531,101.0353240966797,18.5440673828125
37737,0.1244659423828125,0.7884521484375,0.5250091552734375,0.1227488219738007,-0.0907536074519157,0.2496902644634247,51.91316223144531,101.0301971435547,18.40956115722656
37738,0.1244659423828125,0.7884521484375,0.5250091552734375,0.1227488219738007,-0.0907536074519157,0.2496902644634247,51.91316223144531,101.0301971435547,18.40956115722656
37739,0.1244659423828125,0.7884521484375,0.5250091552734375,0.1227488219738007,-0.0907536074519157,0.2496902644634247,51.91316223144531,101.0301971435547,18.40956115722656
37740,0.0618743896484375,0.8123626708984375,0.53692626953125,0.1258892267942429,0.1947508454322815,0.2367110699415207,52.06709289550781,101.0942993164062,18.61141967773438
37741,-0.0047760009765625,0.8817138671875,0.5761260986328125,0.0515657216310501,0.5403931736946106,0.177380383014679,52.1181640625,101.2626190185547,18.7515869140625
37742,-0.092315673828125,0.96990966796875,0.615692138671875,-0.3918079733848572,1.275890588760376,-0.0707679092884063,52.01095581054688,101.3315124511719,18.76759338378906
37743,-0.171295166015625,1.045074462890625,0.6164093017578125,-0.3918079733848572,1.275890588760376,-0.0707679092884063,51.94052124023438,101.2642974853516,18.66943359375
37744,-0.233123779296875,1.115447998046875,0.5466766357421875,-0.6147103309631348,1.390361309051514,-0.206933468580246,51.71556091308594,101.0973205566406,18.3922119140625
37745,-0.300628662109375,1.135162353515625,0.2848052978515625,-0.7288347482681274,0.9204918146133424,-0.269734263420105,50.96847534179688,100.4979553222656,17.835693359375
37746,-0.300628662109375,1.135162353515625,0.2848052978515625,-0.7288347482681274,0.9204918146133424,-0.269734263420105,50.96847534179688,100.4979553222656,17.835693359375
37747,-0.3051605224609375,1.08642578125,0.13067626953125,-0.6335409879684448,0.4197773039340973,-0.1750876605510712,50.53096008300781,100.0235443115234,17.82144165039062
37748,-0.237884521484375,1.038864135742188,-0.0137481689453125,-0.5468191504478455,-0.1079760044813156,-0.0508157759904861,50.39122009277344,99.61827087402344,17.92086791992188
37749,0.0322723388671875,0.9739990234375,-0.0537872314453125,-0.5516754388809204,-0.5307093858718872,-0.0016197345685213,50.27301025390625,99.20353698730467,18.32371520996094
37750,0.0322723388671875,0.9739990234375,-0.0537872314453125,-0.5516754388809204,-0.5307093858718872,-0.0016197345685213,50.27301025390625,99.20353698730467,18.32371520996094
37751,0.1295166015625,0.942596435546875,-0.0167236328125,-0.5525007247924805,-0.2797288596630096,0.0036511938087642,50.42904663085938,98.89630126953124,18.75114440917969
37752,0.182647705078125,0.9154815673828124,-0.0040130615234375,-0.5245793461799622,0.0327297151088714,0.0328434333205223,50.56233215332031,98.81582641601562,19.04356384277344
37753,0.209259033203125,0.8186492919921875,0.0087432861328125,-0.383931964635849,0.1283561140298843,0.15638667345047,50.67788696289062,98.70524597167967,19.21310424804688
37754,0.209259033203125,0.8186492919921875,0.0087432861328125,-0.383931964635849,0.1283561140298843,0.15638667345047,50.67788696289062,98.70524597167967,19.21310424804688
37755,0.2119293212890625,0.77056884765625,0.0157928466796875,-0.2850999236106873,0.0677444264292717,0.2126107960939407,50.62258911132812,98.58340454101562,19.46537780761719
37756,0.198394775390625,0.73309326171875,0.003204345703125,-0.2275000065565109,-0.0104949846863746,0.2402171343564987,50.57826232910156,98.57179260253906,19.61648559570312
37757,0.1137847900390625,0.678558349609375,0.00115966796875,-0.1872881352901459,-0.2023640275001526,0.2263756096363068,50.83479309082031,98.5619659423828,19.70130920410156
37758,0.1137847900390625,0.678558349609375,0.00115966796875,-0.1872881352901459,-0.2023640275001526,0.2263756096363068,50.83479309082031,98.5619659423828,19.70130920410156
37759,0.0665130615234375,0.66766357421875,0.0177459716796875,-0.1559573709964752,-0.2510053217411041,0.2025773376226425,51.0240478515625,98.51544189453124,19.82984924316406
37760,0.0158233642578125,0.6717071533203125,0.0325775146484375,-0.1197469085454941,-0.2479682564735413,0.1704729348421097,51.2376708984375,98.45355224609376,19.94236755371094
37761,-0.0745849609375,0.7191925048828125,0.07037353515625,-0.0442904978990554,-0.1811586022377014,0.1058337539434433,51.59022521972656,98.536376953125,19.91514587402344
37762,-0.11944580078125,0.763153076171875,0.084686279296875,-0.02941301651299,-0.1183572709560394,0.0765530988574028,51.67782592773438,98.513427734375,19.92140197753906
37763,-0.11944580078125,0.763153076171875,0.084686279296875,-0.02941301651299,-0.1183572709560394,0.0765530988574028,51.67782592773438,98.513427734375,19.92140197753906
37764,-0.152130126953125,0.8060455322265625,0.085052490234375,-0.072577528655529,-0.093769371509552,0.0199068635702133,51.89608764648438,98.4201202392578,20.04307556152344
37765,-0.177398681640625,0.8383636474609375,0.0814666748046875,-0.072577528655529,-0.093769371509552,0.0199068635702133,51.95860290527344,98.26016235351562,20.10899353027344
37766,-0.188629150390625,0.8596038818359375,0.0722198486328125,-0.1040350571274757,-0.1423811167478561,0.004938299767673,52.02127075195312,98.38259887695312,20.20248413085938
37767,-0.1763153076171875,0.880279541015625,0.0474395751953125,-0.1289012581110001,-0.199473962187767,-0.0046959519386291,52.07589721679688,98.28181457519533,20.27188110351562
37768,-0.1462249755859375,0.90301513671875,0.0092010498046875,-0.1381432265043259,-0.2713342905044556,-0.0175246652215719,52.20602416992188,98.12155151367188,20.41706848144531
37769,-0.0841522216796875,0.9402313232421876,-0.0527801513671875,-0.128268763422966,-0.3350245952606201,-0.0424712933599948,52.33053588867188,98.0814208984375,20.42594909667969
37770,-0.0841522216796875,0.9402313232421876,-0.0527801513671875,-0.128268763422966,-0.3350245952606201,-0.0424712933599948,52.33053588867188,98.0814208984375,20.42594909667969
37771,-0.06024169921875,0.9648590087890624,-0.072967529296875,-0.0865013375878334,-0.3598335385322571,-0.0534078292548656,52.30020141601562,98.06379699707033,20.48867797851562
37772,-0.04864501953125,0.9858551025390624,-0.0689849853515625,-0.0225657634437084,-0.372878760099411,-0.0639291778206825,52.3477783203125,97.98411560058594,20.58599853515625
37773,-0.0442047119140625,1.020538330078125,0.0231475830078125,0.1571523398160934,-0.2795397639274597,-0.0656447932124137,52.44332885742188,97.91299438476562,20.67642211914062
37774,-0.0442047119140625,1.020538330078125,0.0231475830078125,0.1571523398160934,-0.2795397639274597,-0.0656447932124137,52.44332885742188,97.91299438476562,20.67642211914062
37775,-0.0313873291015625,1.035873413085938,0.075531005859375,0.2357328981161118,-0.2251984924077988,-0.0563604794442653,52.5228271484375,97.86212158203124,20.86351013183594
37776,-0.025482177734375,1.0467529296875,0.1185150146484375,0.2669406235218048,-0.2108768224716187,-0.0224709548056125,52.56295776367188,97.86897277832033,20.90390014648438
37777,-0.0260009765625,1.054351806640625,0.1643218994140625,0.2410562932491302,-0.1723398119211197,0.0014261227333918,52.54171752929688,97.90879821777344,20.66848754882812
37778,-0.0371856689453125,1.071975708007812,0.194427490234375,0.1821101456880569,-0.081784076988697,0.0165704544633626,52.5439453125,97.9121551513672,20.45903015136719
37779,-0.070159912109375,1.121429443359375,0.181304931640625,0.1214079186320305,0.0513822324573993,0.0179467760026454,52.578125,98.0458526611328,20.38801574707031
37780,-0.1127777099609375,1.20721435546875,0.09954833984375,0.0953219905495643,0.089154377579689,0.0172285214066505,52.60942077636719,97.92056274414062,20.44563293457031
37781,-0.1060028076171875,1.268386840820312,-0.093109130859375,0.0852384641766548,-0.0236872192472219,-0.1334555298089981,52.52520751953125,97.94749450683594,20.17686462402344
37782,-0.1060028076171875,1.268386840820312,-0.093109130859375,0.0852384641766548,-0.0236872192472219,-0.1334555298089981,52.52520751953125,97.94749450683594,20.17686462402344
37783,-0.0647430419921875,1.29632568359375,-0.242706298828125,0.1010387316346169,-0.2326558828353882,-0.2110206335783005,52.4754638671875,98.09553527832033,20.02613830566406
37784,-0.06365966796875,1.376937866210938,-0.27301025390625,0.1391056925058365,-0.3701796531677246,-0.2757135927677155,52.41476440429688,97.965576171875,20.13285827636719
37785,-0.1298980712890625,1.434829711914062,0.1873016357421875,0.7552666068077087,-0.2158018052577972,-0.2883796095848083,52.36935424804688,98.02145385742188,20.00593566894531
37786,-0.1298980712890625,1.434829711914062,0.1873016357421875,0.7552666068077087,-0.2158018052577972,-0.2883796095848083,52.36935424804688,98.02145385742188,20.00593566894531
37787,-0.1038055419921875,1.416366577148438,0.3327789306640625,0.9605124592781068,0.0482687279582023,-0.2057435810565948,52.35928344726562,98.09652709960938,19.77836608886719
37788,-0.0660552978515625,1.392044067382812,0.380096435546875,0.954365849494934,0.0652098953723907,-0.1955508589744568,52.27886962890625,98.19166564941406,19.36793518066406
37789,-0.0416412353515625,1.332351684570312,0.4949798583984375,0.8669174909591675,-0.0399950854480266,-0.1691453456878662,52.18464660644531,98.35749816894533,19.08294677734375
37790,-0.0113372802734375,1.268386840820312,0.60040283203125,0.7437830567359924,-0.049296710640192,-0.1357389241456985,52.09208679199219,98.5847625732422,18.56341552734375
37791,0.0162200927734375,1.167129516601562,0.651947021484375,0.5900095105171204,0.1079301983118057,-0.1037234663963318,51.99156188964844,98.81315612792967,18.34233093261719
37792,0.058349609375,1.057647705078125,0.6382598876953125,0.4022270739078522,0.2373358607292175,-0.0750481486320495,51.85890197753906,98.86061096191406,18.22776794433594
37793,0.119384765625,0.8581695556640625,0.6115875244140625,-0.115327924489975,0.0597554743289947,-0.0009446232579648,51.73051452636719,99.11683654785156,17.82696533203125
37794,0.119384765625,0.8581695556640625,0.6115875244140625,-0.115327924489975,0.0597554743289947,-0.0009446232579648,51.73051452636719,99.11683654785156,17.82696533203125
37795,0.1787567138671875,0.759521484375,0.5550689697265625,-0.115327924489975,0.0597554743289947,-0.0009446232579648,51.71356201171875,99.18896484375,17.79386901855469
37796,0.2503509521484375,0.7335968017578125,0.4903564453125,-0.3415922224521637,-0.3525087833404541,0.1267169266939163,51.76226806640625,99.25747680664062,17.86373901367188
37797,0.451171875,0.8415374755859375,0.4504241943359375,-0.6862172484397888,-0.3436441719532013,0.1671655625104904,51.84170532226562,99.3202667236328,18.45494079589844
37798,0.451171875,0.8415374755859375,0.4504241943359375,-0.6862172484397888,-0.3436441719532013,0.1671655625104904,51.84170532226562,99.3202667236328,18.45494079589844
37799,0.5308837890625,0.9312286376953124,0.4689483642578125,-0.6862172484397888,-0.3436441719532013,0.1671655625104904,52.08953857421875,99.39892578125,18.70240783691406
37800,0.5692596435546875,1.02130126953125,0.49627685546875,-0.8238198757171631,0.1776522845029831,0.2010534852743149,52.37539672851562,99.3415069580078,19.05313110351562
37801,0.4336700439453125,1.101058959960938,0.12646484375,-0.5855960845947266,1.31507933139801,0.2858381569385529,52.56593322753906,99.22273254394533,19.70111083984375
37802,0.4336700439453125,1.101058959960938,0.12646484375,-0.5855960845947266,1.31507933139801,0.2858381569385529,52.56593322753906,99.22273254394533,19.70111083984375
37803,0.280914306640625,1.141067504882812,-0.129608154296875,-0.5855960845947266,1.31507933139801,0.2858381569385529,52.46633911132812,99.10513305664062,19.94807434082031
37804,0.1319580078125,1.164718627929688,-0.2870941162109375,-0.3268718719482422,0.8210533857345581,0.2659960091114044,52.29664611816406,99.2230987548828,20.1396484375
37805,-0.0049896240234375,1.05548095703125,-0.0160675048828125,0.2915836572647095,0.4251874983310699,0.2222272157669067,52.09466552734375,99.37594604492188,20.39128112792969
37806,-0.0049896240234375,1.05548095703125,-0.0160675048828125,0.2915836572647095,0.4251874983310699,0.2222272157669067,52.09466552734375,99.37594604492188,20.39128112792969
37807,-0.0493011474609375,1.00421142578125,0.047821044921875,0.4782938659191132,0.539681077003479,0.1742178648710251,52.01460266113281,99.42008972167967,20.52369689941406
37808,-0.0868988037109375,0.9591827392578124,0.060943603515625,0.5064272284507751,0.523399829864502,0.0962021648883819,51.89321899414062,99.50187683105467,20.465576171875
37809,-0.12896728515625,0.8628387451171875,0.138671875,0.3128247559070587,0.3368065059185028,-0.0062352591194212,51.70512390136719,99.876953125,19.68113708496094
37810,-0.12896728515625,0.8628387451171875,0.138671875,0.3128247559070587,0.3368065059185028,-0.0062352591194212,51.70512390136719,99.876953125,19.68113708496094
37811,-0.1171722412109375,0.8145904541015625,0.151092529296875,0.2272967994213104,0.2508370280265808,-0.0083367591723799,51.65669250488281,100.0524139404297,19.48280334472656
37812,-0.0970916748046875,0.7749786376953125,0.1555633544921875,0.1444969922304153,0.2101700156927109,-0.015622635371983,51.59434509277344,99.86805725097656,19.39860534667969
37813,-0.0794525146484375,0.7476043701171875,0.1585540771484375,-0.0160474088042974,0.3016565144062042,-0.0267759542912244,51.49165344238281,99.85173034667967,19.43397521972656
37814,-0.0710296630859375,0.721160888671875,0.136993408203125,-0.0160474088042974,0.3016565144062042,-0.0267759542912244,51.51362609863281,99.87590026855467,19.42938232421875
37815,-0.0620880126953125,0.7072906494140625,0.09161376953125,-0.0684048905968666,0.3368584513664246,-0.022111427038908,51.46501159667969,99.81655883789062,19.45343017578125
37816,-0.0496978759765625,0.709564208984375,0.0634002685546875,-0.0952905640006065,0.3606399595737457,-0.002404301892966,51.45269775390625,99.79537963867188,19.54376220703125
37817,0.0037078857421875,0.7534637451171875,0.02313232421875,-0.0638572797179222,0.4787985384464264,0.0479078702628612,51.165283203125,99.89292907714844,19.31069946289062
37818,0.0037078857421875,0.7534637451171875,0.02313232421875,-0.0638572797179222,0.4787985384464264,0.0479078702628612,51.165283203125,99.89292907714844,19.31069946289062
37819,0.0412750244140625,0.787994384765625,0.016143798828125,-0.0638572797179222,0.4787985384464264,0.0479078702628612,51.10040283203125,99.85049438476562,19.39651489257812
37820,0.0712738037109375,0.808441162109375,0.0154266357421875,-0.0456276722252368,0.491637110710144,0.0596215166151523,51.04225158691406,99.93490600585938,19.45657348632812
37821,0.10174560546875,0.824432373046875,0.0231781005859375,-0.0275932773947715,0.4860873520374298,0.0609507039189338,50.97349548339844,100.1350708007812,19.50198364257812
37822,0.131256103515625,0.831695556640625,0.025146484375,0.0063492422923445,0.5121368169784546,0.0569176115095615,50.83892822265625,100.1993865966797,19.55335998535156
37823,0.1561279296875,0.8275604248046875,0.0365447998046875,0.0063492422923445,0.5121368169784546,0.0569176115095615,50.69096374511719,99.96273803710938,19.79638671875
37824,0.1734619140625,0.8328094482421875,0.0295562744140625,0.0162620600312948,0.580325722694397,0.0619339421391487,50.76608276367188,99.90852355957033,19.91709899902344
37825,0.1417694091796875,0.8628997802734375,-0.01092529296875,0.0729879215359687,0.7946497201919556,0.1109046787023544,50.52864074707031,99.8665771484375,19.66635131835938
37826,0.1417694091796875,0.8628997802734375,-0.01092529296875,0.0729879215359687,0.7946497201919556,0.1109046787023544,50.52864074707031,99.8665771484375,19.66635131835938
37827,0.102142333984375,0.8873748779296875,-0.0539093017578125,0.0729879215359687,0.7946497201919556,0.1109046787023544,50.42929077148438,99.91787719726562,19.51553344726562
37828,0.055511474609375,0.9139404296875,-0.0860748291015625,0.1203035041689873,0.8083245158195496,0.1126330718398094,50.37327575683594,99.91412353515624,19.44337463378906
37829,-0.0244598388671875,0.953369140625,-0.0870208740234375,0.1853783875703812,0.7742757201194763,0.1021237075328827,50.08676147460938,100.0647583007812,19.22438049316406
37830,-0.0244598388671875,0.953369140625,-0.0870208740234375,0.1853783875703812,0.7742757201194763,0.1021237075328827,50.08676147460938,100.0647583007812,19.22438049316406
37831,-0.0454559326171875,0.966278076171875,-0.0707855224609375,0.2047190517187119,0.7444616556167603,0.0752145946025848,49.91123962402344,100.1486663818359,18.93426513671875
37832,-0.04888916015625,0.983978271484375,-0.039642333984375,0.2352716326713562,0.6828907132148743,0.0271666403859853,49.79803466796875,100.1803436279297,18.89865112304688
37833,-0.047821044921875,1.018661499023438,0.00994873046875,0.1918748915195465,0.3967209756374359,-0.0396097265183925,49.74476623535156,100.2510070800781,18.75079345703125
37834,-0.033447265625,1.072219848632812,0.10235595703125,0.1918748915195465,0.3967209756374359,-0.0396097265183925,49.66773986816406,100.2771301269531,18.62661743164062
37835,0.010772705078125,1.102188110351562,0.1681060791015625,0.1008677557110786,0.4391563236713409,-0.0451008975505828,49.5052490234375,100.3965148925781,18.48963928222656
37836,0.05145263671875,1.122589111328125,0.1394805908203125,0.0192759595811367,0.5516623854637146,-0.0396174490451812,49.39085388183594,100.3755798339844,18.50531005859375
37837,0.0673065185546875,1.256805419921875,-0.167816162109375,-0.0370895788073539,0.7190114259719849,0.0149059789255261,49.11619567871094,100.2631378173828,18.57981872558594
37838,0.0673065185546875,1.256805419921875,-0.167816162109375,-0.0370895788073539,0.7190114259719849,0.0149059789255261,49.11619567871094,100.2631378173828,18.57981872558594
37839,0.0673065185546875,1.256805419921875,-0.167816162109375,-0.0370895788073539,0.7190114259719849,0.0149059789255261,49.11619567871094,100.2631378173828,18.57981872558594
37840,0.0699005126953125,1.33551025390625,-0.33074951171875,0.0668069943785667,0.6394175291061401,-0.0459722839295864,49.00923156738281,100.2340545654297,18.72593688964844
37841,0.065673828125,1.422958374023438,-0.3137359619140625,0.4382037222385406,0.1533900946378708,-0.2509528696537018,48.8382568359375,100.2855529785156,18.64486694335938
37842,-0.0243682861328125,1.482894897460938,-0.073974609375,0.4382037222385406,0.1533900946378708,-0.2509528696537018,48.70281982421875,100.3443756103516,18.50788879394531
37843,0.0624237060546875,1.358642578125,0.2599029541015625,0.9245174527168274,0.3159840703010559,-0.0088227866217494,48.57669067382812,100.3046417236328,18.14045715332031
37844,0.1790313720703125,1.358474731445312,0.3617401123046875,1.057246685028076,0.6528470516204834,0.0818799510598182,48.46514892578125,100.4772033691406,17.80741882324219
37845,0.1711883544921875,1.309249877929688,0.316314697265625,0.4988446831703186,0.2641562819480896,-0.0565716661512851,48.31901550292969,100.6812896728516,17.34390258789062
37846,0.1172943115234375,1.186660766601562,0.3083343505859375,0.2970077097415924,-0.29046830534935,-0.041594848036766,48.15785217285156,100.9230194091797,16.75701904296875
37847,0.1328277587890625,1.084121704101562,0.3555755615234375,0.2970077097415924,-0.29046830534935,-0.041594848036766,48.08970642089844,101.105224609375,16.47932434082031
37848,0.1481170654296875,1.007232666015625,0.449066162109375,0.1903180181980133,-0.6196078658103943,-0.0298977121710777,47.93537902832031,101.1099853515625,16.13017272949219
37849,0.174591064453125,0.9145355224609376,0.492340087890625,0.2022511065006256,-0.7105361819267273,0.0804378539323806,47.90287780761719,101.2190399169922,15.94746398925781
37850,0.17657470703125,0.853729248046875,0.5312042236328125,0.2940875589847565,-0.0359769091010093,0.2372423708438873,48.05253601074219,101.2603607177734,15.80950927734375
37851,0.1458282470703125,0.818878173828125,0.53125,0.2453764677047729,0.3290750980377197,0.1970182657241821,48.05601501464844,101.4507293701172,15.96037292480469
37852,0.090606689453125,0.821929931640625,0.497955322265625,0.2453764677047729,0.3290750980377197,0.1970182657241821,48.19769287109375,101.6430206298828,15.80252075195312
37853,-0.04522705078125,0.870941162109375,0.5391845703125,-0.0925813317298889,0.9156296849250792,0.1108508855104446,48.17915344238281,102.0298156738281,15.70297241210938
37854,-0.04522705078125,0.870941162109375,0.5391845703125,-0.0925813317298889,0.9156296849250792,0.1108508855104446,48.17915344238281,102.0298156738281,15.70297241210938
37855,-0.1291656494140625,0.937957763671875,0.56781005859375,-0.3291248977184296,1.257946848869324,0.0327179990708828,48.15809631347656,102.0378112792969,15.63560485839844
37856,-0.2142486572265625,1.016204833984375,0.576904296875,-0.5481858849525452,1.580603122711182,-0.0932362005114555,48.09379577636719,101.8617248535156,15.52644348144531
37857,-0.337310791015625,1.1494140625,0.451568603515625,-0.8089178800582886,1.81691575050354,-0.3725599944591522,47.51533508300781,101.4272766113281,15.16304016113281
37858,-0.337310791015625,1.1494140625,0.451568603515625,-0.8089178800582886,1.81691575050354,-0.3725599944591522,47.51533508300781,101.4272766113281,15.16304016113281
37859,-0.3657989501953125,1.16107177734375,0.24493408203125,-0.8044461607933044,1.445847511291504,-0.3745816051959991,47.12994384765625,100.878662109375,15.08367919921875
37860,-0.373992919921875,1.119155883789062,0.0445556640625,-0.7241750359535217,0.6681985855102539,-0.2622571885585785,46.71235656738281,100.3189697265625,15.17572021484375
37861,-0.1446990966796875,1.00604248046875,0.004058837890625,-0.5838354825973511,-0.5164609551429749,0.0409298576414585,45.95509338378906,99.33619689941406,15.10780334472656
37862,-0.1446990966796875,1.00604248046875,0.004058837890625,-0.5838354825973511,-0.5164609551429749,0.0409298576414585,45.95509338378906,99.33619689941406,15.10780334472656
37863,-0.025421142578125,0.9782257080078124,0.0545501708984375,-0.4386758804321289,-0.3471297323703766,0.1923563927412033,45.78727722167969,99.17288208007812,15.20802307128906
37864,0.09320068359375,0.9403228759765624,0.070404052734375,-0.4386758804321289,-0.3471297323703766,0.1923563927412033,45.82122802734375,98.99156188964844,15.55238342285156
37865,0.3198089599609375,0.903717041015625,0.0653228759765625,-0.6168610453605652,0.5076608061790466,0.1475255340337753,46.17623901367188,99.09567260742188,16.41973876953125
37866,0.3198089599609375,0.903717041015625,0.0653228759765625,-0.6168610453605652,0.5076608061790466,0.1475255340337753,46.17623901367188,99.09567260742188,16.41973876953125
37867,0.343994140625,0.87945556640625,0.0008544921875,-0.6168610453605652,0.5076608061790466,0.1475255340337753,46.31185913085938,99.08357238769533,16.782470703125
37868,0.3191375732421875,0.770111083984375,0.0193023681640625,-0.5465261936187744,0.633158802986145,0.167198583483696,46.36170959472656,99.24617004394533,17.0360107421875
37869,0.234832763671875,0.696197509765625,-0.1045989990234375,-0.212347686290741,0.6402159333229065,0.2436717748641968,46.3653564453125,99.22955322265624,17.3035888671875
37870,0.234832763671875,0.696197509765625,-0.1045989990234375,-0.212347686290741,0.6402159333229065,0.2436717748641968,46.3653564453125,99.22955322265624,17.3035888671875
37871,0.15057373046875,0.6991424560546875,-0.115234375,-0.1058627814054489,0.4671935439109802,0.2605650126934052,46.33792114257812,99.08763122558594,17.65939331054688
37872,0.0540313720703125,0.71002197265625,-0.0909271240234375,-0.0475936159491539,0.2901348769664764,0.244776725769043,46.39204406738281,99.1535186767578,17.79615783691406
37873,-0.0990142822265625,0.7359771728515625,0.0242919921875,-0.036391295492649,0.1362033784389496,0.1606384068727493,46.27371215820312,99.36851501464844,17.44631958007812
37874,-0.0990142822265625,0.7359771728515625,0.0242919921875,-0.036391295492649,0.1362033784389496,0.1606384068727493,46.27371215820312,99.36851501464844,17.44631958007812
37875,-0.1480255126953125,0.7441253662109375,0.063507080078125,0.0106832701712846,0.1231229975819588,0.0745999366044998,46.39268493652344,99.3967742919922,17.30062866210938
37876,-0.1793212890625,0.7576904296875,0.089935302734375,0.0106832701712846,0.1231229975819588,0.0745999366044998,46.40773010253906,99.29283142089844,17.1712646484375
37877,-0.187469482421875,0.78173828125,0.1126861572265625,-0.0037747644819319,0.0114542553201317,0.0224901288747787,46.39987182617188,99.33634948730467,17.22267150878906
37878,-0.187469482421875,0.78173828125,0.1126861572265625,-0.0037747644819319,0.0114542553201317,0.0224901288747787,46.39987182617188,99.33634948730467,17.22267150878906
37879,-0.1647491455078125,0.810150146484375,0.11370849609375,-0.0037747644819319,0.0114542553201317,0.0224901288747787,46.45869445800781,99.39813232421876,17.06765747070312
37880,-0.133636474609375,0.8406219482421875,0.0920257568359375,-0.0756010189652442,-0.0412390492856502,0.0083647230640053,46.5224609375,99.3219757080078,17.08755493164062
37881,-0.1037750244140625,0.8681793212890625,0.0527496337890625,-0.1388889104127884,-0.0944910869002342,-0.0056419065222144,46.51361083984375,99.35749816894533,17.0478515625
37882,-0.1037750244140625,0.8681793212890625,0.0527496337890625,-0.1388889104127884,-0.0944910869002342,-0.0056419065222144,46.51361083984375,99.35749816894533,17.0478515625
37883,-0.0582427978515625,0.9195098876953124,-0.0509185791015625,-0.0896441340446472,-0.1402207612991333,0.0010362359462305,46.5831298828125,99.37518310546876,17.21034240722656
37884,-0.042816162109375,0.9513397216796876,-0.09710693359375,-0.0896441340446472,-0.1402207612991333,0.0010362359462305,46.61703491210938,99.30052185058594,17.29949951171875
37885,-0.0379180908203125,0.9882354736328124,-0.108642578125,0.0940159782767295,-0.1524870097637177,0.0199526697397232,46.61508178710938,99.25178527832033,17.47804260253906
37886,-0.0420989990234375,1.0162353515625,-0.068115234375,0.2136646062135696,-0.1146086007356644,0.0358437523245811,46.67892456054688,99.23577880859376,17.49632263183594
37887,-0.049468994140625,1.046035766601562,-6.103515625e-05,0.2136646062135696,-0.1146086007356644,0.0358437523245811,46.79609680175781,99.22088623046876,17.59283447265625
37888,-0.055389404296875,1.071319580078125,0.0721893310546875,0.311944305896759,-0.0763397812843322,0.0588963404297828,46.8460693359375,99.15725708007812,17.59011840820312
37889,-0.05078125,1.095626831054688,0.1401519775390625,0.3645984828472137,-0.0749509409070015,0.0976522564888,46.94572448730469,98.9341278076172,17.60209655761719
37890,-0.0460052490234375,1.11676025390625,0.204010009765625,0.2799983620643616,0.0254723373800516,0.128889799118042,47.01713562011719,98.94383239746094,17.44879150390625
37891,-0.04681396484375,1.146835327148438,0.2346343994140625,0.2799983620643616,0.0254723373800516,0.128889799118042,46.95655822753906,98.9603271484375,17.35176086425781
37892,-0.055450439453125,1.176864624023438,0.2227935791015625,0.176105260848999,0.1627481728792191,0.109322227537632,47.06314086914062,98.97817993164062,17.24845886230469
37893,-0.1201629638671875,1.345123291015625,0.0550537109375,0.0796655341982841,0.3971880972385406,-0.0363311097025871,47.21989440917969,98.76734924316406,16.99725341796875
37894,-0.1201629638671875,1.345123291015625,0.0550537109375,0.0796655341982841,0.3971880972385406,-0.0363311097025871,47.21989440917969,98.76734924316406,16.99725341796875
37895,-0.152862548828125,1.481430053710938,0.0428924560546875,0.2812204957008362,0.1824102848768234,-0.1244188919663429,47.03712463378906,98.8437957763672,16.60888671875
37896,-0.174774169921875,1.532485961914062,0.24224853515625,0.562545120716095,0.0953299775719642,-0.0950125306844711,46.92123413085938,98.821044921875,16.60882568359375
37897,-0.173095703125,1.52978515625,0.413909912109375,0.5312540531158447,0.5013493895530701,0.0042778356000781,46.82318115234375,98.92491149902344,16.33860778808594
37898,-0.1416473388671875,1.509521484375,0.328948974609375,0.2882102131843567,0.751587450504303,0.048794437199831,46.74560546875,98.95944213867188,16.08772277832031
37899,-0.1142730712890625,1.450592041015625,0.3232574462890625,0.1744506359100342,0.6280562281608582,0.0167150646448135,46.66136169433594,99.050537109375,15.90913391113281
37900,-0.0841827392578125,1.3702392578125,0.4693145751953125,0.1584455668926239,0.6313779950141907,0.0051345746032893,46.46502685546875,99.0407257080078,15.72663879394531
37901,-0.0340423583984375,1.210189819335938,0.48675537109375,0.0906625241041183,0.8057729601860046,-0.0362064726650714,46.26133728027344,99.0631103515625,15.42359924316406
37902,-0.0340423583984375,1.210189819335938,0.48675537109375,0.0906625241041183,0.8057729601860046,-0.0362064726650714,46.26133728027344,99.0631103515625,15.42359924316406
37903,-0.0119476318359375,1.080307006835938,0.4357757568359375,0.0141818653792142,0.7051581740379333,-0.0814381316304206,46.24299621582031,98.99903869628906,15.42280578613281
37904,0.0330352783203125,0.9468994140625,0.3529815673828125,-0.035675972700119,0.4040529429912567,-0.1120612919330597,46.07267761230469,99.06948852539062,15.30592346191406
37905,0.1556243896484375,0.7800750732421875,0.2797698974609375,-0.0682975649833679,-0.5509358644485474,-0.020827516913414,45.80476379394531,99.38246154785156,15.13905334472656
37906,0.1556243896484375,0.7800750732421875,0.2797698974609375,-0.0682975649833679,-0.5509358644485474,-0.020827516913414,45.80476379394531,99.38246154785156,15.13905334472656
37907,0.24896240234375,0.7653350830078125,0.3346405029296875,-0.0684051588177681,-0.8540278077125549,0.0598755851387977,45.90583801269531,99.49794006347656,15.28865051269531
37908,0.3768463134765625,0.8029937744140625,0.4122467041015625,-0.0706813633441925,-0.8753752112388611,0.0999327227473259,46.15093994140625,99.67253112792967,15.56204223632812
37909,0.55242919921875,0.9168853759765624,0.4672088623046875,-0.1540414988994598,-0.2109194248914719,0.1130993887782097,46.58345031738281,99.9665069580078,16.01924133300781
37910,0.55242919921875,0.9168853759765624,0.4672088623046875,-0.1540414988994598,-0.2109194248914719,0.1130993887782097,46.58345031738281,99.9665069580078,16.01924133300781
37911,0.579437255859375,0.94915771484375,0.446014404296875,-0.2166031450033188,0.2558490931987762,0.1601113677024841,46.80720520019531,99.91348266601562,16.33967590332031
37912,0.5599517822265625,0.977691650390625,0.4126129150390625,-0.2522551417350769,0.6471622586250305,0.2024481743574142,46.84403991699219,99.95643615722656,16.40541076660156
37913,0.35467529296875,1.018936157226562,0.3034820556640625,-0.1795476526021957,1.142640233039856,0.2509241104125977,46.65145874023438,100.2366790771484,16.32992553710938
37914,0.35467529296875,1.018936157226562,0.3034820556640625,-0.1795476526021957,1.142640233039856,0.2509241104125977,46.65145874023438,100.2366790771484,16.32992553710938
37915,0.2637176513671875,1.007843017578125,0.2047882080078125,-0.0953132063150405,1.194220066070557,0.227269634604454,46.55476379394531,100.2531890869141,16.42098999023438
37916,0.16412353515625,0.983734130859375,0.1283416748046875,-0.0346940644085407,1.12894594669342,0.1826297342777252,46.37290954589844,100.3496246337891,16.28451538085938
37917,0.0376434326171875,0.9684600830078124,0.0957794189453125,0.0086198532953858,0.9966411590576172,0.152983695268631,46.28684997558594,100.4674987792969,16.30747985839844
37918,-0.0926513671875,0.946807861328125,0.0815277099609375,0.0721061527729034,0.8843798637390137,0.1503010839223862,46.16293334960938,100.4135131835938,16.25462341308594
37919,-0.1851959228515625,0.929229736328125,0.092987060546875,0.1182193160057068,0.8013789653778076,0.1452538669109344,45.99339294433594,100.3511505126953,16.19686889648438
37920,-0.26544189453125,0.9293365478515624,0.112884521484375,0.1139436140656471,0.7891180515289307,0.0511705093085765,45.78384399414062,100.3880004882812,16.17269897460938
37921,-0.2924346923828125,0.854644775390625,-0.018402099609375,0.057706706225872,0.3833197057247162,-0.1021806970238686,45.4140625,100.5334625244141,15.61407470703125
37922,-0.2924346923828125,0.854644775390625,-0.018402099609375,0.057706706225872,0.3833197057247162,-0.1021806970238686,45.4140625,100.5334625244141,15.61407470703125
37923,-0.1847686767578125,0.82965087890625,-0.03546142578125,0.0851314067840576,0.0060203419998288,-0.0703066512942314,45.27297973632812,100.5635223388672,15.39981079101562
37924,-0.06976318359375,0.82440185546875,0.0377349853515625,0.1005452498793602,-0.1578463613986969,-0.0379463173449039,45.2586669921875,100.6259918212891,15.50315856933594
37925,0.0081329345703125,0.7856903076171875,0.0995025634765625,0.1095493957400322,-0.0310753621160984,0.0107381315901875,45.30117797851562,100.7222747802734,15.49937438964844
37926,0.0896148681640625,0.7583160400390625,0.0987396240234375,0.1030022799968719,0.1770360320806503,0.024973526597023,45.245849609375,100.7673645019531,15.53843688964844
37927,0.1414031982421875,0.7470703125,0.0970001220703125,0.0877919048070907,0.3435581624507904,0.0104459831491112,45.21022033691406,100.8528594970703,15.44863891601562
37928,0.16033935546875,0.7473297119140625,0.1156005859375,0.0602705292403698,0.4655671715736389,-0.0117280287668108,45.15426635742188,101.01953125,15.58758544921875
37929,0.1532440185546875,0.756195068359375,0.1341705322265625,0.0346205607056617,0.5794340968132019,-0.0183955188840627,45.18487548828125,101.1053924560547,15.49142456054688
37930,0.1458740234375,0.7758331298828125,0.132598876953125,0.001259408891201,0.6575043797492981,0.0056283245794475,45.11891174316406,101.0619659423828,15.40731811523438
37931,0.125244140625,0.796630859375,0.114898681640625,0.001259408891201,0.6575043797492981,0.0056283245794475,44.95039367675781,101.1198272705078,15.44154357910156
37932,0.102203369140625,0.816497802734375,0.0980224609375,-0.0083167860284447,0.6635825037956238,0.017235180363059,44.96434020996094,101.1419982910156,15.33979797363281
37933,0.091339111328125,0.8354339599609375,0.0689239501953125,-0.0143608301877975,0.6626394987106323,0.0253317225724458,44.86131286621094,101.1050567626953,15.3533935546875
37934,0.0894622802734375,0.8405914306640625,0.0338897705078125,0.0595839694142341,0.716094970703125,0.0202325675636529,44.69389343261719,101.0673980712891,15.36167907714844
37935,0.0973968505859375,0.847381591796875,0.0010223388671875,0.0595839694142341,0.716094970703125,0.0202325675636529,44.54995727539062,101.0355224609375,15.27552795410156
37936,0.1096954345703125,0.865081787109375,-0.0220184326171875,0.1704995632171631,0.7514420747756958,-0.0086329029873013,44.50347900390625,101.0012817382812,15.16749572753906
37937,0.0825958251953125,0.907379150390625,-0.025238037109375,0.2109090387821198,0.7185727953910828,-0.0109559781849384,44.2034912109375,101.0626373291016,14.75717163085938
37938,0.0825958251953125,0.907379150390625,-0.025238037109375,0.2109090387821198,0.7185727953910828,-0.0109559781849384,44.2034912109375,101.0626373291016,14.75717163085938
37939,0.055999755859375,0.9216766357421876,-0.0196990966796875,0.2109090387821198,0.7185727953910828,-0.0109559781849384,44.08139038085938,101.04541015625,14.71710205078125
37940,0.033172607421875,0.945556640625,-0.004608154296875,0.2111567109823227,0.6630781292915344,-0.0130889043211937,43.99940490722656,101.05517578125,14.69026184082031
37941,0.0127410888671875,0.966552734375,0.02685546875,0.2020606845617294,0.6158128380775452,-0.0082552665844559,43.88516235351562,100.9411315917969,14.70021057128906
37942,0.0029449462890625,0.986419677734375,0.0410308837890625,0.1744199991226196,0.596387505531311,0.0009137305896729,43.7315673828125,101.0765991210938,14.33100891113281
37943,0.0005950927734375,1.023452758789062,0.0414276123046875,0.1543562859296799,0.584436297416687,-0.0027542412281036,43.59030151367188,101.1950531005859,13.96983337402344
37944,0.0249176025390625,1.064376831054688,0.0754547119140625,0.1736136078834534,0.5585349202156067,-0.0235761664807796,43.41841125488281,101.1910858154297,13.91351318359375
37945,0.0640106201171875,1.098800659179688,0.125030517578125,0.2084107249975204,0.545950174331665,-0.0288779865950346,43.28941345214844,101.1891937255859,13.74800109863281
37946,0.0811614990234375,1.130203247070312,0.1429595947265625,0.1126943230628967,0.5985941886901855,0.0101303979754447,43.22781372070312,101.2574157714844,13.53025817871094
37947,0.108184814453125,1.157730102539062,0.1178436279296875,0.1126943230628967,0.5985941886901855,0.0101303979754447,43.13679504394531,101.2318267822266,13.35511779785156
37948,0.1422882080078125,1.203567504882812,0.07916259765625,0.0607994347810745,0.6456471681594849,0.0396549999713897,42.99575805664062,101.26318359375,13.22799682617188
37949,0.17559814453125,1.254364013671875,0.069580078125,0.1486877501010895,0.5646463632583618,0.0214544255286455,42.90443420410156,101.3169403076172,13.23550415039062
37950,0.1929168701171875,1.29296875,0.1373291015625,0.2704093754291534,0.4823858141899109,0.0190661028027534,42.87786865234375,101.3183288574219,12.96092224121094
37951,0.200439453125,1.311370849609375,0.187469482421875,0.2704093754291534,0.4823858141899109,0.0190661028027534,42.76374816894531,101.2449340820312,12.82275390625
37952,0.204345703125,1.342681884765625,0.213714599609375,0.470122754573822,0.1299809068441391,0.1876942664384842,42.760498046875,101.2125091552734,12.54953002929688
37953,0.2332305908203125,1.408340454101562,0.3407440185546875,0.1798470020294189,-0.2447005659341812,0.1530654430389404,42.63473510742188,101.3372192382812,12.05522155761719
37954,0.2332305908203125,1.408340454101562,0.3407440185546875,0.1798470020294189,-0.2447005659341812,0.1530654430389404,42.63473510742188,101.3372192382812,12.05522155761719
37955,0.20166015625,1.387924194335938,0.374420166015625,0.1798470020294189,-0.2447005659341812,0.1530654430389404,42.6644287109375,101.4669036865234,11.92005920410156
37956,0.1291351318359375,1.317672729492188,0.42950439453125,0.0127831734716892,-0.4027772843837738,0.1236348524689674,42.80046081542969,101.6086730957031,11.71507263183594
37957,0.1114044189453125,1.223388671875,0.4852142333984375,-0.0033955303952097,-0.296591728925705,0.1743574142456055,42.83242797851562,101.6198883056641,11.71121215820312
37958,0.1114501953125,1.086685180664062,0.54913330078125,0.2926973700523376,0.7713598608970642,0.2381899356842041,42.88201904296875,101.6391906738281,11.823486328125
37959,0.025360107421875,1.00665283203125,0.5071868896484375,0.2926973700523376,0.7713598608970642,0.2381899356842041,42.941650390625,101.5997314453125,11.78927612304688
37960,-0.03973388671875,0.9192352294921876,0.358612060546875,0.2923999130725861,0.9014337062835692,0.1412617862224579,43.05833435058594,101.713623046875,11.64828491210938
37961,-0.1006622314453125,0.8614349365234375,0.36590576171875,0.2107359319925308,0.8256651759147644,0.0642543509602546,43.16925048828125,101.7377777099609,11.50318908691406
37962,-0.1408538818359375,0.81512451171875,0.4134979248046875,-0.0931616351008415,0.671414315700531,-0.0055588162504136,43.03163146972656,101.8313598632812,11.21168518066406
37963,-0.1874237060546875,0.7931671142578125,0.46588134765625,-0.0931616351008415,0.671414315700531,-0.0055588162504136,42.9552001953125,101.9566955566406,10.96127319335938
37964,-0.23760986328125,0.7913970947265625,0.4993133544921875,-0.2612465023994446,0.7067939043045044,-0.0678264498710632,42.814453125,101.903076171875,10.78451538085938
37965,-0.2886810302734375,0.8011016845703125,0.4951171875,-0.5321096777915955,0.8249911069869995,-0.28074911236763,42.63604736328125,101.7319488525391,10.54196166992188
37966,-0.33270263671875,0.8114013671875,0.4412078857421875,-0.5321096777915955,0.8249911069869995,-0.28074911236763,42.39892578125,101.3604431152344,10.40988159179688
37967,-0.365020751953125,0.8144683837890625,0.369720458984375,-0.6244422793388367,0.7537262439727783,-0.3323249518871307,42.16133117675781,100.9574432373047,10.41766357421875
37968,-0.361358642578125,0.80523681640625,0.2886810302734375,-0.687924861907959,0.5896273255348206,-0.2687819302082062,41.95002746582031,100.5495300292969,10.498291015625
37969,-0.261810302734375,0.8466949462890625,0.1742706298828125,-0.7302811145782471,0.3047484457492828,-0.0666605159640312,41.61154174804688,100.2933349609375,10.34223937988281
37970,-0.069061279296875,0.96881103515625,0.090545654296875,-0.7124081254005432,-0.093700923025608,0.0504365414381027,41.41812133789062,99.98831176757812,10.33113098144531
37971,0.0190887451171875,0.996612548828125,0.13006591796875,-0.6560004949569702,-0.2968694865703583,0.1222055405378342,41.36099243164062,99.85173034667967,10.52186584472656
37972,0.1005706787109375,1.00140380859375,0.18212890625,-0.6036874651908875,-0.1908232122659683,0.2182412594556808,41.39131164550781,99.86964416503906,10.86593627929688
37973,0.173248291015625,0.9992218017578124,0.188873291015625,-0.544991135597229,0.2748275697231293,0.2572789490222931,41.55238342285156,99.83567810058594,11.26728820800781
37974,0.2301025390625,0.969329833984375,0.171295166015625,-0.492682933807373,0.4225906729698181,0.1911931335926056,41.68144226074219,99.92243957519533,11.66014099121094
37975,0.2427825927734375,0.916473388671875,0.1622772216796875,-0.492682933807373,0.4225906729698181,0.1911931335926056,41.81784057617188,100.0313720703125,12.05789184570312
37976,0.1938629150390625,0.8437957763671875,0.1456756591796875,-0.438179224729538,0.5325640439987183,0.1879051923751831,41.93229675292969,100.0628509521484,12.34837341308594
37977,0.16876220703125,0.8176422119140625,0.1081085205078125,-0.2992191910743713,0.5499856472015381,0.2024002373218536,41.97259521484375,100.0408020019531,12.49432373046875
37978,0.1413116455078125,0.8165130615234375,0.0701446533203125,-0.2536197602748871,0.5033577084541321,0.1780126094818115,41.9017333984375,100.0912017822266,12.64764404296875
37979,0.0791778564453125,0.810150146484375,0.0418701171875,-0.2536197602748871,0.5033577084541321,0.1780126094818115,41.9500732421875,100.1808319091797,12.72810363769531
37980,-0.0052032470703125,0.8078155517578125,0.02655029296875,-0.2285151928663254,0.39518141746521,0.1623750627040863,41.91755676269531,100.1731872558594,12.86080932617188
37981,-0.1478424072265625,0.8481903076171875,0.0884246826171875,-0.2129777818918228,0.2644340395927429,0.104988731443882,41.89620971679688,99.95028686523438,12.75166320800781
37982,-0.1478424072265625,0.8481903076171875,0.0884246826171875,-0.2129777818918228,0.2644340395927429,0.104988731443882,41.89620971679688,99.95028686523438,12.75166320800781
37983,-0.1859588623046875,0.8465118408203125,0.1074676513671875,-0.195947140455246,0.2127117365598679,0.0396025367081165,41.89324951171875,99.85984802246094,12.83592224121094
37984,-0.2079315185546875,0.8296051025390625,0.1195068359375,-0.195947140455246,0.2127117365598679,0.0396025367081165,41.86842346191406,99.89434814453124,12.92912292480469
37985,-0.1810760498046875,0.84149169921875,0.1199951171875,-0.0875916332006454,0.1496643275022507,0.0276899505406618,41.89053344726562,100.0592346191406,13.05769348144531
37986,-0.1810760498046875,0.84149169921875,0.1199951171875,-0.0875916332006454,0.1496643275022507,0.0276899505406618,41.89053344726562,100.0592346191406,13.05769348144531
37987,-0.1401824951171875,0.8571624755859375,0.11669921875,-0.0388129092752933,0.1361431926488876,0.0238885544240474,41.91880798339844,100.0090179443359,12.90829467773438
37988,-0.107452392578125,0.8732757568359375,0.111297607421875,-0.0191984623670578,0.1257595270872116,0.0238619223237037,41.83351135253906,100.2126159667969,12.87875366210938
37989,-0.070770263671875,0.891387939453125,0.110260009765625,0.0337824635207653,0.1638227552175522,0.0602577477693557,41.89802551269531,100.1615905761719,12.8790283203125
37990,-0.070770263671875,0.891387939453125,0.110260009765625,0.0337824635207653,0.1638227552175522,0.0602577477693557,41.89802551269531,100.1615905761719,12.8790283203125
37991,-0.0699462890625,0.892364501953125,0.0875701904296875,0.0760875791311264,0.1894988268613815,0.0818466618657112,42.04295349121094,99.99772644042967,12.92964172363281
37992,-0.075408935546875,0.8976593017578125,0.060638427734375,0.1271630078554153,0.2068200260400772,0.101431280374527,41.99497985839844,99.95719909667967,13.02218627929688
37993,-0.0872344970703125,0.9270782470703124,0.0174407958984375,0.2147503793239594,0.2076282948255539,0.0959283933043479,41.99317932128906,99.97178649902344,12.76113891601562
37994,-0.09320068359375,0.9491729736328124,0.005218505859375,0.2147503793239594,0.2076282948255539,0.0959283933043479,41.94239807128906,99.8640594482422,12.59951782226562
37995,-0.09320068359375,0.9491729736328124,0.005218505859375,0.2147503793239594,0.2076282948255539,0.0959283933043479,41.94239807128906,99.8640594482422,12.59951782226562
37996,-0.0972137451171875,0.9720001220703124,-0.00567626953125,0.2136848568916321,0.1862393766641617,0.0880893766880035,41.97744750976562,99.9692840576172,12.59770202636719
37997,-0.0986480712890625,1.006668090820312,0.0201873779296875,0.2142007052898407,0.1567768305540085,0.0725631490349769,41.85511779785156,99.93756103515624,12.3751220703125
37998,-0.0986480712890625,1.006668090820312,0.0201873779296875,0.2142007052898407,0.1567768305540085,0.0725631490349769,41.85511779785156,99.93756103515624,12.3751220703125
37999,-0.088043212890625,1.014755249023438,0.0577239990234375,0.2385550439357758,0.1997067183256149,0.0792620629072189,41.91172790527344,99.9839324951172,12.49700927734375
38000,-0.069244384765625,1.016021728515625,0.090362548828125,0.2795709371566772,0.2597878873348236,0.0919448360800743,42.01345825195312,99.78802490234376,12.52944946289062
38001,-0.0453033447265625,1.010269165039062,0.1081390380859375,0.303541511297226,0.2873683869838715,0.12919020652771,41.98551940917969,99.90371704101562,12.21092224121094
38002,-0.0157928466796875,1.011917114257812,0.11962890625,0.2374588996171951,0.2846844494342804,0.1557427197694778,41.8917236328125,99.9888916015625,11.90986633300781
38003,0.013641357421875,1.017471313476562,0.1433563232421875,0.2374588996171951,0.2846844494342804,0.1557427197694778,41.85226440429688,99.99209594726562,11.61012268066406
38004,0.0316162109375,1.058563232421875,0.1380767822265625,0.185431644320488,0.3125704228878021,0.1443292200565338,41.93489074707031,99.89178466796876,11.42544555664062
38005,0.0211334228515625,1.180252075195312,0.069183349609375,0.1457995474338531,0.2837110757827759,0.1234689429402351,41.9669189453125,100.0820770263672,11.04411315917969
38006,0.0211334228515625,1.180252075195312,0.069183349609375,0.1457995474338531,0.2837110757827759,0.1234689429402351,41.9669189453125,100.0820770263672,11.04411315917969
38007,0.0031890869140625,1.23797607421875,-0.000244140625,0.1747334599494934,0.2727415263652802,0.1163441836833954,41.92239379882812,100.1228485107422,10.99624633789062
38008,-0.046112060546875,1.2901611328125,-0.0791015625,0.2546091079711914,0.1338331699371338,0.1438410580158234,41.90335083007812,100.2593841552734,10.94596862792969
38009,-0.1003570556640625,1.333908081054688,-0.039031982421875,0.3450375497341156,0.11005699634552,0.121992751955986,41.86044311523438,100.2615356445312,10.81011962890625
38010,-0.147369384765625,1.405715942382812,0.10308837890625,0.6815391182899475,0.4936773478984833,0.0987255126237869,41.91477966308594,100.2621765136719,10.65296936035156
38011,-0.17584228515625,1.485260009765625,0.292510986328125,0.7867582440376282,0.5973379611968994,0.1175543293356895,41.91680908203125,100.3036651611328,10.41645812988281
38012,-0.1891937255859375,1.487503051757812,0.3973541259765625,0.7867582440376282,0.5973379611968994,0.1175543293356895,41.93812561035156,100.2891235351562,10.28752136230469
38013,-0.233367919921875,1.3206787109375,0.476318359375,0.5325624346733093,0.2380722165107727,-0.0442063435912132,41.827392578125,100.5956726074219,9.345779418945312
38014,-0.233367919921875,1.3206787109375,0.476318359375,0.5325624346733093,0.2380722165107727,-0.0442063435912132,41.827392578125,100.5956726074219,9.345779418945312
38015,-0.231231689453125,1.233505249023438,0.6410064697265625,0.5325624346733093,0.2380722165107727,-0.0442063435912132,41.70042419433594,100.6638336181641,8.94769287109375
38016,-0.185211181640625,1.147903442382812,0.732666015625,0.3336634635925293,0.5698450803756714,-0.1208760887384415,41.68693542480469,100.6497344970703,8.732559204101562
38017,-0.1106109619140625,0.9606170654296876,0.5959625244140625,-0.1858923733234406,0.8090779185295105,-0.1742205321788788,41.53890991210938,100.7806396484375,8.302581787109375
38018,-0.1106109619140625,0.9606170654296876,0.5959625244140625,-0.1858923733234406,0.8090779185295105,-0.1742205321788788,41.53890991210938,100.7806396484375,8.302581787109375
38019,-0.0462188720703125,0.869903564453125,0.54132080078125,-0.2753490209579468,0.5799560546875,-0.1196345239877701,41.41819763183594,100.7098388671875,8.180587768554688
38020,0.030731201171875,0.781494140625,0.479156494140625,-0.2753490209579468,0.5799560546875,-0.1196345239877701,41.26339721679688,100.6690063476562,8.253097534179688
38021,0.147491455078125,0.7156829833984375,0.4341583251953125,-0.2787807583808899,0.1472893208265305,0.0546797551214695,40.95014953613281,100.6956634521484,8.103500366210938
38022,0.147491455078125,0.7156829833984375,0.4341583251953125,-0.2787807583808899,0.1472893208265305,0.0546797551214695,40.95014953613281,100.6956634521484,8.103500366210938
38023,0.220947265625,0.738922119140625,0.4471893310546875,-0.2252514958381653,0.1684151142835617,0.225006490945816,40.83628845214844,100.7266387939453,8.135833740234375
38024,0.344329833984375,0.8163604736328125,0.4758148193359375,-0.2252514958381653,0.1684151142835617,0.225006490945816,40.94670104980469,100.7491912841797,8.449569702148438
38025,0.456817626953125,0.915802001953125,0.4836883544921875,-0.4823408126831055,1.174364328384399,0.1283776760101318,40.98469543457031,101.02734375,8.71051025390625
38026,0.432037353515625,0.96630859375,0.4406585693359375,-0.4823408126831055,1.174364328384399,0.1283776760101318,41.15521240234375,101.3486480712891,8.881072998046875
38027,0.32257080078125,0.978912353515625,0.3316497802734375,-0.5556166172027588,1.678509473800659,0.1615824997425079,41.17472839355469,101.3660430908203,8.976654052734375
38028,0.238922119140625,1.010101318359375,0.17523193359375,-0.5104779005050659,1.970406055450439,0.1308275163173676,41.23370361328125,101.4121551513672,9.00823974609375
38029,0.1404571533203125,1.053558349609375,0.0484466552734375,-0.184490755200386,1.765839576721191,0.0371071547269821,41.09628295898438,101.3159637451172,9.017135620117188
38030,0.0164642333984375,1.073776245117188,-0.0028533935546875,-0.0139211416244506,1.525084972381592,0.0599235221743583,40.97784423828125,101.3590850830078,8.9849853515625
38031,-0.0662994384765625,1.088714599609375,0.024383544921875,-0.0139211416244506,1.525084972381592,0.0599235221743583,40.87214660644531,101.2846984863281,8.9388427734375
38032,-0.112152099609375,1.082748413085938,0.0631103515625,0.1200238764286041,1.290915966033936,0.0765277966856956,40.62480163574219,101.3886108398438,8.703506469726562
38033,-0.1183624267578125,1.047500610351562,0.10772705078125,0.2120078653097153,0.9071080684661864,0.0311603154987096,40.37046813964844,101.4795837402344,8.447052001953125
38034,-0.09991455078125,1.003265380859375,0.1403656005859375,0.1666560918092728,0.7906184792518616,-0.0008897621301002,40.16044616699219,101.4465026855469,8.017684936523438
38035,-0.06976318359375,0.9589080810546876,0.1610260009765625,0.0974325463175773,0.7141274213790894,0.0007779093575663,40.02842712402344,101.5156860351562,7.629867553710938
38036,-0.034210205078125,0.92193603515625,0.1601104736328125,0.0322026759386062,0.6786288619041443,0.0250933691859245,39.99600219726562,101.5772705078125,7.405075073242188
38037,0.040618896484375,0.837890625,0.133087158203125,-0.0235263649374246,0.791557788848877,0.1143319010734558,39.76162719726562,101.4505920410156,7.239654541015625
38038,0.040618896484375,0.837890625,0.133087158203125,-0.0235263649374246,0.791557788848877,0.1143319010734558,39.76162719726562,101.4505920410156,7.239654541015625
38039,0.040618896484375,0.837890625,0.133087158203125,-0.0235263649374246,0.791557788848877,0.1143319010734558,39.76162719726562,101.4505920410156,7.239654541015625
38040,0.0468292236328125,0.8198699951171875,0.1049652099609375,-0.0584095120429992,0.9162265062332152,0.2005754411220551,39.73222351074219,101.5511169433594,7.234573364257812
38041,0.0531158447265625,0.807861328125,0.0791778564453125,-0.0584095120429992,0.9162265062332152,0.2005754411220551,39.69059753417969,101.5927124023438,7.360076904296875
38042,0.0567779541015625,0.80267333984375,0.0616455078125,-0.0590782351791858,0.930452525615692,0.2402126044034958,39.63203430175781,101.5960388183594,7.458084106445312
38043,0.0592803955078125,0.8108978271484375,0.05780029296875,-0.044061467051506,0.9182166457176208,0.2797277867794037,39.64675903320312,101.7411346435547,7.271087646484375
38044,0.0730743408203125,0.8329315185546875,0.0745391845703125,0.0109674297273159,0.8018064498901367,0.3014173805713654,39.67013549804688,102.0982360839844,6.406723022460938
38045,0.0730743408203125,0.8329315185546875,0.0745391845703125,0.0109674297273159,0.8018064498901367,0.3014173805713654,39.67013549804688,102.0982360839844,6.406723022460938
38046,0.0800018310546875,0.8399658203125,0.085601806640625,0.0109674297273159,0.8018064498901367,0.3014173805713654,39.72483825683594,102.1249237060547,6.2020263671875
38047,0.0948486328125,0.8421783447265625,0.0971832275390625,0.0383204892277717,0.7566810250282288,0.2889473736286163,39.71710205078125,102.2357025146484,6.237579345703125
38048,0.1258087158203125,0.8296356201171875,0.1019134521484375,0.0746510699391365,0.7616379857063293,0.2568986415863037,39.82783508300781,102.2862854003906,6.165802001953125
38049,0.126739501953125,0.8246002197265625,0.074798583984375,0.1352337151765823,0.7500545382499695,0.2077483981847763,39.8621826171875,102.4341278076172,6.107467651367188
38050,0.1112060546875,0.8380584716796875,0.054656982421875,0.1918690353631973,0.737309992313385,0.1527919471263885,39.84336853027344,102.5171051025391,5.756973266601562
38051,0.0891265869140625,0.8615264892578125,0.0316619873046875,0.2686208188533783,0.7391662001609802,0.0717101395130157,39.80186462402344,102.5849914550781,5.584518432617188
38052,0.0635986328125,0.89019775390625,0.0025634765625,0.2686208188533783,0.7391662001609802,0.0717101395130157,39.82510375976562,102.6205139160156,5.43292236328125
38053,0.0368194580078125,0.9190521240234376,-0.0219573974609375,0.3021611869335175,0.7257111072540283,0.037636324763298,39.80081176757812,102.6332397460938,5.217071533203125
38054,0.004364013671875,0.9497528076171876,-0.0359954833984375,0.3493920862674713,0.6919771432876587,0.0151557829231023,39.75888061523438,102.6620788574219,4.840118408203125
38055,-0.014862060546875,0.9838409423828124,-0.0340576171875,0.3884100615978241,0.6619079113006592,0.01335069257766,39.64451599121094,102.6362457275391,4.537826538085938
38056,-0.0218658447265625,1.015045166015625,-0.023834228515625,0.4045160710811615,0.6491279602050781,0.0248925667256116,39.62178039550781,102.6611785888672,4.07525634765625
38057,-0.0225067138671875,1.0406494140625,-0.005462646484375,0.3989740312099457,0.6373327970504761,0.044138167053461,39.54783630371094,102.6749420166016,3.72418212890625
38058,-0.0250701904296875,1.064407348632812,0.0192718505859375,0.3862835168838501,0.6498206257820129,0.0622354112565517,39.42672729492188,102.8123931884766,3.433197021484375
38059,-0.0404052734375,1.08172607421875,0.0363311767578125,0.3781957626342773,0.680304765701294,0.0691266059875488,39.40066528320312,102.888916015625,3.09478759765625
38060,-0.0665740966796875,1.114959716796875,0.0489654541015625,0.3775353133678436,0.7950555682182312,0.061488926410675,39.36727905273438,102.9703826904297,2.473648071289062
38061,-0.0665740966796875,1.114959716796875,0.0489654541015625,0.3775353133678436,0.7950555682182312,0.061488926410675,39.36727905273438,102.9703826904297,2.473648071289062
38062,-0.0694427490234375,1.129318237304688,0.0443115234375,0.3891424238681793,0.8330045342445374,0.0464572459459304,39.43174743652344,102.9892120361328,2.160598754882812
38063,-0.063720703125,1.141204833984375,0.0388946533203125,0.391068696975708,0.852759063243866,0.0341329351067543,39.33476257324219,102.941650390625,2.142578125
38064,-0.044097900390625,1.14373779296875,0.0182647705078125,0.3723645210266113,0.8995292782783508,0.0302255470305681,39.31227111816406,102.8273315429688,1.862869262695312
38065,0.0045166015625,1.126632690429688,-0.0777587890625,0.396928459405899,1.025483965873718,0.018368886783719,39.15928649902344,103.1012420654297,0.9217071533203124
38066,0.0045166015625,1.126632690429688,-0.0777587890625,0.396928459405899,1.025483965873718,0.018368886783719,39.15928649902344,103.1012420654297,0.9217071533203124
38067,0.014312744140625,1.102523803710938,-0.1123199462890625,0.4485580921173096,1.121288061141968,0.0053228600881993,39.11482238769531,103.1543731689453,0.6646270751953125
38068,0.0153350830078125,1.075042724609375,-0.152099609375,0.5486599206924438,1.260496258735657,-0.0262017771601676,39.08390808105469,103.2274627685547,0.2192230224609375
38069,0.052886962890625,1.076751708984375,-0.2830352783203125,0.5283727645874023,1.150972366333008,-0.0602526888251304,39.15144348144531,103.3282775878906,-0.6234130859375
38070,0.052886962890625,1.076751708984375,-0.2830352783203125,0.5283727645874023,1.150972366333008,-0.0602526888251304,39.15144348144531,103.3282775878906,-0.6234130859375
38071,-0.016998291015625,1.130889892578125,-0.2235107421875,0.4454525709152222,0.8113019466400146,-0.1854894310235977,39.09689331054688,103.2604370117188,-1.103408813476562
38072,0.02935791015625,1.233078002929688,0.0278167724609375,0.6689705848693848,0.5911399722099304,-0.1298277676105499,39.01567077636719,103.2584533691406,-1.55303955078125
38073,0.138671875,1.311599731445312,0.327667236328125,0.9958012104034424,0.7214202284812927,0.1065482795238495,38.89697265625,103.1937408447266,-1.783798217773438
38074,0.1683349609375,1.304443359375,0.3852386474609375,0.5729128122329712,0.5591288208961487,0.0055415057577192,38.80609130859375,103.2431793212891,-2.407028198242188
38075,0.1093292236328125,1.174240112304688,0.321258544921875,0.5729128122329712,0.5591288208961487,0.0055415057577192,38.84944152832031,103.2075958251953,-2.954376220703125
38076,0.04168701171875,1.063980102539062,0.2838134765625,0.2454984486103058,-0.1152658686041832,-0.0744345560669899,38.84274291992188,103.1539611816406,-3.309829711914062
38077,0.0973968505859375,0.9680938720703124,0.3488311767578125,0.2194639146327972,-0.9221346974372864,-0.0208466928452253,38.81753540039062,103.0189819335938,-3.590744018554688
38078,0.217987060546875,0.9559326171875,0.59820556640625,0.3745706677436829,-1.160877227783203,0.1833714246749878,38.81149291992188,102.9668273925781,-3.732955932617188
38079,0.313812255859375,0.9982452392578124,0.7238006591796875,0.4074026644229889,-0.8801497220993042,0.2216367870569229,38.89079284667969,102.9304046630859,-3.5936279296875
38080,0.2719879150390625,0.9514923095703124,0.6916046142578125,0.2497144937515259,-0.4715890884399414,0.1917800903320312,38.96511840820312,103.1474609375,-3.58270263671875
38081,0.176788330078125,0.9069976806640624,0.6020965576171875,0.0146764144301414,-0.1118991002440453,0.1892056167125702,38.93994140625,103.3831787109375,-3.52020263671875
38082,0.1024932861328125,0.8645782470703125,0.5675201416015625,-0.2295663505792618,0.4709517955780029,0.1940299272537231,38.94961547851562,103.4379730224609,-3.515151977539062
38083,0.003631591796875,0.8439788818359375,0.588531494140625,-0.2295663505792618,0.4709517955780029,0.1940299272537231,39.06459045410156,103.4125061035156,-3.48150634765625
38084,-0.1041259765625,0.8584442138671875,0.590972900390625,-0.2828892171382904,0.9195644855499268,0.1312799900770187,39.05416870117188,103.5183715820312,-3.474349975585938
38085,-0.215240478515625,0.9161376953125,0.62188720703125,-0.3421056866645813,1.436015009880066,-0.0219348594546318,39.11036682128906,103.5431365966797,-3.545684814453125
38086,-0.3230743408203125,0.998291015625,0.6536712646484375,-0.4347567856311798,1.999660849571228,-0.2535161674022675,39.10842895507812,103.3529357910156,-3.7135009765625
38087,-0.4386444091796875,1.102340698242188,0.59442138671875,-0.5695537328720093,2.45752215385437,-0.5749538540840149,39.05937194824219,103.1331634521484,-4.134902954101562
38088,-0.5218353271484375,1.169769287109375,0.355224609375,-0.7504487037658691,2.376870393753052,-0.887870192527771,38.75920104980469,102.6974945068359,-4.567718505859375
38089,-0.550628662109375,1.06536865234375,-0.08880615234375,-0.9168738722801208,0.2262086421251297,-1.102028012275696,37.94499206542969,101.3477325439453,-5.549591064453125
38090,-0.550628662109375,1.06536865234375,-0.08880615234375,-0.9168738722801208,0.2262086421251297,-1.102028012275696,37.94499206542969,101.3477325439453,-5.549591064453125
38091,-0.4944915771484375,0.9275360107421876,0.016357421875,-0.8407722115516663,-0.766750156879425,-0.9547240734100342,37.52645874023438,100.661376953125,-5.718521118164062
38092,-0.398284912109375,0.7884368896484375,0.1185302734375,-0.7368822693824768,-1.194377183914185,-0.580692708492279,37.066162109375,100.1586303710938,-5.551773071289062
38093,-0.2377777099609375,0.7801055908203125,0.13751220703125,-0.6734002232551575,-1.188514709472656,-0.1285667568445206,36.75306701660156,99.779541015625,-5.1322021484375
38094,0.0034027099609375,0.8820037841796875,0.087310791015625,-0.6259208917617798,-1.029119491577148,0.1759140342473984,36.68202209472656,99.6796875,-4.645751953125
38095,0.142791748046875,0.84881591796875,0.1018524169921875,-0.6337609887123108,-0.5777445435523987,0.4451066255569458,36.6768798828125,99.53518676757812,-3.888473510742188
38096,0.246917724609375,0.8204498291015625,0.0840911865234375,-0.7305402159690857,0.1506204009056091,0.6971063613891602,36.79608154296875,99.52645874023438,-3.231842041015625
38097,0.3157196044921875,0.8064727783203125,-0.027099609375,-0.7909135818481445,0.5964838862419128,0.8687271475791931,37.00296020507812,99.74525451660156,-2.897613525390625
38098,0.3311920166015625,0.8221588134765625,-0.05487060546875,-0.7127510905265808,0.6320517659187317,0.9199804663658142,37.26402282714844,100.0211791992188,-2.575836181640625
38099,0.3138275146484375,0.8300628662109375,-0.0228729248046875,-0.491341233253479,0.4995304644107819,0.8553575277328491,37.55238342285156,100.5327758789062,-2.191055297851562
38100,0.288604736328125,0.8608856201171875,0.0009613037109375,-0.1913561075925827,0.3408366739749908,0.7167578339576721,37.86759948730469,101.0410766601562,-1.745758056640625
38101,0.0215606689453125,0.8513641357421875,0.0767059326171875,0.1623737365007401,-0.0559120029211044,0.1843890100717545,38.560546875,101.7423400878906,-1.357330322265625
38102,0.0215606689453125,0.8513641357421875,0.0767059326171875,0.1623737365007401,-0.0559120029211044,0.1843890100717545,38.560546875,101.7423400878906,-1.357330322265625
38103,-0.161529541015625,0.81695556640625,0.2085418701171875,0.1233597546815872,0.0134923728182911,0.0798442289233207,38.68479919433594,101.9592895507812,-1.359832763671875
38104,-0.231781005859375,0.8350677490234375,0.2617034912109375,0.0264728870242834,0.2017451077699661,0.0071585769765079,38.7696533203125,102.0154876708984,-1.31561279296875
38105,-0.281097412109375,0.8376922607421875,0.2341766357421875,-0.0678746551275253,0.279212474822998,-0.0401926934719085,38.73609924316406,102.1820678710938,-1.334442138671875
38106,-0.307891845703125,0.838958740234375,0.2132568359375,-0.1971900314092636,0.1613326966762543,-0.0014650048688054,38.69731140136719,102.2816467285156,-1.320419311523438
38107,-0.3051910400390625,0.8523406982421875,0.2281646728515625,-0.1971900314092636,0.1613326966762543,-0.0014650048688054,38.70477294921875,102.3311004638672,-1.426925659179688
38108,-0.277069091796875,0.8875274658203125,0.228668212890625,-0.2517358362674713,0.1745369136333466,0.0243415590375661,38.78382873535156,102.359619140625,-1.331192016601562
38109,-0.199005126953125,0.921356201171875,0.19085693359375,-0.3055503368377686,0.2711055278778076,0.0259245410561561,38.8641357421875,102.2925109863281,-1.263076782226562
38110,-0.1444549560546875,0.934356689453125,0.091339111328125,-0.2995070815086365,0.3211148977279663,0.0456990450620651,38.8349609375,102.4110107421875,-1.058258056640625
38111,-0.1416168212890625,0.955474853515625,0.0169830322265625,-0.2122076004743576,0.3137667179107666,0.0610638856887817,38.91688537597656,102.31396484375,-0.9092254638671876
38112,-0.137603759765625,0.98480224609375,-0.0052490234375,-0.0621097087860107,0.3534390330314636,0.0568129494786262,38.9412841796875,102.1828460693359,-0.949615478515625
38113,-0.0943603515625,0.991668701171875,0.002593994140625,0.1343767195940018,0.3500187397003174,0.0727202743291854,38.98323059082031,101.9959106445312,-0.9021148681640624
38114,-0.0943603515625,0.991668701171875,0.002593994140625,0.1343767195940018,0.3500187397003174,0.0727202743291854,38.98323059082031,101.9959106445312,-0.9021148681640624
38115,-0.0649566650390625,0.9962921142578124,0.030426025390625,0.1660337150096893,0.3164589107036591,0.087976723909378,38.97850036621094,101.8693695068359,-0.858917236328125
38116,-0.037322998046875,1.0018310546875,0.0377349853515625,0.1798243522644043,0.2378802001476288,0.0939928069710731,39.07963562011719,101.8684234619141,-0.9832305908203124
38117,-0.0111236572265625,1.016952514648438,0.0498809814453125,0.1889376938343048,0.1960051953792572,0.1018944084644318,39.04640197753906,101.8894348144531,-1.107086181640625
38118,0.003082275390625,1.0306396484375,0.039215087890625,0.1855360418558121,0.1736218631267548,0.1229725256562233,39.05271911621094,101.8664398193359,-1.2315673828125
38119,0.006500244140625,1.03271484375,0.0345458984375,0.1926568001508713,0.1809266358613968,0.1436836719512939,39.08969116210938,101.9785461425781,-1.504592895507812
38120,-0.0043182373046875,1.077667236328125,0.03948974609375,0.3060131967067719,0.1956627070903778,0.1713259518146515,39.17430114746094,101.8566284179688,-1.648162841796875
38121,-0.0323944091796875,1.091018676757812,0.0694122314453125,0.411059707403183,0.221220538020134,0.1577387601137161,39.21670532226562,101.9754791259766,-1.887481689453125
38122,-0.0323944091796875,1.091018676757812,0.0694122314453125,0.411059707403183,0.221220538020134,0.1577387601137161,39.21670532226562,101.9754791259766,-1.887481689453125
38123,-0.0676727294921875,1.096343994140625,0.0912322998046875,0.4283721148967743,0.2546895444393158,0.1276786029338837,39.29118347167969,101.927734375,-2.025558471679688
38124,-0.100372314453125,1.118789672851562,0.0750274658203125,0.4283721148967743,0.2546895444393158,0.1276786029338837,39.30792236328125,102.0670623779297,-2.19635009765625
38125,-0.1617584228515625,1.204010009765625,0.1037750244140625,0.4946560561656952,0.1069160625338554,0.0756753161549568,39.47868347167969,102.2180633544922,-2.738998413085938
38126,-0.1617584228515625,1.204010009765625,0.1037750244140625,0.4946560561656952,0.1069160625338554,0.0756753161549568,39.47868347167969,102.2180633544922,-2.738998413085938
38127,-0.1731414794921875,1.242599487304688,0.17071533203125,0.5350519418716431,0.0920700058341026,0.0338903218507766,39.43330383300781,102.1174163818359,-2.817169189453125
38128,-0.147003173828125,1.2928466796875,0.2392425537109375,0.6187199354171753,0.0441895648837089,-0.0388581827282905,39.5379638671875,102.0615997314453,-3.063690185546875
38129,-0.1032562255859375,1.323486328125,0.3090057373046875,0.6187199354171753,0.0441895648837089,-0.0388581827282905,39.51303100585938,102.1365203857422,-3.340484619140625
38130,-0.080902099609375,1.295944213867188,0.3846435546875,0.4766903817653656,-0.1190251931548119,-0.0521018169820308,39.43539428710938,102.2570037841797,-3.82757568359375
38131,-0.0584869384765625,1.221542358398438,0.446533203125,0.4766903817653656,-0.1190251931548119,-0.0521018169820308,39.37435913085938,102.1714477539062,-3.98651123046875
38132,-0.021636962890625,1.099319458007812,0.4587554931640625,0.3891994059085846,-0.1203746125102043,-0.0800860449671745,39.35676574707031,102.1713714599609,-4.406494140625
38133,0.024993896484375,0.9014434814453124,0.4496307373046875,0.2849864661693573,-0.1899049580097198,-0.1053322777152061,39.31462097167969,102.0929260253906,-4.778488159179688
38134,0.024993896484375,0.9014434814453124,0.4496307373046875,0.2849864661693573,-0.1899049580097198,-0.1053322777152061,39.31462097167969,102.0929260253906,-4.778488159179688
38135,0.05767822265625,0.859710693359375,0.450531005859375,0.1973889768123627,-0.3058762848377228,-0.0443019494414329,39.34518432617188,102.1305999755859,-4.747604370117188
38136,0.110687255859375,0.8241729736328125,0.481781005859375,0.0037779603153467,-0.0869452878832817,0.1787156909704208,39.35285949707031,102.0411834716797,-4.787826538085938
38137,0.2851409912109375,0.8305816650390625,0.4571533203125,-0.2357012033462524,0.6979919075965881,0.3192533552646637,39.42314147949219,102.0801239013672,-4.506332397460938
38138,0.2851409912109375,0.8305816650390625,0.4571533203125,-0.2357012033462524,0.6979919075965881,0.3192533552646637,39.42314147949219,102.0801239013672,-4.506332397460938
38139,0.37396240234375,0.907196044921875,0.369873046875,-0.2357012033462524,0.6979919075965881,0.3192533552646637,39.41433715820312,102.1718292236328,-4.167510986328125
38140,0.410064697265625,0.9937744140625,0.2590484619140625,-0.3061410188674927,0.8797182440757751,0.259493887424469,39.57769775390625,102.3978118896484,-3.884796142578125
38141,0.17315673828125,1.078567504882812,0.093597412109375,-0.3007949888706207,0.6364811062812805,0.2571609616279602,40.09860229492188,102.7340240478516,-3.723846435546875
38142,0.17315673828125,1.078567504882812,0.093597412109375,-0.3007949888706207,0.6364811062812805,0.2571609616279602,40.09860229492188,102.7340240478516,-3.723846435546875
38143,0.0777130126953125,1.118194580078125,0.0652923583984375,-0.1900122761726379,0.468627393245697,0.2776462733745575,40.27458190917969,102.8862915039062,-3.740951538085938
38144,0.01580810546875,1.141128540039062,0.0715179443359375,-0.0475741773843765,0.3581139445304871,0.1959820240736008,40.40498352050781,103.0058135986328,-3.646224975585938
38145,-0.1019134521484375,1.081161499023438,0.189422607421875,0.2174500375986099,0.4065302014350891,-0.0380051732063293,40.66981506347656,103.6410827636719,-3.712005615234375
38146,-0.1019134521484375,1.081161499023438,0.189422607421875,0.2174500375986099,0.4065302014350891,-0.0380051732063293,40.66981506347656,103.6410827636719,-3.712005615234375
38147,-0.1360015869140625,1.052154541015625,0.2165679931640625,0.2174500375986099,0.4065302014350891,-0.0380051732063293,40.76963806152344,103.8125915527344,-3.895599365234375
38148,-0.1461334228515625,1.022201538085938,0.2152862548828125,0.2091135382652283,0.3828267455101013,-0.0453922487795352,40.75090026855469,103.9094085693359,-4.087539672851562
38149,-0.1375732421875,0.9821319580078124,0.20269775390625,0.1658302396535873,0.3262912929058075,-0.0260427854955196,40.7252197265625,104.0166778564453,-4.414779663085938
38150,-0.1311187744140625,0.9401092529296876,0.21160888671875,0.0520187243819236,0.494032084941864,0.0599482879042625,40.57534790039062,103.9933013916016,-4.634353637695312
38151,-0.1175689697265625,0.895904541015625,0.2118072509765625,0.0520187243819236,0.494032084941864,0.0599482879042625,40.47950744628906,103.9600372314453,-4.893630981445312
38152,-0.09454345703125,0.855682373046875,0.1690216064453125,0.0100704776123166,0.6235999464988708,0.1079682782292366,40.47470092773438,103.8978729248047,-4.99871826171875
38153,-0.0401611328125,0.8106536865234375,0.09832763671875,-0.0214642789214849,0.7336582541465759,0.1504172086715698,40.48440551757812,104.0301513671875,-5.1456298828125
38154,-0.0401611328125,0.8106536865234375,0.09832763671875,-0.0214642789214849,0.7336582541465759,0.1504172086715698,40.48440551757812,104.0301513671875,-5.1456298828125
38155,-0.009857177734375,0.8063507080078125,0.0837554931640625,-0.0061279335059225,0.7592496275901794,0.1266503483057022,40.57225036621094,104.0860443115234,-4.997634887695312
38156,0.019561767578125,0.8124847412109375,0.0718231201171875,0.0116097843274474,0.7513006329536438,0.0978373438119888,40.64260864257812,104.2238311767578,-4.857772827148438
38157,0.0444183349609375,0.8138580322265625,0.08013916015625,0.0170546174049377,0.734767735004425,0.079924389719963,40.79502868652344,104.2807159423828,-4.994918823242188
38158,0.065093994140625,0.8137969970703125,0.097076416015625,-0.009803894907236,0.755770206451416,0.0728619545698165,40.83206176757812,104.3058624267578,-5.03070068359375
38159,0.0870819091796875,0.8201751708984375,0.0967559814453125,-0.009803894907236,0.755770206451416,0.0728619545698165,40.94163513183594,104.2871856689453,-5.009414672851562
38160,0.107574462890625,0.826690673828125,0.1075897216796875,-0.0215279292315244,0.7592967748641968,0.0775307416915893,40.95559692382812,104.2820587158203,-5.0654296875
38161,0.1319580078125,0.8498992919921875,0.116363525390625,-0.0558645986020565,0.7201794981956482,0.0859287530183792,41.03404235839844,104.4878387451172,-5.493118286132812
38162,0.1319580078125,0.8498992919921875,0.116363525390625,-0.0558645986020565,0.7201794981956482,0.0859287530183792,41.03404235839844,104.4878387451172,-5.493118286132812
38163,0.141754150390625,0.864166259765625,0.1035003662109375,-0.0558645986020565,0.7201794981956482,0.0859287530183792,41.04702758789062,104.4303894042969,-5.417434692382812
38164,0.151824951171875,0.87396240234375,0.08929443359375,-0.074927769601345,0.6830235719680786,0.0761621445417404,41.10813903808594,104.4914855957031,-5.385101318359375
38165,0.1549224853515625,0.8755035400390625,0.0387725830078125,-0.0214757304638624,0.6602594256401062,0.0076493974775075,41.22544860839844,104.4727325439453,-5.580062866210938
38166,0.1549224853515625,0.8755035400390625,0.0387725830078125,-0.0214757304638624,0.6602594256401062,0.0076493974775075,41.22544860839844,104.4727325439453,-5.580062866210938
38167,0.1389007568359375,0.87713623046875,0.0019073486328125,-0.0214757304638624,0.6602594256401062,0.0076493974775075,41.19613647460938,104.5301055908203,-5.728866577148438
38168,0.115570068359375,0.889892578125,-0.026275634765625,0.02459935285151,0.6199489831924438,-0.0179315954446792,41.3138427734375,104.5506439208984,-5.808059692382812
38169,0.0928192138671875,0.905853271484375,-0.0338592529296875,0.060330718755722,0.5699130296707153,-0.033779002726078,41.30552673339844,104.5764770507812,-5.881332397460938
38170,0.0735931396484375,0.9160614013671876,-0.029754638671875,0.0744574591517448,0.5061579942703247,-0.0443104729056358,41.23783874511719,104.6626129150391,-6.006118774414062
38171,0.05718994140625,0.918853759765625,-0.0249176025390625,0.0798253268003463,0.4578186869621277,-0.0547487325966358,41.33731079101562,104.5964202880859,-6.073959350585938
38172,0.047698974609375,0.9264984130859376,-0.0267791748046875,0.0837452337145805,0.3471595644950867,-0.0750745087862014,41.39251708984375,104.6101531982422,-6.259078979492188
38173,0.0374298095703125,0.935821533203125,-0.016632080078125,0.0837452337145805,0.3471595644950867,-0.0750745087862014,41.33061218261719,104.5724945068359,-6.21075439453125
38174,0.039794921875,0.9409027099609376,-0.0079498291015625,0.0945299640297889,0.2999981641769409,-0.0857985243201255,41.25738525390625,104.4769744873047,-6.436080932617188
38175,0.0341796875,0.956512451171875,0.005767822265625,0.0947049334645271,0.2249686717987061,-0.0928226113319397,41.32698059082031,104.4546661376953,-6.568267822265625
38176,0.0233612060546875,0.971923828125,0.0272064208984375,0.0790623277425766,0.2499933242797852,-0.091459073126316,41.33853149414062,104.3416595458984,-6.691879272460938
38177,0.0041351318359375,0.990692138671875,0.044891357421875,0.0635896250605583,0.3131981194019318,-0.0790823027491569,41.30679321289062,104.2938232421875,-6.870468139648438
38178,-0.015716552734375,1.007217407226562,0.0407257080078125,0.0635896250605583,0.3131981194019318,-0.0790823027491569,41.28549194335938,104.2784118652344,-6.915985107421875
38179,-0.0345306396484375,1.023880004882812,0.0098114013671875,0.0636551454663276,0.4146853387355804,-0.0819337517023086,41.2071533203125,104.1903076171875,-7.002532958984375
38180,-0.061431884765625,1.051544189453125,-0.02154541015625,0.0636551454663276,0.4146853387355804,-0.0819337517023086,41.14694213867188,104.2335357666016,-7.090362548828125
38181,-0.0774383544921875,1.082901000976562,-0.0590972900390625,0.1230612099170685,0.3882457315921783,-0.1422466188669205,41.10319519042969,104.2813110351562,-7.0697021484375
38182,-0.0989532470703125,1.142898559570312,-0.11444091796875,0.1230612099170685,0.3882457315921783,-0.1422466188669205,41.05165100097656,104.2194671630859,-7.2794189453125
38183,-0.0681915283203125,1.268035888671875,-0.0932464599609375,0.1296014040708542,0.1846468150615692,-0.2084309756755829,40.98782348632812,104.2922668457031,-7.372665405273438
38184,0.030059814453125,1.33270263671875,0.04730224609375,0.1287174969911575,0.0015994944842532,-0.2688413262367249,40.99562072753906,104.0800476074219,-7.213973999023438
38185,0.101470947265625,1.374099731445312,0.1761322021484375,0.1940152794122696,-0.1831051111221313,-0.2754108011722565,41.00691223144531,104.0092468261719,-7.276657104492188
38186,0.1386260986328125,1.334640502929688,0.3254852294921875,0.4446152746677399,-0.2540437281131744,-0.0153547218069434,40.9261474609375,103.9408569335938,-7.174667358398438
38187,0.2088623046875,1.327377319335938,0.458221435546875,0.4446152746677399,-0.2540437281131744,-0.0153547218069434,40.77183532714844,104.0116424560547,-7.14752197265625
38188,0.282012939453125,1.395950317382812,0.4300079345703125,0.3034648001194,-0.3139975965023041,-0.0392565913498401,40.66709899902344,103.8840026855469,-7.071823120117188
38189,0.259368896484375,1.400344848632812,0.4159088134765625,-0.2342758774757385,-0.8341220021247864,-0.0708542019128799,40.60531616210938,103.6898803710938,-6.930801391601562
38190,0.2092742919921875,1.321945190429688,0.4209747314453125,-0.2342758774757385,-0.8341220021247864,-0.0708542019128799,40.61842346191406,103.6930389404297,-7.137420654296875
38191,0.198516845703125,1.222610473632812,0.4019012451171875,-0.3010815382003784,-0.9206217527389526,0.085728220641613,40.66853332519531,103.6113128662109,-6.968505859375
38192,0.237701416015625,1.026580810546875,0.391845703125,-0.1437819302082062,-0.5740553140640259,0.2951530814170837,40.49595642089844,103.6306457519531,-6.806655883789062
38193,0.163543701171875,0.8654327392578125,0.32305908203125,0.0844997018575668,0.0900438725948333,0.3025457561016083,40.5009765625,103.6808319091797,-6.673233032226562
38194,0.055999755859375,0.7460479736328125,0.1343536376953125,0.278695285320282,0.4552729725837708,0.1562132984399796,40.50227355957031,103.8399505615234,-6.602432250976562
38195,0.0124664306640625,0.6901397705078125,0.0526275634765625,0.3812999427318573,0.4487088322639465,0.0143128931522369,40.62092590332031,103.9210815429688,-6.610183715820312
38196,-0.0362701416015625,0.6886444091796875,0.10882568359375,0.3719860911369324,0.3095418810844421,-0.0348101779818534,40.744140625,104.0054779052734,-6.640167236328125
38197,-0.061767578125,0.71185302734375,0.23260498046875,0.2761223912239075,0.2287902981042862,0.0151123739778995,40.751220703125,104.1470336914062,-6.900314331054688
38198,-0.0572967529296875,0.7740020751953125,0.3144989013671875,0.1573358327150345,0.23678058385849,0.1071328446269035,40.75257873535156,104.0890502929688,-7.12432861328125
38199,-0.033843994140625,0.8629302978515625,0.3521728515625,-0.1199921816587448,0.2558909058570862,0.2159852981567383,40.85678100585938,103.9725952148438,-7.35504150390625
38200,-0.0337982177734375,0.9429779052734376,0.405487060546875,-0.1199921816587448,0.2558909058570862,0.2159852981567383,40.89027404785156,103.9030151367188,-7.517196655273438
38201,-0.030029296875,1.01593017578125,0.4594573974609375,-0.2729274034500122,0.3337145745754242,0.2194181084632874,40.92376708984375,103.9224243164062,-7.6666259765625
38202,-0.0393524169921875,1.064559936523438,0.472076416015625,-0.4230902791023254,0.1850880980491638,0.1285417228937149,40.93815612792969,103.9727325439453,-7.556854248046875
38203,-0.0610809326171875,1.105499267578125,0.4459228515625,-0.4230902791023254,0.1850880980491638,0.1285417228937149,41.01295471191406,104.1012573242188,-7.53948974609375
38204,-0.0771026611328125,1.131027221679688,0.40374755859375,-0.3733456134796143,0.047399740666151,0.1005567014217377,41.12362670898438,104.1179351806641,-7.495025634765625
38205,-0.03948974609375,1.137008666992188,0.2256317138671875,-0.1850303113460541,-0.0917709320783615,0.0402384996414184,41.34454345703125,103.9735260009766,-7.189224243164062
38206,-0.03948974609375,1.137008666992188,0.2256317138671875,-0.1850303113460541,-0.0917709320783615,0.0402384996414184,41.34454345703125,103.9735260009766,-7.189224243164062
38207,0.0017852783203125,1.108428955078125,0.14154052734375,-0.1850303113460541,-0.0917709320783615,0.0402384996414184,41.36331176757812,103.9972381591797,-7.082504272460938
38208,0.051177978515625,1.073089599609375,0.1136474609375,-0.1695850342512131,-0.0706605836749076,0.0324807129800319,41.37649536132812,104.0288391113281,-7.012786865234375
38209,0.1040496826171875,1.030776977539062,0.111602783203125,-0.1506792604923248,-0.0150628387928009,0.0330716669559478,41.42265319824219,104.0211181640625,-6.9591064453125
38210,0.131805419921875,0.9873046875,0.09405517578125,-0.1216318905353546,0.0054996940307319,0.0379029065370559,41.39927673339844,104.0120239257812,-7.005416870117188
38211,0.15069580078125,0.9542999267578124,0.0633087158203125,-0.1216318905353546,0.0054996940307319,0.0379029065370559,41.36796569824219,104.0896911621094,-6.805862426757812
38212,0.1570587158203125,0.9228515625,0.041473388671875,-0.0874717906117439,-0.0119349565356969,0.0370363146066665,41.43928527832031,104.1617126464844,-6.585601806640625
38213,0.14276123046875,0.899261474609375,0.0364227294921875,-0.062371764332056,-0.0477677881717681,0.0299621596932411,41.4801025390625,104.1099853515625,-6.4664306640625
38214,0.1107635498046875,0.8808746337890625,0.0356292724609375,-0.0473392866551876,-0.1184606030583382,0.0230483282357454,41.41279602050781,104.1437225341797,-6.526016235351562
38215,0.07366943359375,0.8699188232421875,0.0524749755859375,-0.0533769391477108,-0.2017054259777069,0.0317089259624481,41.54777526855469,104.1865844726562,-6.515304565429688
38216,0.043121337890625,0.8581695556640625,0.0903472900390625,-0.0892190933227539,-0.2590315639972687,0.0414526350796222,41.48759460449219,104.0796356201172,-6.454071044921875
38217,0.021697998046875,0.83203125,0.149658203125,-0.0746169760823249,-0.190401628613472,0.0066693541593849,41.4541015625,104.0691680908203,-6.447113037109375
38218,0.021697998046875,0.83203125,0.149658203125,-0.0746169760823249,-0.190401628613472,0.0066693541593849,41.4541015625,104.0691680908203,-6.447113037109375
38219,0.003204345703125,0.839569091796875,0.136260986328125,-0.0899964720010757,-0.1724295616149902,-0.0054837148636579,41.4814453125,104.1218109130859,-6.348175048828125
38220,-0.02020263671875,0.8912506103515625,0.1189422607421875,-0.2144079059362411,-0.215371698141098,0.003883421421051,41.44654846191406,104.0718688964844,-6.303680419921875
38221,-0.02020263671875,0.8912506103515625,0.1189422607421875,-0.2144079059362411,-0.215371698141098,0.003883421421051,41.44654846191406,104.0718688964844,-6.303680419921875
38222,-0.02349853515625,0.9189300537109376,0.0984649658203125,-0.2144079059362411,-0.215371698141098,0.003883421421051,41.44296264648438,104.1020202636719,-6.18011474609375
38223,-0.0296630859375,0.9266204833984376,0.107177734375,-0.2029938548803329,-0.2896965444087982,-0.0030905983876436,41.39407348632812,104.0270080566406,-6.082595825195312
38224,-0.0242919921875,0.9197845458984376,0.1005401611328125,-0.1392039656639099,-0.3463054895401001,-0.02023496478796,41.4051513671875,104.0382537841797,-5.940811157226562
38225,-0.0202484130859375,0.9162445068359376,0.0823822021484375,-0.0768316611647605,-0.3975659906864166,-0.0362275131046772,41.39466857910156,104.010498046875,-5.826950073242188
38226,-0.0167083740234375,0.9102325439453124,0.062164306640625,-0.0268910024315118,-0.4340438544750214,-0.0488889776170253,41.44007873535156,103.9759826660156,-5.73931884765625
38227,-0.02239990234375,0.89971923828125,0.04425048828125,0.0049273804761469,-0.4608440399169922,-0.0525923706591129,41.36293029785156,103.8214263916016,-5.503799438476562
38228,-0.026092529296875,0.88665771484375,0.029144287109375,0.0314828231930732,-0.4636462330818176,-0.0521761178970336,41.43255615234375,103.7653503417969,-5.504669189453125
38229,-0.0260162353515625,0.877716064453125,0.0189361572265625,0.0660277530550956,-0.4527448415756226,-0.0495960488915443,41.37606811523438,103.7564544677734,-5.5076904296875
38230,-0.0234832763671875,0.8757476806640625,0.0114593505859375,0.0908191204071044,-0.437170147895813,-0.0457419231534004,41.35481262207031,103.7789764404297,-5.364837646484375
38231,-0.0216827392578125,0.8763885498046875,0.0066375732421875,0.1120306625962257,-0.4341567754745483,-0.0433333590626716,41.29702758789062,103.8273620605469,-5.372360229492188
38232,-0.0169525146484375,0.88623046875,0.0087890625,0.1305617392063141,-0.4827304482460022,-0.0483800508081913,41.22776794433594,103.9707336425781,-5.544464111328125
38233,-0.0169525146484375,0.88623046875,0.0087890625,0.1305617392063141,-0.4827304482460022,-0.0483800508081913,41.22776794433594,103.9707336425781,-5.544464111328125
38234,-0.013916015625,0.8928985595703125,0.0143280029296875,0.1298757046461105,-0.494182288646698,-0.0517042055726051,41.27545166015625,103.9521636962891,-5.4560546875
38235,-0.016937255859375,0.8959808349609375,0.014617919921875,0.1648608595132828,-0.4497708976268768,-0.0615355335175991,41.21893310546875,103.9774475097656,-5.536148071289062
38236,-0.020477294921875,0.894744873046875,0.0090484619140625,0.1987900584936142,-0.4415236115455627,-0.057924285531044,41.30409240722656,103.8516082763672,-5.381088256835938
38237,-0.020477294921875,0.894744873046875,0.0090484619140625,0.1987900584936142,-0.4415236115455627,-0.057924285531044,41.30409240722656,103.8516082763672,-5.381088256835938
38238,-0.0262451171875,0.88543701171875,-0.0099334716796875,0.2545180320739746,-0.4631151854991913,-0.0609570927917957,41.20571899414062,103.8543395996094,-5.298919677734375
38239,-0.0262451171875,0.88543701171875,-0.0099334716796875,0.2545180320739746,-0.4631151854991913,-0.0609570927917957,41.20571899414062,103.8543395996094,-5.298919677734375
38240,-0.0285186767578125,0.8802947998046875,-0.0077972412109375,0.3100801110267639,-0.4723369181156158,-0.0710944160819053,41.243896484375,103.8173217773438,-5.2314453125
38241,-0.0454254150390625,0.8874664306640625,-0.0023651123046875,0.3487276136875153,-0.4145814776420593,-0.0872440934181213,41.13137817382812,103.9928283691406,-5.491378784179688
38242,-0.0454254150390625,0.8874664306640625,-0.0023651123046875,0.3487276136875153,-0.4145814776420593,-0.0872440934181213,41.13137817382812,103.9928283691406,-5.491378784179688
38243,-0.063720703125,0.90386962890625,-0.00531005859375,0.3114851713180542,-0.3369974792003632,-0.0826570615172386,41.00309753417969,103.9329681396484,-5.4970703125
38244,-0.0768280029296875,0.918365478515625,-0.006317138671875,0.2900821566581726,-0.3165459930896759,-0.0816485211253166,40.96673583984375,103.9918212890625,-5.705184936523438
38245,-0.0977783203125,0.9356689453125,0.014434814453125,0.2389231026172638,-0.1264024078845978,-0.0894065797328949,40.87579345703125,103.8789672851562,-6.062881469726562
38246,-0.0977783203125,0.9356689453125,0.014434814453125,0.2389231026172638,-0.1264024078845978,-0.0894065797328949,40.87579345703125,103.8789672851562,-6.062881469726562
38247,-0.107757568359375,0.95037841796875,0.0024261474609375,0.217163473367691,-0.076210081577301,-0.1022243723273277,40.89569091796875,103.8619995117188,-6.217758178710938
38248,-0.1106414794921875,0.9664154052734376,0.0092620849609375,0.2192244976758957,-0.0707711055874824,-0.1204585060477257,40.85676574707031,103.8038330078125,-6.210494995117188
38249,-0.1144561767578125,0.98583984375,0.0187225341796875,0.2242783755064011,-0.0904241725802421,-0.1449241638183594,40.78268432617188,103.8006286621094,-6.49957275390625
38250,-0.1273956298828125,1.017257690429688,0.0362548828125,0.2387145757675171,-0.1192318499088287,-0.1843354851007462,40.67649841308594,103.7364196777344,-6.736480712890625
38251,-0.144622802734375,1.074264526367188,0.0885162353515625,0.2726981043815613,-0.1442732959985733,-0.2389276325702667,40.60531616210938,103.7015228271484,-6.847030639648438
38252,-0.153900146484375,1.153274536132812,0.194793701171875,0.3098776936531067,-0.1307247281074524,-0.2952321767807007,40.48524475097656,103.6121978759766,-6.970565795898438
38253,-0.111785888671875,1.281112670898438,0.3348846435546875,0.0280926208943128,0.1127252131700516,-0.3522579073905945,40.260986328125,103.4627227783203,-7.05206298828125
38254,-0.111785888671875,1.281112670898438,0.3348846435546875,0.0280926208943128,0.1127252131700516,-0.3522579073905945,40.260986328125,103.4627227783203,-7.05206298828125
38255,-0.09002685546875,1.252883911132812,0.297515869140625,0.0280926208943128,0.1127252131700516,-0.3522579073905945,40.06755065917969,103.5027923583984,-7.16839599609375
38256,-0.0723724365234375,1.17822265625,0.2815704345703125,-0.2152987271547318,0.3796378672122955,-0.3016810119152069,39.92552185058594,103.3381500244141,-7.248489379882812
38257,-0.041229248046875,1.110305786132812,0.2706298828125,-0.2152987271547318,0.3796378672122955,-0.3016810119152069,39.77726745605469,103.3097686767578,-7.262603759765625
38258,-0.0077972412109375,1.099563598632812,0.1952667236328125,-0.2797381579875946,0.6201000213623047,-0.2735385894775391,39.66644287109375,103.279052734375,-7.200469970703125
38259,-0.002166748046875,1.131210327148438,0.0595703125,-0.3396283984184265,0.6974965333938599,-0.2472824901342392,39.49211120605469,103.1661224365234,-7.188629150390625
38260,0.0508575439453125,1.110641479492188,-0.084930419921875,-0.3083812594413757,0.3124218285083771,-0.2336961179971695,39.33035278320312,103.0322723388672,-7.223876953125
38261,0.0508575439453125,1.110641479492188,-0.084930419921875,-0.3083812594413757,0.3124218285083771,-0.2336961179971695,39.33035278320312,103.0322723388672,-7.223876953125
38262,0.092010498046875,1.057083129882812,-0.1116180419921875,-0.0792290419340133,-0.2702258825302124,-0.1860116869211197,39.27345275878906,102.7786560058594,-7.227859497070312
38263,0.1468353271484375,1.01519775390625,-0.0766448974609375,0.099012866616249,-0.4859866797924042,-0.1369099169969559,39.17791748046875,102.6238098144531,-7.200607299804688
38264,0.193939208984375,0.97998046875,-0.00933837890625,0.3020354807376862,-0.647198498249054,-0.0954383686184883,39.05784606933594,102.5553894042969,-7.072128295898438
38265,0.2326202392578125,0.974761962890625,0.0923614501953125,0.3020354807376862,-0.647198498249054,-0.0954383686184883,38.98275756835938,102.5963287353516,-7.07403564453125
38266,0.2436065673828125,0.99932861328125,0.230438232421875,0.4574311971664429,-0.75995272397995,-0.1171274185180664,38.89468383789062,102.6087188720703,-7.065841674804688
38267,0.2317352294921875,1.01837158203125,0.3803863525390625,0.4557259678840637,-0.8549764156341553,-0.1666169464588165,38.8226318359375,102.6001892089844,-7.131362915039062
38268,0.2295074462890625,1.02618408203125,0.5085296630859375,-0.0265810098499059,-0.9367884993553162,-0.237586721777916,38.81221008300781,102.5599822998047,-7.132949829101562
38269,0.299041748046875,1.032135009765625,0.59979248046875,-0.2912930846214294,-0.935982882976532,-0.2063009738922119,38.55732727050781,102.6705627441406,-7.101165771484375
38270,0.299041748046875,1.032135009765625,0.59979248046875,-0.2912930846214294,-0.935982882976532,-0.2063009738922119,38.55732727050781,102.6705627441406,-7.101165771484375
38271,0.3389434814453125,1.04937744140625,0.5985107421875,-0.5097522139549255,-0.7888402938842773,-0.0982706397771835,38.39109802246094,102.6914672851562,-6.802474975585938
38272,0.3993377685546875,1.084640502929688,0.5336456298828125,-0.70361328125,-0.4304821491241455,0.0213055554777383,38.33038330078125,102.6280212402344,-6.34100341796875
38273,0.433441162109375,1.102935791015625,0.378875732421875,-0.914611279964447,0.4196239113807678,0.2050082683563232,38.42427062988281,102.5184326171875,-5.785552978515625
38274,0.3791656494140625,1.095626831054688,0.1906280517578125,-0.8017550110816956,0.54176926612854,0.3029092848300934,38.36724853515625,102.5099945068359,-5.289932250976562
38275,0.2594146728515625,1.083450317382812,0.061614990234375,-0.8017550110816956,0.54176926612854,0.3029092848300934,38.49253845214844,102.5956268310547,-4.73638916015625
38276,0.1790924072265625,1.092376708984375,0.001312255859375,-0.53638756275177,0.4953186511993408,0.3603826761245728,38.6505126953125,102.7088012695312,-4.305252075195312
38277,0.041107177734375,1.149948120117188,0.0179595947265625,-0.043600209057331,0.343843400478363,0.2409859895706177,38.96922302246094,102.8419342041016,-3.760757446289062
38278,0.041107177734375,1.149948120117188,0.0179595947265625,-0.043600209057331,0.343843400478363,0.2409859895706177,38.96922302246094,102.8419342041016,-3.760757446289062
38279,-0.0460662841796875,1.17462158203125,0.0692596435546875,-0.0334852561354637,0.2587290406227112,0.1510478407144547,39.06689453125,103.0494537353516,-3.693572998046875
38280,-0.1345367431640625,1.182205200195312,0.14208984375,-0.1659570187330246,0.2326129972934723,0.0497603639960289,39.22335815429688,103.0580291748047,-3.613754272460938
38281,-0.2256317138671875,1.080215454101562,0.0501251220703125,-0.343515545129776,-0.0494871251285076,-0.0476588644087314,39.35513305664062,103.0684051513672,-3.485458374023438
38282,-0.2256317138671875,1.080215454101562,0.0501251220703125,-0.343515545129776,-0.0494871251285076,-0.0476588644087314,39.35513305664062,103.0684051513672,-3.485458374023438
38283,-0.1806640625,1.00909423828125,-0.00164794921875,-0.2404999583959579,-0.295767217874527,-0.0020173445809632,39.31082153320312,103.1685333251953,-3.418411254882812
38284,-0.118804931640625,0.9518280029296876,0.0326080322265625,-0.0923491045832634,-0.3329566419124603,0.0747352242469787,39.36500549316406,103.0755767822266,-3.204254150390625
38285,-0.018463134765625,0.8849945068359375,0.0557098388671875,0.0358032695949077,-0.1799897402524948,0.1457633227109909,39.43374633789062,103.1999359130859,-3.045394897460938
38286,0.090789794921875,0.8565521240234375,0.0467529296875,0.1040430441498756,0.0128513500094413,0.1373405456542969,39.43450927734375,103.2324676513672,-2.79803466796875
38287,0.1513824462890625,0.832916259765625,0.0457000732421875,0.1016134396195412,0.1239254102110863,0.0752862319350242,39.4654541015625,103.4413757324219,-2.751785278320312
38288,0.1500701904296875,0.8101043701171875,0.0830078125,0.0444707944989204,0.1965561956167221,0.0313928090035915,39.59690856933594,103.6730804443359,-2.713134765625
38289,0.1062469482421875,0.7878875732421875,0.013702392578125,-0.0818463936448097,0.19668909907341,-0.0077814902178943,39.68977355957031,103.5975799560547,-2.536392211914062
38290,0.1062469482421875,0.7878875732421875,0.013702392578125,-0.0818463936448097,0.19668909907341,-0.0077814902178943,39.68977355957031,103.5975799560547,-2.536392211914062
38291,0.0585784912109375,0.771026611328125,0.091949462890625,-0.1722292900085449,0.2568717300891876,0.0093229282647371,39.66748046875,103.7616729736328,-2.668258666992188
38292,0.04071044921875,0.7808837890625,-0.00433349609375,-0.1960525959730148,0.3150354325771332,0.0136505644768476,39.68055725097656,103.72021484375,-2.719146728515625
38293,0.0164031982421875,0.7794952392578125,-0.0398101806640625,-0.1602272242307663,0.2901268899440765,0.0108856707811355,39.72050476074219,103.7631530761719,-2.820938110351562
38294,0.003631591796875,0.8004302978515625,-0.044769287109375,-0.1360254734754562,0.3274636268615723,-0.0037097833119332,39.72769165039062,103.7149353027344,-2.805313110351562
38295,0.0196075439453125,0.8165435791015625,-0.0765838623046875,-0.1175157129764557,0.3467614054679871,-0.0200504064559936,39.80552673339844,103.6728057861328,-2.791107177734375
38296,0.0381011962890625,0.8197174072265625,-0.087646484375,-0.0256694108247757,0.3595557808876038,-0.0318279713392257,39.73246765136719,103.7418975830078,-2.715652465820312
38297,0.074127197265625,0.8298187255859375,-0.0879974365234375,-0.0256694108247757,0.3595557808876038,-0.0318279713392257,39.6224365234375,103.6509857177734,-2.670730590820312
38298,0.1047821044921875,0.839111328125,-0.09088134765625,0.0367209948599338,0.3602338135242462,-0.0400289073586463,39.62454223632812,103.6810607910156,-2.739898681640625
38299,0.1108856201171875,0.861419677734375,-0.0921783447265625,0.0924931839108467,0.3510256707668304,-0.0486050881445407,39.6943359375,103.8597106933594,-2.738800048828125
38300,0.1068267822265625,0.888336181640625,-0.0967559814453125,0.1457412242889404,0.3292604386806488,-0.0475299693644046,39.69023132324219,103.9152526855469,-2.9368896484375
38301,0.0717620849609375,0.9328765869140624,-0.0854339599609375,0.19080750644207,0.2778174877166748,-0.0419812723994255,39.58181762695312,103.7927856445312,-3.284561157226562
38302,0.0717620849609375,0.9328765869140624,-0.0854339599609375,0.19080750644207,0.2778174877166748,-0.0419812723994255,39.58181762695312,103.7927856445312,-3.284561157226562
38303,0.054351806640625,0.9519500732421876,-0.0738372802734375,0.2136153429746628,0.2753000259399414,-0.0268073789775371,39.57951354980469,103.7037506103516,-3.246017456054688
38304,0.0417327880859375,0.971160888671875,-0.0636749267578125,0.2352599203586578,0.285572350025177,-0.0161563325673341,39.59693908691406,103.713134765625,-3.39361572265625
38305,0.0235443115234375,0.98248291015625,-0.0340576171875,0.2904976010322571,0.2975651025772095,-0.0238270349800586,39.56065368652344,103.7882537841797,-3.632888793945312
38306,0.0235443115234375,0.98248291015625,-0.0340576171875,0.2904976010322571,0.2975651025772095,-0.0238270349800586,39.56065368652344,103.7882537841797,-3.632888793945312
38307,0.021728515625,0.9873199462890624,-0.0028533935546875,0.3052501976490021,0.2764353156089783,-0.033646110445261,39.54866027832031,103.8425903320312,-3.884475708007812
38308,0.027313232421875,1.000289916992188,0.033294677734375,0.3015470504760742,0.263677716255188,-0.049568086862564,39.56190490722656,103.8193511962891,-3.924118041992188
38309,0.035430908203125,1.017013549804688,0.0305938720703125,0.2423037141561508,0.4064937233924866,-0.0614007748663425,39.46122741699219,103.7334442138672,-4.296401977539062
38310,0.035430908203125,1.017013549804688,0.0305938720703125,0.2423037141561508,0.4064937233924866,-0.0614007748663425,39.46122741699219,103.7334442138672,-4.296401977539062
38311,0.026947021484375,1.03399658203125,-0.0201568603515625,0.2005581259727478,0.372465193271637,-0.0431256331503391,39.44537353515625,103.6872406005859,-4.39453125
38312,0.0368499755859375,1.125961303710938,-0.015838623046875,0.2005581259727478,0.372465193271637,-0.0431256331503391,39.41607666015625,103.7791137695312,-4.592269897460938
38313,0.1060943603515625,1.31585693359375,0.044281005859375,0.1965375542640686,0.1996688991785049,-0.0373963750898838,39.38265991210938,103.759765625,-4.785507202148438
38314,0.2206573486328125,1.495574951171875,0.1999664306640625,0.1844119131565094,0.0666783601045608,-0.0599110051989555,39.46542358398438,103.6563110351562,-5.089309692382812
38315,0.25958251953125,1.529983520507812,0.3230438232421875,0.2213046848773956,-0.080329991877079,-0.0131363086402416,39.40802001953125,103.6087951660156,-5.221328735351562
38316,0.2949981689453125,1.532089233398438,0.3673095703125,0.2069776803255081,-0.3368192911148071,0.0327566154301166,39.41287231445312,103.5442199707031,-5.3160400390625
38317,0.350433349609375,1.550567626953125,0.3637847900390625,0.0611214116215705,-0.6116090416908264,0.1000096872448921,39.39717102050781,103.6223754882812,-5.451614379882812
38318,0.353240966796875,1.522781372070312,0.337432861328125,-0.2829435467720032,-0.7555843591690063,0.2928949892520905,39.29931640625,103.5997924804688,-5.568115234375
38319,0.2900848388671875,1.467086791992188,0.307769775390625,-0.2829435467720032,-0.7555843591690063,0.2928949892520905,39.40878295898438,103.4873504638672,-5.525772094726562
38320,0.140289306640625,1.358535766601562,0.2900238037109375,0.111346498131752,-0.1224457547068596,0.2329147458076477,39.42973327636719,103.4916229248047,-5.407913208007812
38321,-0.053131103515625,1.039749145507812,0.1141510009765625,0.5414685606956482,-0.0443253852427005,0.2044282406568527,39.74435424804688,103.5839538574219,-4.9849853515625
38322,-0.053131103515625,1.039749145507812,0.1141510009765625,0.5414685606956482,-0.0443253852427005,0.2044282406568527,39.74435424804688,103.5839538574219,-4.9849853515625
38323,-0.0543060302734375,0.9481048583984376,0.2085418701171875,0.86313796043396,-0.0415812656283378,0.0031854070257395,39.77093505859375,103.7343597412109,-4.867874145507812
38324,-0.048614501953125,0.8672027587890625,0.31268310546875,0.86313796043396,-0.0415812656283378,0.0031854070257395,39.9080810546875,103.6713409423828,-4.937820434570312
38325,-0.0611572265625,0.8050689697265625,0.3636016845703125,0.7659128904342651,-0.071554347872734,-0.0359124615788459,39.92189025878906,103.7150115966797,-5.23223876953125
38326,-0.070281982421875,0.782867431640625,0.4150390625,0.3311371803283691,-0.0106321377679705,0.0224437899887561,39.88929748535156,103.8495178222656,-5.669174194335938
38327,-0.09271240234375,0.7862091064453125,0.503936767578125,0.0397117249667644,0.3251858055591583,0.0085953520610928,39.71598815917969,103.9783325195312,-5.9727783203125
38328,-0.186248779296875,0.848846435546875,0.6100616455078125,-0.501648485660553,1.042156934738159,-0.2685206830501556,39.57211303710938,104.1741485595703,-6.2537841796875
38329,-0.186248779296875,0.848846435546875,0.6100616455078125,-0.501648485660553,1.042156934738159,-0.2685206830501556,39.57211303710938,104.1741485595703,-6.2537841796875
38330,-0.2650604248046875,0.9036102294921876,0.59283447265625,-0.6771110892295837,1.109700083732605,-0.4699107706546783,39.57490539550781,104.1208190917969,-6.555633544921875
38331,-0.3434906005859375,0.9494171142578124,0.5339813232421875,-0.6771110892295837,1.109700083732605,-0.4699107706546783,39.54127502441406,103.8302154541016,-6.833038330078125
38332,-0.4046478271484375,0.949005126953125,0.3118896484375,-0.6468636989593506,0.5430853962898254,-0.5368197560310364,39.27413940429688,102.698486328125,-7.202285766601562
38333,-0.4046478271484375,0.949005126953125,0.3118896484375,-0.6468636989593506,0.5430853962898254,-0.5368197560310364,39.27413940429688,102.698486328125,-7.202285766601562
38334,-0.340606689453125,0.902587890625,0.16644287109375,-0.567926824092865,0.0549761652946472,-0.2893716394901276,39.02682495117188,102.0926818847656,-7.457046508789062
38335,-0.030181884765625,1.006027221679688,0.085479736328125,-0.5273264050483704,-0.6176967620849609,0.1359242796897888,38.60142517089844,101.672607421875,-7.537765502929688
38336,0.1038055419921875,0.9929351806640624,0.102935791015625,-0.5798183679580688,-0.3750572204589844,0.2858336269855499,38.52908325195312,101.6497192382812,-7.14666748046875
38337,0.1038055419921875,0.9929351806640624,0.102935791015625,-0.5798183679580688,-0.3750572204589844,0.2858336269855499,38.52908325195312,101.6497192382812,-7.14666748046875
38338,0.1038055419921875,0.9929351806640624,0.102935791015625,-0.5798183679580688,-0.3750572204589844,0.2858336269855499,38.52908325195312,101.6497192382812,-7.14666748046875
38339,0.3041534423828125,1.002532958984375,-0.035308837890625,-0.5285471677780151,0.552318274974823,0.2219773977994919,38.70960998535156,101.8978118896484,-5.991226196289062
38340,0.31597900390625,0.9542694091796876,-0.0777740478515625,-0.5285471677780151,0.552318274974823,0.2219773977994919,38.99595642089844,102.1375732421875,-5.465850830078125
38341,0.2147369384765625,0.8055267333984375,-0.0899505615234375,0.0181457139551639,-0.0306375380605459,0.0473922826349735,39.36764526367188,102.6095428466797,-4.785476684570312
38342,0.2147369384765625,0.8055267333984375,-0.0899505615234375,0.0181457139551639,-0.0306375380605459,0.0473922826349735,39.36764526367188,102.6095428466797,-4.785476684570312
38343,0.1551971435546875,0.7828521728515625,-0.0545196533203125,0.0181457139551639,-0.0306375380605459,0.0473922826349735,39.38792419433594,102.7464294433594,-4.931396484375
38344,-0.01068115234375,0.783721923828125,0.0304718017578125,-0.022089323028922,-0.3212467432022095,-0.0255330558866262,39.40827941894531,102.9861297607422,-5.228271484375
38345,-0.01068115234375,0.783721923828125,0.0304718017578125,-0.022089323028922,-0.3212467432022095,-0.0255330558866262,39.40827941894531,102.9861297607422,-5.228271484375
38346,-0.0785980224609375,0.8077850341796875,0.0715179443359375,-0.1264639347791672,-0.3296378254890442,-0.0164554063230752,39.46467590332031,102.9644622802734,-5.32891845703125
38347,-0.1312255859375,0.8243408203125,0.0912017822265625,-0.2350199669599533,-0.3192016780376434,0.0110366716980934,39.442138671875,102.9225463867188,-5.247833251953125
38348,-0.1506805419921875,0.8236236572265625,0.091461181640625,-0.2822114527225494,-0.341680109500885,0.0354112535715103,39.44607543945312,102.8892974853516,-5.116546630859375
38349,-0.1509246826171875,0.827545166015625,0.096099853515625,-0.1952059715986252,-0.4004020094871521,-0.0052552158012986,39.42752075195312,102.8156127929688,-4.940383911132812
38350,-0.14129638671875,0.8316650390625,0.095611572265625,-0.1952059715986252,-0.4004020094871521,-0.0052552158012986,39.48332214355469,102.8677673339844,-4.752578735351562
38351,-0.13201904296875,0.8387603759765625,0.0927581787109375,-0.1411834955215454,-0.3993330001831055,-0.0388520583510398,39.39091491699219,102.8486175537109,-4.469589233398438
38352,-0.109649658203125,0.8455810546875,0.0762939453125,-0.0976546555757522,-0.4424357414245605,-0.0671356245875358,39.34910583496094,102.8012390136719,-4.247711181640625
38353,-0.062530517578125,0.8654327392578125,0.03570556640625,-0.0849902555346489,-0.4658582508563995,-0.0570528991520404,39.34957885742188,102.7990112304688,-4.0498046875
38354,-0.062530517578125,0.8654327392578125,0.03570556640625,-0.0849902555346489,-0.4658582508563995,-0.0570528991520404,39.34957885742188,102.7990112304688,-4.0498046875
38355,-0.0531768798828125,0.87298583984375,0.0029144287109375,-0.0600454919040203,-0.4771508574485779,-0.0429655760526657,39.27157592773438,102.8934478759766,-3.97802734375
38356,-0.056488037109375,0.8796234130859375,-0.0364837646484375,-0.0249857772141695,-0.4595257937908173,-0.0293791946023702,39.31330871582031,102.8260192871094,-3.724456787109375
38357,-0.0659027099609375,0.886260986328125,-0.080780029296875,0.1074058189988136,-0.4232287704944611,0.0036578518338501,39.29450988769531,102.8427734375,-3.66143798828125
38358,-0.0759735107421875,0.8983001708984375,-0.1125946044921875,0.1074058189988136,-0.4232287704944611,0.0036578518338501,39.40005493164062,102.7579498291016,-3.675033569335938
38359,-0.0866241455078125,0.91876220703125,-0.110107421875,0.1880649775266647,-0.4383898675441742,0.0134854484349489,39.41432189941406,102.7591094970703,-3.66998291015625
38360,-0.1008453369140625,0.944732666015625,-0.0703582763671875,0.2764209508895874,-0.4331977665424347,0.00726137496531,39.35455322265625,102.5943145751953,-3.6268310546875
38361,-0.13616943359375,0.9873504638671876,0.05712890625,0.3659058213233948,-0.3955492079257965,-0.0418086983263492,39.32200622558594,102.6407928466797,-3.686676025390625
38362,-0.13616943359375,0.9873504638671876,0.05712890625,0.3659058213233948,-0.3955492079257965,-0.0418086983263492,39.32200622558594,102.6407928466797,-3.686676025390625
38363,-0.1441497802734375,1.001022338867188,0.11993408203125,0.3659058213233948,-0.3955492079257965,-0.0418086983263492,39.40846252441406,102.5937347412109,-3.660247802734375
38364,-0.128509521484375,1.007888793945312,0.1766357421875,0.2575761377811432,-0.3991465866565704,-0.0405207946896553,39.37728881835938,102.6967163085938,-3.739852905273438
38365,-0.1082611083984375,1.01788330078125,0.2149505615234375,-0.0717809796333313,-0.2270517945289612,-0.0518360324203968,39.41357421875,102.6428680419922,-3.923019409179688
38366,-0.0897674560546875,1.05450439453125,0.217803955078125,-0.0717809796333313,-0.2270517945289612,-0.0518360324203968,39.30593872070312,102.6265869140625,-3.996017456054688
38367,-0.0797119140625,1.111373901367188,0.1869354248046875,-0.1425166726112366,-0.0858517885208129,-0.0838586837053299,39.33885192871094,102.6466674804688,-4.028793334960938
38368,-0.0925140380859375,1.172988891601562,0.135650634765625,-0.1377911567687988,0.0478458181023597,-0.126779243350029,39.31791687011719,102.6951599121094,-4.023284912109375
38369,-0.127227783203125,1.246994018554688,0.0514068603515625,-0.0322863012552261,0.0713117271661758,-0.1771955490112305,39.303466796875,102.7525329589844,-4.033035278320312
38370,-0.1749114990234375,1.333114624023438,-0.0079803466796875,0.2125082761049271,-0.1735408902168274,-0.2454781979322433,39.2196044921875,102.6278381347656,-3.973159790039062
38371,-0.20904541015625,1.416763305664062,0.08245849609375,0.4946752488613129,-0.4061267375946045,-0.2973847985267639,39.14920043945312,102.6457061767578,-4.01409912109375
38372,-0.197479248046875,1.433853149414062,0.35284423828125,0.4890562295913696,-0.0692198202013969,-0.2869441509246826,38.87092590332031,102.6952972412109,-4.970779418945312
38373,-0.197479248046875,1.433853149414062,0.35284423828125,0.4890562295913696,-0.0692198202013969,-0.2869441509246826,38.87092590332031,102.6952972412109,-4.970779418945312
38374,-0.1334686279296875,1.3465576171875,0.333892822265625,0.0358922220766544,0.3357236683368683,-0.3120002448558807,38.91998291015625,102.6197204589844,-5.265884399414062
38375,-0.13507080078125,1.3177490234375,0.232421875,-0.2402871698141098,0.3649124503135681,-0.3124108910560608,38.74493408203125,102.5722961425781,-5.418426513671875
38376,-0.1476593017578125,1.305648803710938,0.2152252197265625,-0.3221218585968018,0.1708510965108871,-0.3164240121841431,38.44464111328125,102.5001373291016,-5.419403076171875
38377,-0.0616455078125,1.254302978515625,0.275421142578125,-0.0700126439332962,-0.221943587064743,-0.339400440454483,38.15162658691406,102.4285278320312,-5.2576904296875
38378,-0.0616455078125,1.254302978515625,0.275421142578125,-0.0700126439332962,-0.221943587064743,-0.339400440454483,38.15162658691406,102.4285278320312,-5.2576904296875
38379,0.0153045654296875,1.199295043945312,0.3188629150390625,0.0746097862720489,-0.3931379616260529,-0.3183558583259583,37.99142456054688,102.2925415039062,-5.046173095703125
38380,0.09906005859375,1.108078002929688,0.3404693603515625,0.1696393638849258,-0.6391682624816895,-0.2475690543651581,37.85227966308594,102.4031829833984,-4.97705078125
38381,0.18060302734375,1.02032470703125,0.3836822509765625,0.2450768649578094,-0.924412488937378,-0.1320302039384842,37.71803283691406,102.3345642089844,-4.963531494140625
38382,0.2634124755859375,0.9529876708984376,0.4540863037109375,0.2915104031562805,-1.083162188529968,-0.0163360964506864,37.69563293457031,102.2985534667969,-4.893753051757812
38383,0.3500823974609375,0.8953399658203125,0.5079345703125,0.2751783132553101,-1.034888386726379,0.0791267752647399,37.664306640625,102.3432769775391,-4.749832153320312
38384,0.4657135009765625,0.8668212890625,0.5264739990234375,0.0301531087607145,-0.4519725143909454,0.01411874871701,37.6541748046875,102.3941040039062,-4.304092407226562
38385,0.5438232421875,0.8400726318359375,0.5215911865234375,0.0301531087607145,-0.4519725143909454,0.01411874871701,37.76570129394531,102.6148986816406,-3.989578247070312
38386,0.538604736328125,0.81866455078125,0.4945831298828125,-0.1314898431301117,-0.0811316072940826,-0.0180317312479019,37.78268432617188,102.6253814697266,-3.763259887695312
38387,0.5216217041015625,0.83612060546875,0.46929931640625,-0.2709864974021912,0.2276957482099533,0.0128039456903934,37.83840942382812,102.6152038574219,-3.6053466796875
38388,0.4483489990234375,0.879364013671875,0.423004150390625,-0.3865365386009216,0.3865596950054169,0.099312737584114,37.83671569824219,102.6389465332031,-3.45654296875
38389,0.3541412353515625,0.915191650390625,0.3699951171875,-0.4411041736602783,0.3859831094741821,0.2317456156015396,37.91082763671875,102.5223083496094,-3.477066040039062
38390,0.2952880859375,0.9477691650390624,0.3036041259765625,-0.4346316158771515,0.3541293144226074,0.229774072766304,38.01730346679688,102.6251678466797,-3.373565673828125
38391,0.2367095947265625,0.974212646484375,0.209808349609375,-0.4346316158771515,0.3541293144226074,0.229774072766304,38.17694091796875,102.7323608398438,-3.213409423828125
38392,0.1679840087890625,1.00140380859375,0.150665283203125,-0.4131995737552643,0.2753551304340363,0.1945122182369232,38.25640869140625,102.6963500976562,-2.86328125
38393,0.07635498046875,1.004196166992188,0.1562652587890625,-0.3326882123947144,0.2517137229442596,0.1745800673961639,38.40644836425781,102.6998291015625,-2.695297241210938
38394,0.00421142578125,0.998321533203125,0.1831207275390625,-0.0986706465482711,0.3606269061565399,0.1549855917692184,38.54965209960938,102.8137512207031,-2.63360595703125
38395,-0.0522308349609375,0.98797607421875,0.182373046875,-0.0986706465482711,0.3606269061565399,0.1549855917692184,38.64604187011719,102.7315063476562,-2.48944091796875
38396,-0.106170654296875,0.9663238525390624,0.152557373046875,-0.0683241933584213,0.3233689963817596,0.1163825392723083,38.69175720214844,102.8183135986328,-2.559341430664062
38397,-0.1779937744140625,0.9111328125,0.111480712890625,-0.1704763919115067,0.1123638227581978,0.0067662931978702,38.7017822265625,103.0542755126953,-2.527359008789062
38398,-0.1779937744140625,0.9111328125,0.111480712890625,-0.1704763919115067,0.1123638227581978,0.0067662931978702,38.7017822265625,103.0542755126953,-2.527359008789062
38399,-0.15899658203125,0.887420654296875,0.0708465576171875,-0.183576226234436,-0.021518874913454,-0.0128726549446582,38.76080322265625,103.1067962646484,-2.555938720703125
38400,-0.1109619140625,0.8715667724609375,0.051025390625,-0.1296248435974121,-0.0981286987662315,0.0045105959288775,38.74057006835938,103.1712646484375,-2.618560791015625
38401,-0.0102996826171875,0.834930419921875,0.045989990234375,0.0103719467297196,0.0106651615351438,0.0864792317152023,38.70791625976562,103.126953125,-2.410079956054688
38402,-0.0102996826171875,0.834930419921875,0.045989990234375,0.0103719467297196,0.0106651615351438,0.0864792317152023,38.70791625976562,103.126953125,-2.410079956054688
38403,0.0515289306640625,0.8280792236328125,0.0344696044921875,0.054038468748331,0.0907181873917579,0.0938905403017997,38.80319213867188,103.2176361083984,-2.212112426757812
38404,0.1011505126953125,0.8169097900390625,0.05767822265625,0.050899401307106,0.1565786898136139,0.0466948002576828,38.91050720214844,103.5200347900391,-2.130218505859375
38405,0.1011505126953125,0.8169097900390625,0.05767822265625,0.050899401307106,0.1565786898136139,0.0466948002576828,38.91050720214844,103.5200347900391,-2.130218505859375
38406,0.099365234375,0.810943603515625,0.0738372802734375,0.0200637225061655,0.1783444434404373,0.0377010405063629,38.96310424804688,103.5791015625,-2.226150512695312
38407,0.088348388671875,0.815887451171875,0.0891571044921875,-0.006998520810157,0.2060288041830063,0.0269165690988302,38.97494506835938,103.4416961669922,-2.06805419921875
38408,0.07470703125,0.825531005859375,0.0872344970703125,-0.0168463587760925,0.2159211039543152,0.0151632400229573,39.08778381347656,103.5540161132812,-2.043731689453125
38409,0.056640625,0.840087890625,0.0835418701171875,-0.0132412370294332,0.2065012454986572,-0.0028644960839301,39.06869506835938,103.7015686035156,-2.070266723632812
38410,0.036773681640625,0.854461669921875,0.0872344970703125,0.0402044095098972,0.2029805481433868,-0.0166492834687233,39.04193115234375,103.6130523681641,-2.192031860351562
38411,0.032562255859375,0.8665924072265625,0.078369140625,0.0402044095098972,0.2029805481433868,-0.0166492834687233,39.04054260253906,103.6244354248047,-2.282180786132812
38412,0.045867919921875,0.8657989501953125,0.06317138671875,0.0679934322834014,0.2097375094890594,-0.0248520858585834,39.06446838378906,103.4789886474609,-2.230987548828125
38413,0.0936126708984375,0.8720550537109375,0.0548858642578125,0.091099813580513,0.2319416254758835,-0.0341603681445121,38.95350646972656,103.5634613037109,-2.269287109375
38414,0.144744873046875,0.887786865234375,0.0463714599609375,0.1170419305562973,0.297118753194809,-0.0415463782846927,39.01640319824219,103.5574493408203,-2.319961547851562
38415,0.1576995849609375,0.908203125,0.012786865234375,0.1488422006368637,0.4271657168865204,-0.0443616062402725,38.94622802734375,103.6723480224609,-2.383285522460938
38416,0.1334075927734375,0.921600341796875,-0.0294189453125,0.1488422006368637,0.4271657168865204,-0.0443616062402725,38.90058898925781,103.6567077636719,-2.522140502929688
38417,0.08807373046875,0.9336700439453124,-0.04144287109375,0.2094453722238541,0.4388860166072845,-0.0586880818009376,38.87922668457031,103.5061492919922,-2.584014892578125
38418,0.0601959228515625,0.919891357421875,-0.106903076171875,0.235229566693306,0.2825542092323303,-0.0743890106678009,38.95330810546875,103.4958648681641,-2.798492431640625
38419,0.02862548828125,0.9396209716796876,-0.121551513671875,0.235229566693306,0.2825542092323303,-0.0743890106678009,38.8870849609375,103.4993896484375,-2.99725341796875
38420,0.075225830078125,1.078521728515625,0.0508575439453125,0.4961415827274323,0.5121546387672424,0.0208709277212619,38.76190185546875,103.4797515869141,-3.493560791015625
38421,0.075225830078125,1.078521728515625,0.0508575439453125,0.4961415827274323,0.5121546387672424,0.0208709277212619,38.76190185546875,103.4797515869141,-3.493560791015625
38422,0.057403564453125,1.104705810546875,0.0420074462890625,0.4895997941493988,0.5716411471366882,0.0139965089038014,38.73320007324219,103.653076171875,-3.695816040039062
38423,0.0306396484375,1.100189208984375,0.0521697998046875,0.4288970232009888,0.4532503187656403,-0.0099953757598996,38.65908813476562,103.5726470947266,-3.95233154296875
38424,0.022369384765625,1.086196899414062,0.043853759765625,0.2806543111801147,0.3217916190624237,-0.0155720356851816,38.6141357421875,103.6053619384766,-4.683151245117188
38425,0.022369384765625,1.086196899414062,0.043853759765625,0.2806543111801147,0.3217916190624237,-0.0155720356851816,38.6141357421875,103.6053619384766,-4.683151245117188
38426,0.017791748046875,1.106536865234375,0.0094146728515625,0.3464703261852264,0.5132910013198853,0.016898289322853,38.61213684082031,103.5315093994141,-4.782058715820312
38427,0.009002685546875,1.15264892578125,-0.035308837890625,0.3464703261852264,0.5132910013198853,0.016898289322853,38.73318481445312,103.5280151367188,-5.041061401367188
38428,0.033935546875,1.260879516601562,-0.0254974365234375,0.4158661961555481,0.4299835860729218,0.0156756322830915,38.69656372070312,103.6745452880859,-5.35858154296875
38429,0.102752685546875,1.387786865234375,0.1049957275390625,0.4773897230625153,0.30645552277565,-0.0220621582120657,38.68522644042969,103.6199035644531,-5.608322143554688
38430,0.171142578125,1.436050415039062,0.2561187744140625,0.5711116790771484,0.2084163278341293,-0.0492442436516284,38.74620056152344,103.7355499267578,-5.829071044921875
38431,0.2245635986328125,1.436370849609375,0.3603057861328125,0.6604514122009277,0.0347563810646534,-0.0440785102546215,38.78227233886719,103.5347442626953,-6.08868408203125
38432,0.3313446044921875,1.40472412109375,0.42535400390625,0.491862952709198,-0.7928683161735535,0.0380760133266449,38.67448425292969,103.3756256103516,-6.698043823242188
38433,0.3313446044921875,1.40472412109375,0.42535400390625,0.491862952709198,-0.7928683161735535,0.0380760133266449,38.67448425292969,103.3756256103516,-6.698043823242188
38434,0.365753173828125,1.372665405273438,0.50921630859375,0.2468252331018448,-1.021390438079834,0.1202667579054832,38.64277648925781,103.2715454101562,-6.72442626953125
38435,0.36962890625,1.274688720703125,0.5399627685546875,0.0111613078042864,-0.9019825458526612,0.2016641497612,38.62199401855469,103.3526000976562,-6.781295776367188
38436,0.1072540283203125,0.9628143310546876,0.3631744384765625,-0.0010522148804739,-0.1954850703477859,0.1768930107355118,38.732177734375,103.4571838378906,-6.831924438476562
38437,0.1072540283203125,0.9628143310546876,0.3631744384765625,-0.0010522148804739,-0.1954850703477859,0.1768930107355118,38.732177734375,103.4571838378906,-6.831924438476562
38438,0.0074462890625,0.8392486572265625,0.309661865234375,0.5655808448791504,0.1954720318317413,0.1505684703588486,38.86167907714844,103.384521484375,-6.625457763671875
38439,-0.018218994140625,0.7933807373046875,0.3214263916015625,0.7386679649353027,0.3112140595912933,0.1421262472867966,38.91897583007812,103.5509643554688,-6.4595947265625
38440,-0.08709716796875,0.8040618896484375,0.4715423583984375,0.4418482482433319,0.6349897384643555,0.0375164821743965,39.04527282714844,103.4676361083984,-6.717453002929688
38441,-0.08709716796875,0.8040618896484375,0.4715423583984375,0.4418482482433319,0.6349897384643555,0.0375164821743965,39.04527282714844,103.4676361083984,-6.717453002929688
38442,-0.152923583984375,0.8259735107421875,0.4972686767578125,0.4418482482433319,0.6349897384643555,0.0375164821743965,38.93730163574219,103.6567993164062,-7.376449584960938
38443,-0.228271484375,0.870330810546875,0.5106658935546875,0.0101431813091039,0.934052050113678,-0.1107454225420952,38.77247619628906,103.9152679443359,-8.034088134765625
38444,-0.3220367431640625,0.9363555908203124,0.5494842529296875,-0.4259129464626312,1.291712760925293,-0.3246808648109436,38.66090393066406,103.8771362304688,-8.560867309570312
38445,-0.40997314453125,0.996673583984375,0.5179290771484375,-0.7484606504440308,1.514814019203186,-0.5726720690727234,38.60812377929688,103.4846954345703,-9.065994262695312
38446,-0.483917236328125,1.017471313476562,0.409942626953125,-0.6245149970054626,0.644730269908905,-0.8299139738082886,38.584716796875,102.9357299804688,-9.200668334960938
38447,-0.4976043701171875,0.9758148193359376,0.242584228515625,-0.6245149970054626,0.644730269908905,-0.8299139738082886,38.30146789550781,102.2228698730469,-9.40118408203125
38448,-0.34564208984375,0.802520751953125,0.1389923095703125,-0.2258629500865936,-1.279302358627319,-0.1383733153343201,37.74331665039062,100.9259033203125,-10.11210632324219
38449,-0.34564208984375,0.802520751953125,0.1389923095703125,-0.2258629500865936,-1.279302358627319,-0.1383733153343201,37.74331665039062,100.9259033203125,-10.11210632324219
38450,-0.1950836181640625,0.85211181640625,0.16748046875,-0.2258629500865936,-1.279302358627319,-0.1383733153343201,37.44137573242188,100.6232757568359,-10.14802551269531
38451,-0.093414306640625,0.911773681640625,0.19024658203125,-0.2043424844741821,-1.362653255462646,0.06377524882555,37.25042724609375,100.5025787353516,-9.756912231445312
38452,0.009429931640625,0.887481689453125,0.1891632080078125,-0.2809259295463562,-1.141927480697632,0.3139379620552063,37.21807861328125,100.4890594482422,-9.298477172851562
38453,0.1494598388671875,0.893341064453125,0.1409759521484375,-0.4700604379177094,-0.7401733994483948,0.5486236810684204,37.07867431640625,100.6780700683594,-8.794219970703125
38454,0.248260498046875,0.9038238525390624,0.1129302978515625,-0.6432053446769714,-0.2317685186862946,0.6788701415061951,37.21295166015625,101.0582733154297,-8.216781616210938
38455,0.3351593017578125,0.946624755859375,0.0637359619140625,-0.6691413521766663,0.1268186718225479,0.6368869543075562,37.48988342285156,101.5283203125,-7.37164306640625
38456,0.38525390625,0.9807281494140624,0.0003662109375,-0.527880847454071,0.2907316982746124,0.3993164896965027,37.93856811523438,101.8951873779297,-6.4708251953125
38457,0.3051605224609375,0.891204833984375,-0.05908203125,-0.336869090795517,0.1743528991937637,0.1559496521949768,38.19917297363281,102.2660217285156,-6.05108642578125
38458,0.1639862060546875,0.7860565185546875,-0.0440216064453125,-0.0916279181838035,-0.1794102340936661,0.1396138221025467,38.28189086914062,102.6513366699219,-5.927200317382812
38459,0.1019134521484375,0.7927398681640625,-0.042449951171875,-0.0916279181838035,-0.1794102340936661,0.1396138221025467,38.32490539550781,102.7635955810547,-5.920928955078125
38460,0.046356201171875,0.820037841796875,0.0107421875,-0.0502948611974716,-0.3770021498203278,0.0779184997081756,38.50265502929688,102.8396911621094,-5.936874389648438
38461,-0.035552978515625,0.820709228515625,0.07696533203125,-0.0399974845349788,-0.5212789177894592,-0.0414867214858532,38.49557495117188,102.9659423828125,-5.917022705078125
38462,-0.0878143310546875,0.8276519775390625,0.127777099609375,-0.0675148591399192,-0.4877544939517975,-0.0594034045934677,38.53181457519531,103.0738830566406,-5.825668334960938
38463,-0.1169281005859375,0.839599609375,0.17401123046875,-0.0675148591399192,-0.4877544939517975,-0.0594034045934677,38.56477355957031,103.1047058105469,-5.713775634765625
38464,-0.1500396728515625,0.83111572265625,0.1591339111328125,-0.1345935016870499,-0.5080240964889526,-0.0570347905158996,38.69534301757812,103.0857849121094,-5.304855346679688
38465,-0.1500396728515625,0.83111572265625,0.1591339111328125,-0.1345935016870499,-0.5080240964889526,-0.0570347905158996,38.69534301757812,103.0857849121094,-5.304855346679688
38466,-0.139678955078125,0.837860107421875,0.147491455078125,-0.1542244553565979,-0.5508714318275452,-0.0602574795484542,38.70204162597656,103.0709991455078,-5.23583984375
38467,-0.12078857421875,0.85748291015625,0.12957763671875,-0.1542244553565979,-0.5508714318275452,-0.0602574795484542,38.651123046875,103.0002746582031,-5.015304565429688
38468,-0.1030426025390625,0.871612548828125,0.0971832275390625,-0.1637338101863861,-0.5223848819732666,-0.0702848136425018,38.60865783691406,103.1141052246094,-4.845489501953125
38469,-0.103302001953125,0.8759918212890625,0.0455780029296875,-0.1247262209653854,-0.4751366972923279,-0.0378475151956081,38.675537109375,103.0429382324219,-4.768585205078125
38470,-0.109466552734375,0.879241943359375,-0.0102386474609375,-0.0658069774508476,-0.4716165363788605,-0.0095604816451668,38.67584228515625,103.086669921875,-4.665267944335938
38471,-0.11016845703125,0.8829498291015625,-0.054779052734375,-0.0658069774508476,-0.4716165363788605,-0.0095604816451668,38.65617370605469,103.103271484375,-4.450302124023438
38472,-0.10015869140625,0.88909912109375,-0.0823822021484375,0.0057617491111159,-0.4622094333171844,0.0064927865751087,38.63761901855469,102.959716796875,-4.305465698242188
38473,-0.0864410400390625,0.8931732177734375,-0.0952606201171875,0.1167471259832382,-0.4817562401294708,0.0235194414854049,38.74708557128906,102.9546356201172,-3.9095458984375
38474,-0.0734710693359375,0.90167236328125,-0.0839385986328125,0.1167471259832382,-0.4817562401294708,0.0235194414854049,38.76982116699219,102.8937683105469,-3.869476318359375
38475,-0.058807373046875,0.9162139892578124,-0.0592498779296875,0.1589686125516891,-0.4694673717021942,0.0295544303953647,38.88279724121094,102.7072296142578,-3.71441650390625
38476,-0.0537261962890625,0.9320831298828124,-0.0269317626953125,0.2030849456787109,-0.4403864443302155,0.0402318425476551,38.90589904785156,102.6544036865234,-3.5499267578125
38477,-0.0466156005859375,0.945220947265625,0.01214599609375,0.3234020173549652,-0.4278703927993774,0.0564571507275104,38.85008239746094,102.6383514404297,-3.515853881835938
38478,-0.040985107421875,0.9572601318359376,0.061248779296875,0.3578167259693146,-0.4127910435199738,0.0620742887258529,38.90568542480469,102.5650177001953,-3.48419189453125
38479,-0.031585693359375,0.9769134521484376,0.1260223388671875,0.3578167259693146,-0.4127910435199738,0.0620742887258529,38.9661865234375,102.595947265625,-3.517105102539062
38480,-0.0150146484375,0.993316650390625,0.1506500244140625,0.3586947619915009,-0.4402522146701813,0.0724821910262107,38.91896057128906,102.5668334960938,-3.512786865234375
38481,-0.000732421875,1.015670776367188,0.1889190673828125,0.3191316425800323,-0.4572647511959076,0.0835383012890815,38.90301513671875,102.6487731933594,-3.731155395507812
38482,0.012237548828125,1.043716430664062,0.2110595703125,0.1677178889513016,-0.2219949811697006,0.0905581265687942,38.99896240234375,102.6018676757812,-3.841278076171875
38483,0.0005645751953125,1.058624267578125,0.200592041015625,0.096557430922985,-0.0572121553122997,0.0714116021990776,38.98538208007812,102.6357727050781,-3.882583618164062
38484,-0.0267791748046875,1.071426391601562,0.1529388427734375,0.096557430922985,-0.0572121553122997,0.0714116021990776,39.04893493652344,102.5621795654297,-3.758773803710938
38485,-0.05535888671875,1.082595825195312,0.105743408203125,0.0540824085474014,0.1176102533936501,0.0170357078313827,39.13389587402344,102.5660858154297,-3.789276123046875
38486,-0.068756103515625,1.084915161132812,0.0549163818359375,0.0339366607367992,0.1118770018219948,-0.0248259883373975,39.03842163085938,102.5368957519531,-3.811294555664062
38487,-0.0697174072265625,1.106689453125,-0.0484619140625,0.0339366607367992,0.1118770018219948,-0.0248259883373975,39.05332946777344,102.5876922607422,-3.991180419921875
38488,-0.064422607421875,1.151382446289062,-0.1487884521484375,0.0181712806224823,-0.0078957397490739,-0.046372290700674,39.05227661132812,102.5544738769531,-4.119293212890625
38489,-0.0651092529296875,1.202529907226562,-0.2101898193359375,0.0198298972100019,-0.1756224185228348,-0.0564297214150428,39.15385437011719,102.5869445800781,-4.156768798828125
38490,-0.065338134765625,1.243255615234375,-0.2354888916015625,0.2092078179121017,-0.501804530620575,-0.0711596608161926,39.13285827636719,102.538818359375,-4.310211181640625
38491,-0.08026123046875,1.268753051757812,-0.2206573486328125,0.2092078179121017,-0.501804530620575,-0.0711596608161926,39.09440612792969,102.5346527099609,-4.306045532226562
38492,-0.11846923828125,1.295944213867188,-0.128143310546875,0.3578542768955231,-0.5732361078262329,-0.0639361068606376,39.16604614257812,102.5168151855469,-4.379669189453125
38493,-0.16912841796875,1.343246459960938,0.0355682373046875,0.5235801339149475,-0.5262733697891235,-0.0729985758662223,39.14506530761719,102.5879821777344,-4.476028442382812
38494,-0.221221923828125,1.406539916992188,0.2535247802734375,0.654670774936676,-0.37044757604599,-0.1096319556236267,39.04908752441406,102.5270538330078,-4.53466796875
38495,-0.218353271484375,1.430770874023438,0.4152374267578125,0.6780411005020142,-0.1708244681358337,-0.1792323440313339,38.96807861328125,102.5551910400391,-4.69708251953125
38496,-0.2136688232421875,1.399917602539062,0.468505859375,0.5532343983650208,-0.0889077708125114,-0.2415710836648941,38.88656616210938,102.5561065673828,-4.83380126953125
38497,-0.2124481201171875,1.346435546875,0.49957275390625,0.0989838391542434,0.1100838929414749,-0.2902073264122009,38.811767578125,102.5438537597656,-4.986160278320312
38498,-0.1955413818359375,1.2657470703125,0.4885406494140625,0.0989838391542434,0.1100838929414749,-0.2902073264122009,38.65724182128906,102.4637145996094,-5.214157104492188
38499,-0.164764404296875,1.184234619140625,0.4617462158203125,-0.0721820518374443,0.2152878046035767,-0.2979661822319031,38.52989196777344,102.4297637939453,-5.277008056640625
38500,-0.11138916015625,1.102615356445312,0.4291534423828125,-0.1444336175918579,0.2660503089427948,-0.3306500911712646,38.44204711914062,102.4385528564453,-5.457427978515625
38501,-0.0306396484375,0.9944305419921876,0.348052978515625,-0.1439188271760941,0.1841293573379517,-0.3296362161636353,38.26446533203125,102.5133514404297,-5.65789794921875
38502,0.044097900390625,0.863739013671875,0.251251220703125,-0.0902177765965461,-0.0532626882195472,-0.2804742753505707,38.17250061035156,102.4112854003906,-5.709747314453125
38503,0.1132965087890625,0.748809814453125,0.1952667236328125,-0.018474081531167,-0.3874965906143188,-0.1664725989103317,38.08035278320312,102.2071685791016,-5.527313232421875
38504,0.1706085205078125,0.69171142578125,0.2280731201171875,0.0487361140549182,-0.6523115038871765,-0.0493467785418033,38.00955200195312,102.179443359375,-5.351303100585938
38505,0.2335968017578125,0.6662445068359375,0.322235107421875,0.0903277620673179,-0.6886838674545288,0.0561599433422088,38.02436828613281,102.0769958496094,-5.240219116210938
38506,0.3058013916015625,0.6840972900390625,0.407989501953125,0.0211902391165494,-0.2354415506124496,0.2054889798164368,38.00582885742188,102.1128997802734,-5.145050048828125
38507,0.3786163330078125,0.7462921142578125,0.43963623046875,0.0211902391165494,-0.2354415506124496,0.2054889798164368,38.05464172363281,102.3145751953125,-5.178512573242188
38508,0.44158935546875,0.8397216796875,0.43743896484375,-0.0906034037470817,0.0126811740919947,0.2272038608789444,38.21600341796875,102.5163421630859,-5.000244140625
38509,0.4391937255859375,0.9740142822265624,0.327850341796875,-0.4005506038665771,0.3606234192848206,0.1679557114839554,38.44737243652344,102.9718017578125,-4.816665649414062
38510,0.4391937255859375,0.9740142822265624,0.327850341796875,-0.4005506038665771,0.3606234192848206,0.1679557114839554,38.44737243652344,102.9718017578125,-4.816665649414062
38511,0.337066650390625,1.01507568359375,0.239532470703125,-0.4897838234901428,0.4279516041278839,0.1917422711849213,38.54585266113281,103.0975494384766,-4.627960205078125
38512,0.2546844482421875,1.072433471679688,0.1558685302734375,-0.3583373725414276,0.4777575135231018,0.1776658594608307,38.60798645019531,103.2141418457031,-4.417251586914062
38513,0.085845947265625,1.11749267578125,0.0208892822265625,-0.1846113950014114,0.3994752168655396,0.1470754742622375,38.7408447265625,103.2691802978516,-4.097412109375
38514,0.085845947265625,1.11749267578125,0.0208892822265625,-0.1846113950014114,0.3994752168655396,0.1470754742622375,38.7408447265625,103.2691802978516,-4.097412109375
38515,0.008331298828125,1.078384399414062,0.0664825439453125,0.0034810178913176,0.3766489923000336,0.1380351036787033,38.79878234863281,103.3752136230469,-3.880203247070312
38516,-0.07562255859375,1.007675170898438,0.1483917236328125,0.2411444485187531,0.3250545263290405,0.0533495061099529,38.78656005859375,103.3924713134766,-3.952377319335938
38517,-0.07562255859375,1.007675170898438,0.1483917236328125,0.2411444485187531,0.3250545263290405,0.0533495061099529,38.78656005859375,103.3924713134766,-3.952377319335938
38518,-0.1144866943359375,0.97283935546875,0.1717681884765625,0.2411444485187531,0.3250545263290405,0.0533495061099529,38.84530639648438,103.4609222412109,-4.198104858398438
38519,-0.1408843994140625,0.9325408935546876,0.1690673828125,0.145642414689064,0.2555931508541107,0.0169749893248081,38.86343383789062,103.3370666503906,-4.233779907226562
38520,-0.1431732177734375,0.9009857177734376,0.1338958740234375,0.0255642160773277,0.1626187413930893,-0.0088382326066493,38.9241943359375,103.2529907226562,-4.365158081054688
38521,-0.0918121337890625,0.864288330078125,0.0809326171875,-0.0525585487484931,0.0699676349759101,-0.0123117938637733,38.87966918945312,103.3460235595703,-4.845611572265625
38522,-0.0918121337890625,0.864288330078125,0.0809326171875,-0.0525585487484931,0.0699676349759101,-0.0123117938637733,38.87966918945312,103.3460235595703,-4.845611572265625
38523,-0.045623779296875,0.85113525390625,0.05963134765625,-0.0439352318644523,0.1211727634072304,0.0161699149757623,38.96376037597656,103.4107208251953,-4.655410766601562
38524,0.014373779296875,0.8375396728515625,0.04693603515625,-0.0159685797989368,0.196677103638649,0.036665603518486,38.96002197265625,103.4295806884766,-4.57281494140625
38525,0.0618896484375,0.83721923828125,0.0436248779296875,0.0116044580936431,0.2699790298938751,0.0476625934243202,39.0430908203125,103.3304901123047,-4.3858642578125
38526,0.0912628173828125,0.8400421142578125,0.0482635498046875,0.0251937694847583,0.3237043023109436,0.0571969747543335,38.98468017578125,103.4838409423828,-4.24505615234375
38527,0.1020965576171875,0.8437957763671875,0.06317138671875,0.0304010491818189,0.3610500693321228,0.0657899305224418,38.96517944335938,103.4573059082031,-4.158599853515625
38528,0.102264404296875,0.851593017578125,0.07623291015625,0.0245860368013382,0.4168339669704437,0.0758513510227203,39.05047607421875,103.5922546386719,-4.04388427734375
38529,0.09075927734375,0.8608551025390625,0.07464599609375,-0.0131749240681529,0.4676332473754883,0.0648375824093818,39.13037109375,103.6992645263672,-4.1107177734375
38530,0.0676727294921875,0.8731231689453125,0.0619354248046875,-0.0131749240681529,0.4676332473754883,0.0648375824093818,39.14480590820312,103.8394927978516,-4.380767822265625
38531,0.0423126220703125,0.8833770751953125,0.053009033203125,-0.0365191288292408,0.4590109884738922,0.0623813532292842,39.15177917480469,103.8638000488281,-4.4013671875
38532,0.016510009765625,0.8957977294921875,0.005218505859375,-0.0270191002637147,0.4158827066421509,0.0574465133249759,39.19338989257812,103.7917022705078,-4.416351318359375
38533,0.016510009765625,0.8957977294921875,0.005218505859375,-0.0270191002637147,0.4158827066421509,0.0574465133249759,39.19338989257812,103.7917022705078,-4.416351318359375
38534,0.017059326171875,0.8877410888671875,-0.022308349609375,0.0100307958200573,0.3878332078456879,0.0500591732561588,39.24824523925781,103.7389678955078,-4.5562744140625
38535,0.0370941162109375,0.8763275146484375,-0.0379638671875,0.0553615242242813,0.3816309869289398,0.0384770855307579,39.26902770996094,103.8872985839844,-4.749313354492188
38536,0.081756591796875,0.8758544921875,-0.044342041015625,0.149882435798645,0.3896420300006866,-0.0363851711153984,39.40673828125,103.8336486816406,-4.849258422851562
38537,0.081756591796875,0.8758544921875,-0.044342041015625,0.149882435798645,0.3896420300006866,-0.0363851711153984,39.40673828125,103.8336486816406,-4.849258422851562
38538,0.074798583984375,0.897247314453125,-0.0335693359375,0.1584476977586746,0.4109619855880737,-0.0572776719927787,39.47415161132812,103.7935791015625,-4.795562744140625
38539,0.062957763671875,0.9351348876953124,-0.046173095703125,0.1427243947982788,0.4308035969734192,-0.0629414170980453,39.46031188964844,103.6387634277344,-4.732406616210938
38540,-0.003509521484375,0.951507568359375,-0.004974365234375,0.0913815796375274,0.4061917066574097,-0.0988687872886657,39.33450317382812,103.6602630615234,-4.910675048828125
38541,-0.003509521484375,0.951507568359375,-0.004974365234375,0.0913815796375274,0.4061917066574097,-0.0988687872886657,39.33450317382812,103.6602630615234,-4.910675048828125
38542,0.0011444091796875,0.9274444580078124,-0.0391845703125,0.1012246236205101,0.3553618192672729,-0.0602883733808994,39.30267333984375,103.614990234375,-5.142578125
38543,0.0439910888671875,0.9658203125,-0.027069091796875,0.1920735687017441,0.3820632100105286,-0.0094840489327907,39.31951904296875,103.6719207763672,-5.393951416015625
38544,0.0595703125,1.009857177734375,0.0204620361328125,0.1920735687017441,0.3820632100105286,-0.0094840489327907,39.32632446289062,103.7506866455078,-5.569351196289062
38545,0.0331573486328125,1.032135009765625,-0.0019683837890625,0.1673903316259384,0.4495213627815247,-0.0451131500303745,39.27998352050781,103.8309783935547,-5.648788452148438
38546,-0.021942138671875,1.049652099609375,-0.046905517578125,0.0894406661391258,0.3726079165935516,-0.1296077966690063,39.25180053710938,103.9124755859375,-5.843124389648438
38547,-0.0387420654296875,1.046157836914062,-0.0604705810546875,0.0458263456821441,0.2170665413141251,-0.1752322763204575,39.14741516113281,103.8486938476562,-5.930374145507812
38548,0.0808868408203125,1.055267333984375,-0.005615234375,0.1594687551259995,0.2570877075195312,-0.0472474060952663,39.18121337890625,103.7870941162109,-6.108612060546875
38549,0.1008453369140625,1.113998413085938,0.0670928955078125,0.2918712794780731,0.8744087219238281,-0.0032479912042617,39.10917663574219,103.7704620361328,-6.069976806640625
38550,0.0866241455078125,1.178665161132812,-0.0535888671875,0.2918712794780731,0.8744087219238281,-0.0032479912042617,39.1475830078125,103.7492828369141,-6.260238647460938
38551,0.0922088623046875,1.216934204101562,-0.1365814208984375,0.2237180471420288,0.7195426821708679,-0.0406962968409061,39.21540832519531,103.681884765625,-6.437103271484375
38552,0.2130584716796875,1.294174194335938,-0.05535888671875,0.2408999651670456,0.3084811270236969,-0.0179481077939271,39.1429443359375,103.8379211425781,-6.92083740234375
38553,0.2130584716796875,1.294174194335938,-0.05535888671875,0.2408999651670456,0.3084811270236969,-0.0179481077939271,39.1429443359375,103.8379211425781,-6.92083740234375
38554,0.246856689453125,1.374893188476562,0.060333251953125,0.3658240437507629,0.0974607765674591,0.0519683919847011,39.18167114257812,103.8709259033203,-7.088851928710938
38555,0.256591796875,1.430068969726562,0.1880035400390625,0.3658240437507629,0.0974607765674591,0.0519683919847011,39.196044921875,103.78662109375,-7.268463134765625
38556,0.2532806396484375,1.431259155273438,0.2462310791015625,0.3587488234043121,-0.0391708388924598,0.1238138228654861,39.20722961425781,103.7039794921875,-7.3807373046875
38557,0.2381591796875,1.385498046875,0.245513916015625,0.2235217690467834,-0.2569510936737061,0.193090632557869,39.2750244140625,103.7087249755859,-7.555770874023438
38558,0.195037841796875,1.328781127929688,0.2592315673828125,0.0712976157665252,-0.3712627589702606,0.2526237368583679,39.31292724609375,103.5845031738281,-7.77142333984375
38559,0.133575439453125,1.24188232421875,0.247344970703125,0.044681716710329,-0.3030789196491241,0.2408767938613892,39.36572265625,103.65478515625,-7.869705200195312
38560,0.0359039306640625,1.08831787109375,0.1857147216796875,0.5149368643760681,-0.1762852817773819,0.0193531922996044,39.61070251464844,103.7112121582031,-7.821365356445312
38561,0.0359039306640625,1.08831787109375,0.1857147216796875,0.5149368643760681,-0.1762852817773819,0.0193531922996044,39.61070251464844,103.7112121582031,-7.821365356445312
38562,0.0185546875,1.011703491210938,0.212921142578125,0.5149368643760681,-0.1762852817773819,0.0193531922996044,39.62974548339844,103.8186645507812,-7.83062744140625
38563,0.0041961669921875,0.9133148193359376,0.2497406005859375,0.5481360554695129,-0.2787506580352783,0.0447301864624023,39.67356872558594,103.8912506103516,-7.991897583007812
38564,0.0117034912109375,0.8306884765625,0.308746337890625,0.5027709603309631,-0.4083848297595978,0.0870110616087913,39.55850219726562,103.8135070800781,-8.140151977539062
38565,0.0384521484375,0.7875518798828125,0.3924407958984375,0.4123997986316681,-0.4597446918487549,0.112182728946209,39.61062622070312,103.8301544189453,-8.34576416015625
38566,0.03375244140625,0.757476806640625,0.4669036865234375,0.340750128030777,-0.4289007484912872,0.1291934102773666,39.60389709472656,103.7659759521484,-8.29058837890625
38567,0.0017242431640625,0.738861083984375,0.531707763671875,0.0780774876475334,0.1309609413146973,0.1279097646474838,39.52853393554688,103.9135894775391,-8.52239990234375
38568,-0.042999267578125,0.76318359375,0.583099365234375,0.0780774876475334,0.1309609413146973,0.1279097646474838,39.46051025390625,104.1574249267578,-8.710662841796875
38569,-0.0972747802734375,0.8289947509765625,0.59051513671875,-0.154456153512001,0.5748145580291748,0.0433631874620914,39.42990112304688,104.2087860107422,-8.7958984375
38570,-0.16650390625,0.9107818603515624,0.56890869140625,-0.5477786660194397,0.9731819033622742,-0.1938951760530472,39.50076293945312,104.125244140625,-8.9490966796875
38571,-0.23211669921875,0.9864654541015624,0.5027618408203125,-0.6201497912406921,0.7294672727584839,-0.2134137451648712,39.52545166015625,103.930908203125,-9.105514526367188
38572,-0.2575531005859375,1.005126953125,0.3444061279296875,-0.6201497912406921,0.7294672727584839,-0.2134137451648712,39.46244812011719,103.5646209716797,-9.277420043945312
38573,-0.26678466796875,0.9913482666015624,0.198333740234375,-0.5724720358848572,0.1247549802064896,-0.120969831943512,39.5823974609375,103.1110687255859,-9.407791137695312
38574,-0.198486328125,0.9755706787109376,0.127044677734375,-0.5303650498390198,-0.4091891050338745,0.018599784001708,39.48841857910156,102.86083984375,-9.401199340820312
38575,-0.068878173828125,1.013214111328125,0.1013641357421875,-0.5043134689331055,-0.7104251384735107,0.0915970280766487,39.41987609863281,102.7704925537109,-9.158218383789062
38576,0.1612548828125,1.035018920898438,0.0615692138671875,-0.5223662853240967,-0.231363981962204,0.1178818941116333,39.48146057128906,102.8892364501953,-8.581268310546875
38577,0.1612548828125,1.035018920898438,0.0615692138671875,-0.5223662853240967,-0.231363981962204,0.1178818941116333,39.48146057128906,102.8892364501953,-8.581268310546875
38578,0.210205078125,1.02276611328125,0.0304412841796875,-0.3983931839466095,0.2124741822481155,0.128084197640419,39.53567504882812,102.9488525390625,-8.245162963867188
38579,0.2154998779296875,0.986297607421875,-0.0021514892578125,-0.3983931839466095,0.2124741822481155,0.128084197640419,39.59095764160156,102.9148712158203,-7.939041137695312
38580,0.1702117919921875,0.904266357421875,-0.0209197998046875,-0.1748503744602203,-0.1732807010412216,0.1814819127321243,39.78424072265625,103.0814056396484,-7.493927001953125
38581,0.1702117919921875,0.904266357421875,-0.0209197998046875,-0.1748503744602203,-0.1732807010412216,0.1814819127321243,39.78424072265625,103.0814056396484,-7.493927001953125
38582,0.13494873046875,0.8707733154296875,0.0075225830078125,-0.1283819377422333,-0.3373727202415466,0.1790187507867813,39.88951110839844,103.1464996337891,-7.43316650390625
38583,0.081085205078125,0.841033935546875,0.03009033203125,-0.133070707321167,-0.4648640751838684,0.157185897231102,39.95307922363281,103.2745361328125,-7.413787841796875
38584,0.0272369384765625,0.8181304931640625,0.0646514892578125,-0.1748905926942825,-0.5883950591087341,0.0996807888150215,40.02835083007812,103.1845703125,-7.27130126953125
38585,-0.01165771484375,0.815460205078125,0.0974273681640625,-0.1748905926942825,-0.5883950591087341,0.0996807888150215,40.12387084960938,103.1694488525391,-7.14715576171875
38586,-0.046661376953125,0.8082427978515625,0.11041259765625,-0.2171243280172348,-0.602070152759552,0.0320170558989048,40.20648193359375,103.1828765869141,-7.0203857421875
38587,-0.0780487060546875,0.8049163818359375,0.1107330322265625,-0.2303501218557358,-0.5994219183921814,0.0097916442900896,40.20089721679688,103.2250518798828,-6.778671264648438
38588,-0.0950469970703125,0.814056396484375,0.1133575439453125,-0.2520615458488464,-0.5921823382377625,-0.0183981824666261,40.34829711914062,103.1554412841797,-6.422821044921875
38589,-0.0972900390625,0.829315185546875,0.10968017578125,-0.2520615458488464,-0.5921823382377625,-0.0183981824666261,40.33610534667969,103.1094818115234,-5.966522216796875
38590,-0.0908050537109375,0.8493804931640625,0.10308837890625,-0.246550127863884,-0.5866482853889465,-0.0638293102383613,40.34999084472656,103.1179504394531,-5.676162719726562
38591,-0.07421875,0.8675079345703125,0.09686279296875,-0.246550127863884,-0.5866482853889465,-0.0638293102383613,40.33230590820312,103.0485076904297,-5.572555541992188
38592,-0.0521697998046875,0.88525390625,0.0861968994140625,-0.2295192033052444,-0.5830839276313782,-0.077270284295082,40.41378784179688,102.9501647949219,-5.200836181640625
38593,-0.0359954833984375,0.8999481201171875,0.0546112060546875,-0.1691485494375229,-0.6414814591407776,-0.0736103057861328,40.23258972167969,102.9513397216797,-5.093475341796875
38594,-0.0243988037109375,0.9059600830078124,0.0170440673828125,-0.1149433627724648,-0.689854085445404,-0.0627563223242759,40.20277404785156,102.9133758544922,-4.887588500976562
38595,-0.0196075439453125,0.909393310546875,-0.0043792724609375,-0.0431812927126884,-0.7189198136329651,-0.0436151213943958,40.12747192382812,102.9120330810547,-4.663360595703125
38596,-0.031036376953125,0.9041290283203124,-0.0315399169921875,-0.0431812927126884,-0.7189198136329651,-0.0436151213943958,40.10556030273438,102.9793395996094,-4.374237060546875
38597,-0.0387115478515625,0.907073974609375,-0.050628662109375,0.0233844183385372,-0.7454467415809631,-0.0195553246885538,40.1583251953125,102.9958038330078,-4.217437744140625
38598,-0.03668212890625,0.903778076171875,-0.04168701171875,0.0887674167752265,-0.7366588711738586,-0.0051441621035337,40.17930603027344,103.0503387451172,-4.076019287109375
38599,-0.0298614501953125,0.9046478271484376,-0.0339202880859375,0.141627699136734,-0.72184818983078,0.0081024011597037,40.18824768066406,103.0318145751953,-3.932571411132812
38600,-0.0165863037109375,0.915008544921875,-0.0299072265625,0.1775167286396027,-0.7304840683937073,0.0098875183612108,40.18023681640625,103.0120544433594,-3.714431762695312
38601,-0.0093536376953125,0.933135986328125,-0.01727294921875,0.1859917044639587,-0.7275449633598328,-0.0020322583150118,40.14176940917969,102.9872741699219,-3.6617431640625
38602,-0.0156707763671875,0.9546051025390624,-0.0018768310546875,0.1859917044639587,-0.7275449633598328,-0.0020322583150118,40.16099548339844,103.0532531738281,-3.854949951171875
38603,-0.0357818603515625,0.9788818359375,0.02337646484375,0.1817831099033356,-0.6890646815299988,-0.0172966979444026,40.15115356445312,102.9526824951172,-3.725189208984375
38604,-0.06414794921875,1.029891967773438,0.1009674072265625,0.1956592500209808,-0.5723069310188293,-0.0467342175543308,40.24613952636719,102.9109802246094,-3.699386596679688
38605,-0.06414794921875,1.029891967773438,0.1009674072265625,0.1956592500209808,-0.5723069310188293,-0.0467342175543308,40.24613952636719,102.9109802246094,-3.699386596679688
38606,-0.056854248046875,1.069015502929688,0.081268310546875,0.2219537049531937,-0.6676984429359436,-0.0294673442840576,40.19172668457031,102.877685546875,-3.550140380859375
38607,-0.05059814453125,1.104995727539062,0.08587646484375,0.2545356154441833,-0.9239856004714966,-0.0100286658853292,40.22193908691406,102.7987670898438,-3.356643676757812
38608,-0.0287933349609375,1.09417724609375,0.0835723876953125,0.0335443764925003,-0.6494757533073425,-0.0985574647784233,40.17022705078125,102.8607788085938,-3.58453369140625
38609,-0.0287933349609375,1.09417724609375,0.0835723876953125,0.0335443764925003,-0.6494757533073425,-0.0985574647784233,40.17022705078125,102.8607788085938,-3.58453369140625
38610,-0.027740478515625,1.117279052734375,0.0053863525390625,0.0137973045930266,-0.544684886932373,-0.1723102480173111,40.10867309570312,102.9234771728516,-3.72821044921875
38611,-0.029632568359375,1.145034790039062,-0.0014801025390625,0.0477677881717681,-0.4486081600189209,-0.2310753017663956,40.04368591308594,102.8293151855469,-3.577346801757812
38612,-0.0347747802734375,1.1905517578125,-0.014556884765625,0.1872146278619766,-0.4223877191543579,-0.2598704695701599,39.97846984863281,102.7760162353516,-3.50079345703125
38613,-0.0436859130859375,1.259414672851562,0.004180908203125,0.1872146278619766,-0.4223877191543579,-0.2598704695701599,39.96800231933594,102.7385406494141,-3.451995849609375
38614,-0.054901123046875,1.337921142578125,0.110809326171875,0.5007296800613403,-0.4499953985214233,-0.2046106606721878,39.77119445800781,102.8112182617188,-3.57037353515625
38615,-0.056640625,1.39910888671875,0.253265380859375,0.5361273288726807,-0.4785774946212769,-0.1925010085105896,39.63764953613281,102.7663116455078,-3.512557983398438
38616,-0.0495147705078125,1.3985595703125,0.3376312255859375,0.3833545744419098,-0.5384341478347778,-0.2189427316188812,39.54818725585938,102.7718963623047,-3.533187866210938
38617,-0.0384368896484375,1.33203125,0.3730316162109375,0.3833545744419098,-0.5384341478347778,-0.2189427316188812,39.49540710449219,102.8451690673828,-3.725540161132812
38618,-0.0374755859375,1.241226196289062,0.398895263671875,-0.0771871954202652,-0.4728967249393463,-0.3191494941711426,39.41014099121094,102.7805480957031,-3.9105224609375
38619,-0.022979736328125,1.178237915039062,0.3950653076171875,-0.0771871954202652,-0.4728967249393463,-0.3191494941711426,39.34135437011719,102.6480407714844,-4.031219482421875
38620,0.0608673095703125,1.136550903320312,0.1770172119140625,-0.3162865936756134,-0.5748968720436096,-0.3129925429821014,39.20712280273438,102.5271453857422,-3.874008178710938
38621,0.0608673095703125,1.136550903320312,0.1770172119140625,-0.3162865936756134,-0.5748968720436096,-0.3129925429821014,39.20712280273438,102.5271453857422,-3.874008178710938
38622,0.0789794921875,1.072555541992188,0.108551025390625,-0.0600164644420146,-0.9455004930496216,-0.1772754490375519,39.02589416503906,102.4467926025391,-3.6688232421875
38623,0.116058349609375,0.9830169677734376,0.1406402587890625,0.1573089361190796,-0.93628191947937,-0.1080633550882339,39.06721496582031,102.2661590576172,-3.198379516601562
38624,0.1688690185546875,0.8751068115234375,0.2064666748046875,0.3273925185203552,-0.9687227010726928,-0.0532373897731304,39.09193420410156,102.2252655029297,-2.750259399414062
38625,0.2227325439453125,0.8155975341796875,0.2599029541015625,0.3736473619937897,-1.05756151676178,-0.0192312188446521,39.079345703125,102.2476196289062,-2.590194702148438
38626,0.26959228515625,0.7989349365234375,0.332672119140625,0.2933794260025024,-1.173744082450867,0.0151019878685474,39.03724670410156,102.4013061523438,-2.738555908203125
38627,0.308135986328125,0.8106536865234375,0.4114532470703125,0.1350662112236023,-1.277347087860107,0.0508823543787002,38.97868347167969,102.5649108886719,-2.841476440429688
38628,0.3592529296875,0.822357177734375,0.481597900390625,-0.0712217167019844,-1.304057240486145,0.0702848136425018,38.85395812988281,102.6729125976562,-2.8131103515625
38629,0.4391937255859375,0.842803955078125,0.53106689453125,-0.0712217167019844,-1.304057240486145,0.0702848136425018,38.76695251464844,102.8032684326172,-2.719573974609375
38630,0.5183868408203125,0.8612823486328125,0.5400543212890625,-0.5021470189094543,-0.8991172909736633,0.0152655057609081,38.77464294433594,102.9475250244141,-2.394790649414062
38631,0.523468017578125,0.9007720947265624,0.49774169921875,-0.5021470189094543,-0.8991172909736633,0.0152655057609081,38.83331298828125,102.9856262207031,-2.1602783203125
38632,0.4911346435546875,0.95965576171875,0.4109039306640625,-0.6516608595848083,-0.3533482253551483,0.1327066421508789,38.89875793457031,102.9624786376953,-1.582778930664062
38633,0.4278564453125,1.0076904296875,0.287445068359375,-0.6235339045524597,-0.305962860584259,0.1807695180177689,38.89300537109375,103.0170593261719,-1.123626708984375
38634,0.341064453125,1.03436279296875,0.1740264892578125,-0.6235339045524597,-0.305962860584259,0.1807695180177689,38.91879272460938,102.978271484375,-0.7634429931640625
38635,0.2756805419921875,1.0361328125,0.120880126953125,-0.5026551485061646,-0.3677636384963989,0.2293026894330978,39.00090026855469,103.0473022460938,-0.306915283203125
38636,0.1861572265625,1.034225463867188,0.15570068359375,0.0079508675262331,-0.3519934713840485,0.2200668454170227,39.45903015136719,103.1512756347656,0.74945068359375
38637,0.1861572265625,1.034225463867188,0.15570068359375,0.0079508675262331,-0.3519934713840485,0.2200668454170227,39.45903015136719,103.1512756347656,0.74945068359375
38638,0.1861572265625,1.034225463867188,0.15570068359375,0.0079508675262331,-0.3519934713840485,0.2200668454170227,39.45903015136719,103.1512756347656,0.74945068359375
38639,0.1222686767578125,1.027328491210938,0.155029296875,0.1220657229423523,-0.3422462940216064,0.1508254706859589,39.79168701171875,103.0118103027344,1.161636352539062
38640,-0.0237579345703125,0.995697021484375,0.226715087890625,0.0783560574054718,-0.3002873957157135,0.1225956901907921,40.07463073730469,102.8607177734375,1.81976318359375
38641,-0.0237579345703125,0.995697021484375,0.226715087890625,0.0783560574054718,-0.3002873957157135,0.1225956901907921,40.07463073730469,102.8607177734375,1.81976318359375
38642,-0.083343505859375,0.9693145751953124,0.2234649658203125,-0.0138359209522604,-0.2644598782062531,0.0712677910923957,40.11836242675781,103.0397491455078,1.579559326171875
38643,-0.1283111572265625,0.9320831298828124,0.1699676513671875,-0.1813801825046539,-0.5103293061256409,-0.0378147549927234,40.07449340820312,103.1943206787109,1.508697509765625
38644,-0.1382904052734375,0.89080810546875,0.09600830078125,-0.1813801825046539,-0.5103293061256409,-0.0378147549927234,40.10125732421875,103.3650512695312,1.3568115234375
38645,-0.1127471923828125,0.8616790771484375,0.0624237060546875,-0.1905467808246613,-0.6630296111106873,-0.0403620712459087,40.1224365234375,103.3003082275391,1.410812377929688
38646,-0.0617523193359375,0.8544769287109375,0.0656280517578125,-0.1414282321929932,-0.5503856539726257,-0.0347771532833576,40.15750122070312,103.3179321289062,1.635910034179688
38647,0.0089111328125,0.8621673583984375,0.058837890625,-0.0718888342380523,-0.4508878290653229,-0.0450015626847744,40.23040771484375,103.4780120849609,1.874954223632812
38648,0.0910186767578125,0.8646392822265625,0.044036865234375,-0.0032346753869205,-0.4090895056724548,-0.0310647077858448,40.23139953613281,103.5213012695312,2.098037719726562
38649,0.0910186767578125,0.8646392822265625,0.044036865234375,-0.0032346753869205,-0.4090895056724548,-0.0310647077858448,40.23139953613281,103.5213012695312,2.098037719726562
38650,0.10382080078125,0.861968994140625,0.0482940673828125,-0.0155275603756308,-0.4717560708522797,0.0169856417924165,40.21688842773438,103.6197204589844,2.284881591796875
38651,0.1272735595703125,0.8677825927734375,0.063751220703125,-0.0446963645517826,-0.5035443902015686,0.0163488797843456,40.21017456054688,103.6581726074219,2.46990966796875
38652,0.1462249755859375,0.879974365234375,0.0882110595703125,-0.0809297338128089,-0.507787823677063,0.0001784317864803,40.23974609375,103.7298889160156,2.71710205078125
38653,0.1462249755859375,0.879974365234375,0.0882110595703125,-0.0809297338128089,-0.507787823677063,0.0001784317864803,40.23974609375,103.7298889160156,2.71710205078125
38654,0.1483154296875,0.897247314453125,0.0877685546875,-0.1021993383765221,-0.4934411346912384,-0.0301824025809764,40.27865600585938,103.8846435546875,2.760177612304688
38655,0.1433868408203125,0.914825439453125,0.07281494140625,-0.1152925044298172,-0.4623228907585144,-0.0571341253817081,40.32246398925781,104.0374145507812,2.810317993164062
38656,0.1429290771484375,0.9393768310546876,0.0009765625,-0.0558118671178817,-0.4775745570659637,-0.1705392450094223,40.44700622558594,103.8202972412109,3.343429565429688
38657,0.1429290771484375,0.9393768310546876,0.0009765625,-0.0558118671178817,-0.4775745570659637,-0.1705392450094223,40.44700622558594,103.8202972412109,3.343429565429688
38658,0.1472015380859375,0.9461517333984376,-0.022125244140625,0.0060775997117161,-0.5333060026168823,-0.1983343958854675,40.46815490722656,103.8710174560547,3.43475341796875
38659,0.1630706787109375,0.944671630859375,-0.0382843017578125,0.0730611607432365,-0.6133939027786255,-0.2314894199371338,40.50778198242188,103.7805786132812,3.548797607421875
38660,0.1887054443359375,0.95068359375,-0.03997802734375,0.1062899529933929,-0.6977670788764954,-0.258300244808197,40.44004821777344,103.8030548095703,3.730697631835938
38661,0.1985626220703125,0.9712982177734376,-0.0251617431640625,0.1062899529933929,-0.6977670788764954,-0.258300244808197,40.36784362792969,103.7879943847656,3.8150634765625
38662,0.1915740966796875,1.0096435546875,-0.0180816650390625,0.1083288714289665,-0.8645723462104797,-0.3176815509796143,40.32986450195312,103.8297271728516,3.81500244140625
38663,0.162322998046875,1.044235229492188,-0.0503997802734375,0.1083288714289665,-0.8645723462104797,-0.3176815509796143,40.282470703125,103.8072204589844,3.706954956054688
38664,0.1832122802734375,1.018310546875,-0.0399322509765625,0.1310717314481735,-1.056949257850647,-0.287478119134903,40.04985046386719,103.7604370117188,3.932449340820312
38665,0.1891632080078125,1.02685546875,0.0095062255859375,0.2411444485187531,-0.9724945425987244,-0.2437751144170761,39.9635009765625,103.7888336181641,4.00762939453125
38666,0.1891632080078125,1.02685546875,0.0095062255859375,0.2411444485187531,-0.9724945425987244,-0.2437751144170761,39.9635009765625,103.7888336181641,4.00762939453125
38667,0.179443359375,1.020263671875,0.035400390625,0.5080419182777405,-0.6681548953056335,-0.1938725262880325,39.91940307617188,103.6972045898438,4.178848266601562
38668,0.127777099609375,1.001007080078125,0.0639801025390625,0.5356314778327942,-0.607668399810791,-0.1995274871587753,39.9075927734375,103.8207702636719,4.168853759765625
38669,0.0748748779296875,0.9821929931640624,0.0532684326171875,0.5356314778327942,-0.607668399810791,-0.1995274871587753,39.77883911132812,103.8549957275391,4.081741333007812
38670,0.033935546875,0.9746551513671876,0.0350341796875,0.4881172180175781,-0.6680776476860046,-0.2165378928184509,39.8214111328125,103.8381500244141,3.833587646484375
38671,0.0043182373046875,0.9631500244140624,0.0321197509765625,0.4124996960163116,-0.7413856983184814,-0.2348268926143646,39.85775756835938,103.7568817138672,3.7894287109375
38672,-0.02593994140625,0.9490966796875,0.0375823974609375,0.336641401052475,-0.5582704544067383,-0.2760656774044037,39.77447509765625,103.74560546875,3.791534423828125
38673,-0.0449676513671875,0.9384613037109376,0.0046844482421875,0.336641401052475,-0.5582704544067383,-0.2760656774044037,39.67666625976562,103.9373321533203,3.622482299804688
38674,-0.0639495849609375,0.9427337646484376,-0.0391845703125,0.3725685179233551,-0.4385025203227997,-0.3021244406700134,39.68820190429688,103.7749633789062,3.638381958007812
38675,-0.0726318359375,0.97216796875,-0.0800933837890625,0.4911252558231354,-0.4879909753799438,-0.341869980096817,39.64401245117188,103.6458129882812,3.7784423828125
38676,-0.0662689208984375,1.030746459960938,-0.0828399658203125,0.5172058343887329,-0.7035539150238037,-0.3397881984710693,39.59750366210938,103.5887451171875,3.860092163085938
38677,-0.0133056640625,1.1156005859375,-0.048583984375,0.5018199682235718,-1.016947746276855,-0.3260047435760498,39.49412536621094,103.6851959228516,3.791961669921875
38678,0.070098876953125,1.218841552734375,0.0595855712890625,0.4822933971881866,-1.197028875350952,-0.3176277577877045,39.28648376464844,103.7383270263672,3.578109741210938
38679,0.2107391357421875,1.298599243164062,0.2459869384765625,0.4822933971881866,-1.197028875350952,-0.3176277577877045,39.22792053222656,103.6172637939453,3.347549438476562
38680,0.3623809814453125,1.25909423828125,0.405609130859375,0.4414775371551514,-1.200892806053162,-0.2032692283391953,39.11460876464844,103.4906768798828,3.272979736328125
38681,0.3623809814453125,1.25909423828125,0.405609130859375,0.4414775371551514,-1.200892806053162,-0.2032692283391953,39.11460876464844,103.4906768798828,3.272979736328125
38682,0.396575927734375,1.259429931640625,0.422119140625,0.279141902923584,-1.13948118686676,-0.1219530701637268,38.93243408203125,103.7239837646484,3.238067626953125
38683,0.378082275390625,1.211715698242188,0.4254150390625,0.0996741279959678,-0.9580743312835692,-0.0178197436034679,38.95942687988281,103.6929321289062,3.256942749023438
38684,0.2142486572265625,1.000869750976562,0.2726593017578125,0.1138722375035286,-0.6735208630561829,0.0898678377270698,39.08125305175781,103.7095031738281,3.58697509765625
38685,0.2142486572265625,1.000869750976562,0.2726593017578125,0.1138722375035286,-0.6735208630561829,0.0898678377270698,39.08125305175781,103.7095031738281,3.58697509765625
38686,0.160888671875,0.8719940185546875,0.2234344482421875,0.2778912782669067,-0.6576055884361267,0.0416190810501575,39.201171875,103.6425018310547,3.873092651367188
38687,0.1550750732421875,0.775970458984375,0.2198944091796875,0.2778912782669067,-0.6576055884361267,0.0416190810501575,39.2630615234375,103.6532592773438,3.832046508789062
38688,0.1051483154296875,0.740264892578125,0.20806884765625,0.1626488268375397,-0.512715220451355,0.0342112332582473,39.34283447265625,103.6872406005859,3.700607299804688
38689,0.1051483154296875,0.740264892578125,0.20806884765625,0.1626488268375397,-0.512715220451355,0.0342112332582473,39.34283447265625,103.6872406005859,3.700607299804688
38690,0.06182861328125,0.74200439453125,0.1833648681640625,-0.0604031570255756,-0.5002513527870178,0.105738677084446,39.3331298828125,103.8255920410156,3.582672119140625
38691,0.0057525634765625,0.771484375,0.1802978515625,-0.0604031570255756,-0.5002513527870178,0.105738677084446,39.29925537109375,103.97119140625,3.501739501953125
38692,-0.0355682373046875,0.8350677490234375,0.236541748046875,-0.1630986481904984,-0.5240142345428467,0.1346733868122101,39.27322387695312,103.9432373046875,3.459182739257812
38693,-0.0662994384765625,0.91534423828125,0.2842254638671875,-0.2451607584953308,-0.4774099588394165,0.0951036140322685,39.42466735839844,103.8971405029297,3.490829467773438
38694,-0.08465576171875,0.9799957275390624,0.2464141845703125,-0.3221612572669983,-0.5413524508476257,0.0123711824417114,39.46589660644531,103.7718811035156,3.739334106445312
38695,-0.076263427734375,1.028350830078125,0.2035980224609375,-0.3717466592788696,-0.7239677906036377,-0.0639488920569419,39.54434204101562,103.7449035644531,3.869125366210938
38696,-0.040863037109375,1.05828857421875,0.1750946044921875,-0.3403932750225067,-0.9502400755882264,-0.0959076210856437,39.73280334472656,103.6234436035156,4.303909301757812
38697,0.0032196044921875,1.088058471679688,0.1671600341796875,-0.2688575685024261,-1.122060060501099,-0.0833468213677406,39.77169799804688,103.5261077880859,4.742263793945312
38698,0.0611114501953125,1.122283935546875,0.174896240234375,-0.2147474586963654,-1.155378818511963,-0.0496919229626655,39.76560974121094,103.4960632324219,5.004425048828125
38699,0.1341705322265625,1.154998779296875,0.168731689453125,-0.1845442801713943,-1.086028814315796,-0.0302985180169343,39.73265075683594,103.4036102294922,5.299713134765625
38700,0.220977783203125,1.163406372070312,0.125823974609375,-0.1770165860652924,-0.8216810822486877,0.0225668288767337,39.92243957519531,103.3864898681641,5.663482666015625
38701,0.220977783203125,1.163406372070312,0.125823974609375,-0.1770165860652924,-0.8216810822486877,0.0225668288767337,39.92243957519531,103.3864898681641,5.663482666015625
38702,0.2265625,1.1351318359375,0.07769775390625,-0.1994265615940094,-0.7596209049224854,0.0400403589010238,39.99606323242188,103.3748168945312,5.785537719726562
38703,0.2064666748046875,1.100372314453125,0.021759033203125,-0.194454699754715,-0.7389262914657593,0.008110923692584,40.14894104003906,103.3153839111328,6.136566162109375
38704,0.1461944580078125,1.00079345703125,-0.0513458251953125,-0.1353506296873093,-0.7774803042411804,-0.0791480839252471,40.218994140625,103.3649139404297,6.380264282226562
38705,0.0504150390625,0.9198760986328124,-0.0821075439453125,-0.0348538532853126,-0.9197530150413512,-0.1559019833803177,40.29055786132812,103.2730255126953,6.591873168945312
38706,0.015106201171875,0.9324493408203124,-0.0102081298828125,0.0321853682398796,-1.007112979888916,-0.2401292473077774,40.33528137207031,103.154541015625,6.755294799804688
38707,-0.0117950439453125,0.9503631591796876,0.0667877197265625,0.0198943465948104,-1.026116013526917,-0.2917919158935547,40.23709106445312,103.1388702392578,6.730560302734375
38708,-0.0321807861328125,0.9727935791015624,0.1171722412109375,-0.0366078130900859,-1.020900130271912,-0.2799797356128693,40.17330932617188,102.9954071044922,6.833587646484375
38709,-0.047454833984375,0.9777374267578124,0.141693115234375,-0.0947403535246849,-0.9901962876319884,-0.2160084545612335,40.2596435546875,102.8437194824219,6.925460815429688
38710,-0.0550537109375,0.9580535888671876,0.150726318359375,-0.155242845416069,-0.9475247263908386,-0.1218042001128197,40.27043151855469,102.7871704101562,6.925521850585938
38711,-0.041351318359375,0.938262939453125,0.153472900390625,-0.1654840409755707,-0.8097559809684753,-0.0334839224815368,40.2374267578125,102.5251312255859,7.22918701171875
38712,-0.025238037109375,0.901397705078125,0.138671875,-0.1169758886098862,-0.7343845367431641,-0.0192956663668155,40.18951416015625,102.6283569335938,7.44207763671875
38713,-0.0330963134765625,0.8741607666015625,0.1157684326171875,-0.1169758886098862,-0.7343845367431641,-0.0192956663668155,40.27922058105469,102.5698394775391,7.578369140625
38714,-0.04443359375,0.86407470703125,0.0936737060546875,-0.1192736625671387,-0.6865418553352356,-0.0102800680324435,40.42617797851562,102.5686798095703,7.856124877929688
38715,-0.0565643310546875,0.869232177734375,0.0805511474609375,-0.1635431200265884,-0.6553956866264343,-0.0040365532040596,40.64125061035156,102.4981536865234,8.296173095703125
38716,-0.0876617431640625,0.8924407958984375,0.1007232666015625,-0.1135686412453651,-0.6239370703697205,-0.0032402679789811,40.93327331542969,102.5040130615234,8.682144165039062
38717,-0.0876617431640625,0.8924407958984375,0.1007232666015625,-0.1135686412453651,-0.6239370703697205,-0.0032402679789811,40.93327331542969,102.5040130615234,8.682144165039062
38718,-0.103302001953125,0.8969573974609375,0.1058502197265625,-0.0469203703105449,-0.5777243375778198,0.0002948119363281,41.074462890625,102.3970031738281,8.629364013671875
38719,-0.1102142333984375,0.8984222412109375,0.13092041015625,-0.0469203703105449,-0.5777243375778198,0.0002948119363281,41.25347900390625,102.1828918457031,8.907501220703125
38720,-0.1271820068359375,0.9295196533203124,0.074188232421875,-0.3939526379108429,-0.3007651567459106,0.0464894697070121,41.48117065429688,101.9872894287109,9.33837890625
38721,-0.1271820068359375,0.9295196533203124,0.074188232421875,-0.3939526379108429,-0.3007651567459106,0.0464894697070121,41.48117065429688,101.9872894287109,9.33837890625
38722,-0.124603271484375,0.9633941650390624,0.0678253173828125,-0.3939526379108429,-0.3007651567459106,0.0464894697070121,41.54765319824219,101.8122100830078,9.581680297851562
38723,-0.1298980712890625,0.9603271484375,0.054901123046875,-0.308694452047348,-0.1374289691448212,0.0306668318808078,41.676513671875,101.8143768310547,9.814926147460938
38724,-0.14508056640625,0.961456298828125,0.0230865478515625,-0.308694452047348,-0.1374289691448212,0.0306668318808078,41.74563598632812,101.8677978515625,10.006591796875
38725,-0.14892578125,0.9775390625,0.0272674560546875,-0.1476887911558151,-0.1047138944268227,0.024334367364645,41.79313659667969,101.7325592041016,10.21478271484375
38726,-0.14422607421875,0.996002197265625,0.0304412841796875,-0.1459223181009293,0.0760423019528389,-0.0014016216155141,41.84442138671875,101.7264404296875,10.24908447265625
38727,-0.1446990966796875,1.012344360351562,0.026458740234375,-0.1716263443231583,0.1074905097484589,-0.0311323534697294,41.76760864257812,101.7521209716797,10.36949157714844
38728,-0.14337158203125,1.02142333984375,0.0266265869140625,-0.157766193151474,0.1193072199821472,-0.0528754666447639,41.71330261230469,101.7903594970703,10.44081115722656
38729,-0.1382293701171875,1.023681640625,0.026214599609375,-0.157766193151474,0.1193072199821472,-0.0528754666447639,41.6629638671875,101.6633605957031,10.37956237792969
38730,-0.126739501953125,1.0228271484375,0.0185394287109375,-0.1250007897615433,0.1287843436002731,-0.0670155212283134,41.60501098632812,101.6842193603516,10.51278686523438
38731,-0.116546630859375,1.003936767578125,0.0119476318359375,-0.0427940674126148,0.1647806912660599,-0.0917831808328628,41.57923889160156,101.6085052490234,10.67359924316406
38732,-0.1064453125,0.989044189453125,0.0175323486328125,-0.0427940674126148,0.1647806912660599,-0.0917831808328628,41.67367553710938,101.5382232666016,10.59835815429688
38733,-0.09368896484375,0.9729766845703124,0.03729248046875,-0.0101157510653138,0.1968717873096466,-0.1085387244820595,41.67405700683594,101.4309234619141,10.66790771484375
38734,-0.086883544921875,0.9738006591796876,0.0467529296875,-0.0053332461975514,0.2104059755802155,-0.1215224340558052,41.54342651367188,101.4491577148438,10.49751281738281
38735,-0.0825042724609375,0.98455810546875,0.0638580322265625,-0.0037297571543604,0.2137663513422012,-0.0939509943127632,41.41702270507812,101.3250274658203,10.52227783203125
38736,-0.0939178466796875,0.9893341064453124,0.1160125732421875,0.0141128897666931,0.293750673532486,-0.0626109167933464,41.30158996582031,101.1589202880859,10.92367553710938
38737,-0.0939178466796875,0.9893341064453124,0.1160125732421875,0.0141128897666931,0.293750673532486,-0.0626109167933464,41.30158996582031,101.1589202880859,10.92367553710938
38738,-0.0939178466796875,0.9893341064453124,0.1160125732421875,0.0141128897666931,0.293750673532486,-0.0626109167933464,41.30158996582031,101.1589202880859,10.92367553710938
38739,-0.11309814453125,0.983856201171875,0.0972747802734375,-0.0038850193377584,0.3270984888076782,-0.0869721844792366,41.2469482421875,100.9823455810547,11.05293273925781
38740,-0.146453857421875,1.00762939453125,0.07861328125,0.0090347742661833,0.3267938196659088,-0.2012321799993515,41.03466796875,101.0594635009766,10.65480041503906
38741,-0.146453857421875,1.00762939453125,0.07861328125,0.0090347742661833,0.3267938196659088,-0.2012321799993515,41.03466796875,101.0594635009766,10.65480041503906
38742,-0.1472625732421875,1.035858154296875,0.1029510498046875,0.0085311699658632,0.3361061215400696,-0.2538959085941315,40.87995910644531,101.1570129394531,10.33094787597656
38743,-0.1319732666015625,1.0599365234375,0.1404876708984375,-0.0426183007657527,0.3649031221866608,-0.2770427763462067,40.74748229980469,101.0498809814453,10.10307312011719
38744,-0.076629638671875,1.0400390625,0.1578216552734375,-0.1427787244319916,0.3589629530906677,-0.2595793604850769,40.41476440429688,101.0149078369141,9.9012451171875
38745,-0.076629638671875,1.0400390625,0.1578216552734375,-0.1427787244319916,0.3589629530906677,-0.2595793604850769,40.41476440429688,101.0149078369141,9.9012451171875
38746,-0.0386962890625,1.014816284179688,0.1440887451171875,-0.218120351433754,0.3275336623191833,-0.2242932915687561,40.23484802246094,100.999755859375,9.715805053710938
38747,0.0067138671875,0.990875244140625,0.1256866455078125,-0.2153978049755096,0.3134215772151947,-0.1931191235780716,40.1036376953125,100.8241271972656,9.694076538085938
38748,0.0841217041015625,0.97259521484375,0.0963134765625,-0.0639819130301475,0.3346405625343323,-0.0978754311800003,39.95286560058594,100.6991577148438,9.700469970703123
38749,0.0841217041015625,0.97259521484375,0.0963134765625,-0.0639819130301475,0.3346405625343323,-0.0978754311800003,39.95286560058594,100.6991577148438,9.700469970703123
38750,0.1183929443359375,0.991729736328125,0.110626220703125,0.0246920306235551,0.3651587963104248,-0.0570750050246715,39.79336547851562,100.6560363769531,9.6641845703125
38751,0.141021728515625,1.03546142578125,0.1449737548828125,0.070917047560215,0.4140376448631287,-0.0372253991663456,39.6781005859375,100.6761474609375,9.644821166992188
38752,0.1455230712890625,1.091400146484375,0.176361083984375,0.0340980477631092,0.4293380379676819,0.0021486382465809,39.65142822265625,100.7043762207031,9.623001098632812
38753,0.1287689208984375,1.149978637695312,0.1971893310546875,0.0340980477631092,0.4293380379676819,0.0021486382465809,39.63671875,100.7596130371094,9.44525146484375
38754,0.09552001953125,1.180191040039062,0.2252197265625,-0.0050959587097167,0.3750492334365845,0.0216091554611921,39.55831909179688,100.7820281982422,9.373886108398438
38755,0.070556640625,1.191726684570312,0.2557373046875,-0.0129666645079851,0.3315888643264771,0.0367819815874099,39.54316711425781,100.9272613525391,9.333572387695312
38756,0.09765625,1.207199096679688,0.2693634033203125,0.0868139937520027,0.2802233994007111,0.0126777123659849,39.38392639160156,100.8895721435547,9.2301025390625
38757,0.09765625,1.207199096679688,0.2693634033203125,0.0868139937520027,0.2802233994007111,0.0126777123659849,39.38392639160156,100.8895721435547,9.2301025390625
38758,0.1332550048828125,1.18304443359375,0.2661285400390625,0.1374968737363815,0.272493839263916,0.0154404751956462,39.35951232910156,100.9717254638672,9.125076293945312
38759,0.169158935546875,1.133865356445312,0.2463836669921875,0.1872713565826416,0.2609604895114899,0.0138377845287323,39.31919860839844,101.0481109619141,8.991561889648438
38760,0.2232666015625,1.038467407226562,0.21417236328125,0.1872713565826416,0.2609604895114899,0.0138377845287323,39.16218566894531,101.1741485595703,9.020904541015623
38761,0.2628631591796875,0.9160919189453124,0.18475341796875,0.2591114640235901,0.2658926546573639,0.0243218503892421,39.08848571777344,101.2854766845703,8.772842407226562
38762,0.2907257080078125,0.8555755615234375,0.1673431396484375,0.3182666599750519,0.3040853142738342,0.1120937839150429,39.06942749023438,101.3937530517578,8.64923095703125
38763,0.3156890869140625,0.836944580078125,0.1714630126953125,0.3182666599750519,0.3040853142738342,0.1120937839150429,39.07426452636719,101.4266204833984,8.469833374023438
38764,0.375762939453125,0.8237152099609375,0.1474761962890625,0.1999685019254684,0.3801731765270233,0.2155045866966248,39.0687255859375,101.4920349121094,8.036758422851562
38765,0.375762939453125,0.8237152099609375,0.1474761962890625,0.1999685019254684,0.3801731765270233,0.2155045866966248,39.0687255859375,101.4920349121094,8.036758422851562
38766,0.3852386474609375,0.8311920166015625,0.0952301025390625,0.0454718768596649,0.2746030688285828,0.2386610507965088,39.12298583984375,101.5154418945312,7.815521240234375
38767,0.351226806640625,0.8486175537109375,0.1075286865234375,-0.1375045925378799,0.1898421049118042,0.2549856901168823,39.15907287597656,101.66259765625,7.753036499023438
38768,0.2278289794921875,0.9353179931640624,0.0482635498046875,-0.3278346061706543,-0.1324019879102707,0.3049873411655426,39.28298950195312,101.8528442382812,7.662109375
38769,0.2278289794921875,0.9353179931640624,0.0482635498046875,-0.3278346061706543,-0.1324019879102707,0.3049873411655426,39.28298950195312,101.8528442382812,7.662109375
38770,0.182159423828125,0.940155029296875,0.084197998046875,-0.3126633763313293,-0.107988253235817,0.3011020421981812,39.39614868164062,101.9822540283203,7.625411987304688
38771,0.1582489013671875,0.94976806640625,0.1069183349609375,-0.3126633763313293,-0.107988253235817,0.3011020421981812,39.52688598632812,102.0052642822266,7.702163696289062
38772,0.1472930908203125,1.009017944335938,0.1037139892578125,-0.2289194613695145,-0.1023585945367813,0.2816657721996307,39.68707275390625,102.2152252197266,7.564453125
38773,0.1472930908203125,1.009017944335938,0.1037139892578125,-0.2289194613695145,-0.1023585945367813,0.2816657721996307,39.68707275390625,102.2152252197266,7.564453125
38774,0.14398193359375,1.037918090820312,0.1108856201171875,-0.2182194143533707,-0.1918903440237045,0.260614275932312,39.90634155273438,102.2101135253906,7.718460083007812
38775,0.134735107421875,1.04742431640625,0.1143035888671875,-0.2234839498996735,-0.2236176431179047,0.2449884414672852,39.9923095703125,102.2972412109375,8.012344360351562
38776,0.1228179931640625,1.038543701171875,0.099700927734375,-0.2234839498996735,-0.2236176431179047,0.2449884414672852,40.2540283203125,102.3558654785156,8.161117553710938
38777,0.112945556640625,1.015228271484375,0.0659942626953125,-0.1900293231010437,-0.3001494407653809,0.2064056396484375,40.34890747070312,102.5002593994141,8.202072143554688
38778,0.1070556640625,0.98583984375,0.03106689453125,-0.1507815271615982,-0.3247908651828766,0.198394313454628,40.55282592773438,102.4900207519531,8.424942016601562
38779,0.1017303466796875,0.9552154541015624,0.0056915283203125,-0.1507815271615982,-0.3247908651828766,0.198394313454628,40.65048217773438,102.5603790283203,8.642364501953125
38780,0.1011199951171875,0.9012603759765624,0.000885009765625,-0.0627230331301689,-0.3165963292121887,0.1908373236656189,40.87899780273438,102.7704467773438,8.850128173828125
38781,0.1011199951171875,0.9012603759765624,0.000885009765625,-0.0627230331301689,-0.3165963292121887,0.1908373236656189,40.87899780273438,102.7704467773438,8.850128173828125
38782,0.1008453369140625,0.89715576171875,0.0022735595703125,-0.0583445318043232,-0.2950377762317657,0.18182173371315,41.1036376953125,102.7860565185547,8.948150634765625
38783,0.10137939453125,0.895172119140625,0.0089111328125,-0.1031386330723763,-0.2514945566654205,0.1313958466053009,41.28007507324219,102.9338531494141,9.183380126953123
38784,0.1039276123046875,0.88671875,0.00445556640625,-0.1219530701637268,-0.2502934634685516,0.0940711051225662,41.3839111328125,103.2571258544922,9.431182861328123
38785,0.1039276123046875,0.88671875,0.00445556640625,-0.1219530701637268,-0.2502934634685516,0.0940711051225662,41.3839111328125,103.2571258544922,9.431182861328123
38786,0.098876953125,0.8961029052734375,0.003662109375,-0.138618603348732,-0.245913103222847,0.0655087009072303,41.50595092773438,103.4289093017578,9.635040283203123
38787,0.1170196533203125,0.919677734375,-0.0048980712890625,-0.1341002732515335,-0.2273372858762741,0.0391753651201725,41.61631774902344,103.4548492431641,9.775497436523438
38788,0.1526947021484375,0.9487152099609376,-0.0741729736328125,-0.2769336104393005,-0.1093616411089897,0.0065596322529017,41.72346496582031,103.6031188964844,10.1258544921875
38789,0.1526947021484375,0.9487152099609376,-0.0741729736328125,-0.2769336104393005,-0.1093616411089897,0.0065596322529017,41.72346496582031,103.6031188964844,10.1258544921875
38790,0.1757659912109375,0.949676513671875,-0.08953857421875,-0.2393593192100525,-0.1505974978208542,-0.0255540963262319,41.80793762207031,103.5406799316406,10.18943786621094
38791,0.1735992431640625,0.9532623291015624,-0.0862274169921875,-0.0993657335638999,-0.225234717130661,-0.0279445499181747,41.95428466796875,103.5030975341797,10.30905151367188
38792,0.23126220703125,1.000381469726562,-0.086578369140625,0.1492981463670731,-0.4228002429008484,-0.0034943337086588,42.10444641113281,103.5072631835938,10.39964294433594
38793,0.23126220703125,1.000381469726562,-0.086578369140625,0.1492981463670731,-0.4228002429008484,-0.0034943337086588,42.10444641113281,103.5072631835938,10.39964294433594
38794,0.241455078125,1.002182006835938,-0.0600433349609375,0.1492981463670731,-0.4228002429008484,-0.0034943337086588,42.11970520019531,103.5564575195312,10.39988708496094
38795,0.229949951171875,1.012313842773438,-0.0538787841796875,0.242902398109436,-0.43791663646698,0.0088392980396747,42.21157836914062,103.5418395996094,10.44598388671875
38796,0.210723876953125,1.063140869140625,-0.08453369140625,0.3003869950771332,-0.5215151309967041,0.0101801995187997,42.30189514160156,103.5804290771484,10.47573852539062
38797,0.210723876953125,1.063140869140625,-0.08453369140625,0.3003869950771332,-0.5215151309967041,0.0101801995187997,42.30189514160156,103.5804290771484,10.47573852539062
38798,0.199951171875,1.060379028320312,-0.0619659423828125,0.2900363504886627,-0.5650748610496521,0.0102675510570406,42.30850219726562,103.6597137451172,10.54042053222656
38799,0.1842498779296875,1.048324584960938,-0.0361175537109375,0.3196626901626587,-0.6183289885520935,-0.0034815503749996,42.37672424316406,103.6553497314453,10.43843078613281
38800,0.1866302490234375,1.022628784179688,0.0166168212890625,0.3743347227573395,-0.7503781318664551,-0.0807323977351188,42.52912902832031,103.6452941894531,10.28907775878906
38801,0.1866302490234375,1.022628784179688,0.0166168212890625,0.3743347227573395,-0.7503781318664551,-0.0807323977351188,42.52912902832031,103.6452941894531,10.28907775878906
38802,0.2017059326171875,1.021240234375,0.032073974609375,0.3831641674041748,-0.8365162014961243,-0.1211751624941826,42.60285949707031,103.8064727783203,10.09101867675781
38803,0.2169342041015625,1.0262451171875,0.07403564453125,0.4205206036567688,-1.000330924987793,-0.1393815875053406,42.6160888671875,103.8896331787109,10.07981872558594
38804,0.271026611328125,1.085128784179688,0.172760009765625,0.4204020798206329,-1.089839577674866,-0.1151494905352592,42.7486572265625,103.947021484375,10.22378540039062
38805,0.271026611328125,1.085128784179688,0.172760009765625,0.4204020798206329,-1.089839577674866,-0.1151494905352592,42.7486572265625,103.947021484375,10.22378540039062
38806,0.303558349609375,1.1395263671875,0.252593994140625,0.3948354721069336,-1.240612506866455,-0.0848544389009475,42.82292175292969,103.9638519287109,10.22471618652344
38807,0.3379669189453125,1.197280883789062,0.374755859375,0.3693996071815491,-1.404016137123108,-0.0524022206664085,43.06547546386719,103.9125518798828,10.19810485839844
38808,0.3678741455078125,1.236953735351562,0.5157470703125,0.1955471336841583,-1.666871666908264,0.0210624076426029,43.21614074707031,103.8529205322266,10.25213623046875
38809,0.3678741455078125,1.236953735351562,0.5157470703125,0.1955471336841583,-1.666871666908264,0.0210624076426029,43.21614074707031,103.8529205322266,10.25213623046875
38810,0.3256072998046875,1.221237182617188,0.548126220703125,0.048801627010107,-1.679699897766113,0.0506591834127903,43.38507080078125,103.9636077880859,10.15287780761719
38811,0.257354736328125,1.174545288085938,0.5169219970703125,-0.0402384996414184,-1.586293816566467,0.0352205708622932,43.58355712890625,104.0117034912109,10.13575744628906
38812,0.141082763671875,1.036468505859375,0.3737640380859375,-0.0479909628629684,-1.473995685577393,-0.0687431097030639,44.16642761230469,103.9570922851562,10.67111206054688
38813,0.141082763671875,1.036468505859375,0.3737640380859375,-0.0479909628629684,-1.473995685577393,-0.0687431097030639,44.16642761230469,103.9570922851562,10.67111206054688
38814,0.134246826171875,0.9632568359375,0.3232421875,-0.0613019727170467,-1.417003273963928,-0.122667595744133,44.28160095214844,103.8328399658203,10.86241149902344
38815,0.12860107421875,0.9161529541015624,0.29461669921875,-0.0866904184222221,-1.314017772674561,-0.1663863211870193,44.42031860351562,103.6641998291016,11.085205078125
38816,0.0622406005859375,0.843597412109375,0.2415008544921875,-0.0349840819835662,-1.084615468978882,-0.1257217079401016,44.62820434570312,103.5938415527344,11.36892700195312
38817,0.0622406005859375,0.843597412109375,0.2415008544921875,-0.0349840819835662,-1.084615468978882,-0.1257217079401016,44.62820434570312,103.5938415527344,11.36892700195312
38818,0.0184783935546875,0.816741943359375,0.224609375,-0.051961999386549,-1.129190683364868,-0.0837340429425239,44.81672668457031,103.6190795898438,11.44059753417969
38819,-0.0253143310546875,0.80621337890625,0.240203857421875,-0.051961999386549,-1.129190683364868,-0.0837340429425239,44.86836242675781,103.5440673828125,11.62028503417969
38820,-0.1219024658203125,0.8550872802734375,0.31005859375,-0.1715334057807922,-0.9232409596443176,-0.1008560433983803,45.12333679199219,103.2173004150391,11.84187316894531
38821,-0.1681671142578125,0.9164581298828124,0.3209991455078125,-0.1715334057807922,-0.9232409596443176,-0.1008560433983803,45.30062866210938,103.1088104248047,11.91592407226562
38822,-0.1681671142578125,0.9164581298828124,0.3209991455078125,-0.1715334057807922,-0.9232409596443176,-0.1008560433983803,45.30062866210938,103.1088104248047,11.91592407226562
38823,-0.2053070068359375,0.9795074462890624,0.258087158203125,-0.3850699067115784,-1.183030724525452,-0.2771503925323486,45.52517700195312,103.0444641113281,12.06614685058594
38824,-0.175628662109375,1.043350219726562,0.1251068115234375,-0.422118753194809,-1.495237112045288,-0.2953488230705261,45.61515808105469,102.8221740722656,12.35693359375
38825,-0.175628662109375,1.043350219726562,0.1251068115234375,-0.422118753194809,-1.495237112045288,-0.2953488230705261,45.61515808105469,102.8221740722656,12.35693359375
38826,-0.0878143310546875,1.085174560546875,0.12579345703125,-0.3939065635204315,-1.677022933959961,-0.3222835063934326,45.65205383300781,102.6444396972656,12.55311584472656
38827,-0.013031005859375,1.11724853515625,0.1346588134765625,-0.310415655374527,-1.607344508171082,-0.3347622752189636,45.70323181152344,102.5361938476562,12.82115173339844
38828,0.066436767578125,1.116561889648438,0.069305419921875,-0.1210372075438499,-1.167904257774353,-0.2780795693397522,45.95907592773438,102.3623046875,13.50390625
38829,0.066436767578125,1.116561889648438,0.069305419921875,-0.1210372075438499,-1.167904257774353,-0.2780795693397522,45.95907592773438,102.3623046875,13.50390625
38830,0.0580291748046875,1.018707275390625,0.0336761474609375,0.0513713099062442,-0.9975921511650084,-0.213486984372139,46.09507751464844,102.2510528564453,13.67796325683594
38831,0.06817626953125,1.000457763671875,0.04376220703125,0.0513713099062442,-0.9975921511650084,-0.213486984372139,46.21327209472656,102.1399078369141,14.00985717773438
38832,0.034515380859375,1.157089233398438,0.0846710205078125,0.3346043527126312,-1.769696116447449,0.2691454589366913,46.39500427246094,102.2331848144531,14.21522521972656
38833,0.154144287109375,1.1822509765625,0.1043853759765625,0.3346043527126312,-1.769696116447449,0.2691454589366913,46.51295471191406,102.2818603515625,14.15965270996094
38834,0.154144287109375,1.1822509765625,0.1043853759765625,0.3346043527126312,-1.769696116447449,0.2691454589366913,46.51295471191406,102.2818603515625,14.15965270996094
38835,0.1007080078125,1.115707397460938,0.127716064453125,0.1499450206756592,-1.762202501296997,0.386176735162735,46.78697204589844,102.1524658203125,14.1744384765625
38836,0.1988677978515625,0.874542236328125,0.2901153564453125,-0.2080517411231995,-0.770635724067688,-0.0866731107234954,47.95182800292969,102.1044311523438,14.25689697265625
38837,0.1988677978515625,0.874542236328125,0.2901153564453125,-0.2080517411231995,-0.770635724067688,-0.0866731107234954,47.95182800292969,102.1044311523438,14.25689697265625
38838,0.1988677978515625,0.874542236328125,0.2901153564453125,-0.2080517411231995,-0.770635724067688,-0.0866731107234954,47.95182800292969,102.1044311523438,14.25689697265625
38839,0.1994476318359375,0.8788604736328125,0.124298095703125,-0.2080517411231995,-0.770635724067688,-0.0866731107234954,48.39981079101562,102.0483093261719,14.5284423828125
38840,0.150115966796875,0.977813720703125,0.1034698486328125,-0.5986045598983765,-1.274734020233154,0.3126700222492218,48.89002990722656,101.9533081054688,15.26704406738281
38841,0.150115966796875,0.977813720703125,0.1034698486328125,-0.5986045598983765,-1.274734020233154,0.3126700222492218,48.89002990722656,101.9533081054688,15.26704406738281
38842,0.13818359375,0.886474609375,0.159942626953125,-0.5986045598983765,-1.274734020233154,0.3126700222492218,49.07133483886719,102.0438690185547,15.21128845214844
38843,0.1679840087890625,0.8642578125,0.1710357666015625,-0.6892380714416504,-1.027515769004822,0.3530214428901672,49.30915832519531,102.0663604736328,15.23521423339844
38844,-0.1140899658203125,0.599853515625,0.200408935546875,-0.653172492980957,-0.6768596768379211,0.3158221542835236,49.63150024414062,101.8035125732422,15.56715393066406
38845,-0.126739501953125,0.7003631591796875,0.043548583984375,-0.5362570285797119,-0.258447527885437,0.1520878076553345,49.97877502441406,101.7699127197266,15.93659973144531
38846,-0.197265625,1.054611206054688,-0.00372314453125,-0.5362570285797119,-0.258447527885437,0.1520878076553345,50.25691223144531,101.6188507080078,16.2677001953125
38847,-0.22552490234375,0.872100830078125,0.0069122314453125,-0.3127895891666412,-0.4106397330760956,-0.0112992599606514,50.43745422363281,101.5500335693359,16.62257385253906
38848,-0.0876007080078125,1.003921508789062,0.039947509765625,-0.1880023926496506,-0.5113040208816528,0.0002034655044553,50.67584228515625,101.3150482177734,17.146728515625
38849,-0.0876007080078125,1.003921508789062,0.039947509765625,-0.1880023926496506,-0.5113040208816528,0.0002034655044553,50.67584228515625,101.3150482177734,17.146728515625
38850,-0.07427978515625,1.011337280273438,0.0522308349609375,-0.2281721830368042,-0.4468171894550323,0.051940694451332,50.79478454589844,101.1707458496094,17.20779418945312
38851,-0.0852203369140625,0.9364166259765624,0.0535430908203125,-0.201490506529808,-0.3502006232738495,0.0735799446702003,50.88362121582031,101.03369140625,17.32313537597656
38852,-0.1546478271484375,0.9515838623046876,0.033477783203125,-0.250227689743042,-0.0736377388238906,0.164135679602623,51.19320678710938,100.8430786132812,17.583740234375
38853,-0.1546478271484375,0.9515838623046876,0.033477783203125,-0.250227689743042,-0.0736377388238906,0.164135679602623,51.19320678710938,100.8430786132812,17.583740234375
38854,-0.1546478271484375,0.9515838623046876,0.033477783203125,-0.250227689743042,-0.0736377388238906,0.164135679602623,51.19320678710938,100.8430786132812,17.583740234375
38855,-0.15081787109375,0.9842987060546876,0.04791259765625,-0.2937259078025818,0.1004821360111237,0.1330198347568512,51.30418395996094,100.8523101806641,17.68553161621094
38856,-0.1362152099609375,1.062667846679688,0.0164337158203125,-0.2088765203952789,0.2631461322307587,0.1781100779771805,51.44880676269531,100.7995910644531,18.00401306152344
38857,-0.1362152099609375,1.062667846679688,0.0164337158203125,-0.2088765203952789,0.2631461322307587,0.1781100779771805,51.44880676269531,100.7995910644531,18.00401306152344
38858,-0.14068603515625,1.069229125976562,0.016632080078125,-0.1361900568008423,0.2232493311166763,0.2361893653869629,51.562255859375,100.7411041259766,17.97207641601562
38859,-0.125823974609375,1.07794189453125,0.0335235595703125,-0.0942348912358284,0.1663189381361008,0.2983845472335815,51.5792236328125,100.5942840576172,17.97250366210938
38860,-0.147674560546875,0.977294921875,0.09552001953125,0.047210656106472,0.0958045572042465,0.2118059992790222,51.82473754882812,100.2920379638672,18.35971069335938
38861,-0.147674560546875,0.977294921875,0.09552001953125,0.047210656106472,0.0958045572042465,0.2118059992790222,51.82473754882812,100.2920379638672,18.35971069335938
38862,-0.147674560546875,0.977294921875,0.09552001953125,0.047210656106472,0.0958045572042465,0.2118059992790222,51.82473754882812,100.2920379638672,18.35971069335938
38863,-0.143890380859375,0.9761810302734376,0.1100616455078125,0.0504498593509197,0.0941752344369888,0.1983479708433151,51.97113037109375,100.2283477783203,18.37338256835938
38864,-0.1058807373046875,0.9952239990234376,0.1298370361328125,0.0570188127458095,0.3330088555812836,0.0922518968582153,52.02223205566406,100.3769683837891,18.18765258789062
38865,-0.1058807373046875,0.9952239990234376,0.1298370361328125,0.0570188127458095,0.3330088555812836,0.0922518968582153,52.02223205566406,100.3769683837891,18.18765258789062
38866,-0.110565185546875,0.9868011474609376,0.0971527099609375,0.139776811003685,0.5087907910346985,0.0226248856633901,51.92924499511719,100.4368133544922,18.1317138671875
38867,-0.138397216796875,1.00238037109375,0.05230712890625,0.2431892156600952,0.5571380853652954,-0.0323100015521049,51.86595153808594,100.4894104003906,17.96359252929688
38868,-0.1401519775390625,1.035919189453125,0.0358734130859375,0.365105539560318,0.348183810710907,-0.027948809787631,51.6981201171875,100.5932769775391,17.52301025390625
38869,-0.1401519775390625,1.035919189453125,0.0358734130859375,0.365105539560318,0.348183810710907,-0.027948809787631,51.6981201171875,100.5932769775391,17.52301025390625
38870,-0.1377105712890625,1.041961669921875,0.056915283203125,0.3387796580791473,0.1373839527368546,0.0359931550920009,51.65455627441406,100.6179809570312,17.34144592285156
38871,-0.1233673095703125,1.015579223632812,0.100860595703125,0.2632119357585907,-0.0668418779969215,0.0646932423114776,51.56007385253906,100.7222900390625,17.35615539550781
38872,-0.0957794189453125,1.003952026367188,0.206329345703125,0.1115180030465126,0.0912337750196456,0.0551782995462417,51.73722839355469,100.9107513427734,17.28776550292969
38873,-0.0957794189453125,1.003952026367188,0.206329345703125,0.1115180030465126,0.0912337750196456,0.0551782995462417,51.73722839355469,100.9107513427734,17.28776550292969
38874,-0.089691162109375,1.00836181640625,0.17791748046875,0.1851059347391129,0.2232021987438202,-0.0095306541770696,51.73861694335938,100.9145965576172,17.32891845703125
38875,-0.060516357421875,1.012191772460938,0.1911773681640625,0.38072869181633,0.3130942583084106,-0.0808836668729782,51.79341125488281,100.9051513671875,17.25042724609375
38876,-0.0175018310546875,1.128692626953125,0.2489013671875,0.520923376083374,0.6820105314254761,-0.0078826900571584,51.63526916503906,101.0739440917969,16.87002563476562
38877,-0.0175018310546875,1.128692626953125,0.2489013671875,0.520923376083374,0.6820105314254761,-0.0078826900571584,51.63526916503906,101.0739440917969,16.87002563476562
38878,0.0300445556640625,1.15875244140625,0.196441650390625,0.4120067358016968,0.8345486521720886,0.1679767519235611,51.35060119628906,101.1662292480469,16.61204528808594
38879,0.0477142333984375,1.1572265625,0.216552734375,0.3032229840755463,0.9656020402908324,0.2934300303459167,51.2022705078125,101.4087829589844,16.40829467773438
38880,0.04541015625,1.089187622070312,0.271636962890625,0.2476228475570679,1.711357474327087,0.1941431164741516,50.90145874023438,102.0648498535156,15.90365600585938
38881,0.04541015625,1.089187622070312,0.271636962890625,0.2476228475570679,1.711357474327087,0.1941431164741516,50.90145874023438,102.0648498535156,15.90365600585938
38882,0.016571044921875,1.074935913085938,0.191131591796875,0.231959193944931,2.021136522293091,0.0992781147360801,50.64823913574219,102.3848876953125,15.86051940917969
38883,-0.029693603515625,1.090042114257812,0.11944580078125,0.1908117681741714,2.063512802124023,0.041148766875267,50.416015625,102.5754852294922,15.67268371582031
38884,0.0382080078125,1.15631103515625,0.037628173828125,0.1341748535633087,1.581952810287476,-0.0429424084722995,49.57838439941406,102.8817749023438,15.13925170898438
38885,0.0382080078125,1.15631103515625,0.037628173828125,0.1341748535633087,1.581952810287476,-0.0429424084722995,49.57838439941406,102.8817749023438,15.13925170898438
38886,0.0867462158203125,1.198089599609375,0.0765533447265625,0.132230207324028,1.165210962295532,-0.0217348560690879,49.30622863769531,102.8800201416016,14.81578063964844
38887,0.124053955078125,1.163101196289062,0.1355133056640625,0.1050758212804794,0.8422329425811768,-0.0132747925817966,48.96632385253906,102.8277435302734,14.66668701171875
38888,0.20672607421875,0.9815673828125,0.249847412109375,0.0141067644581198,0.6794248819351196,0.1338701844215393,48.40736389160156,102.8919219970703,13.78097534179688
38889,0.20672607421875,0.9815673828125,0.249847412109375,0.0141067644581198,0.6794248819351196,0.1338701844215393,48.40736389160156,102.8919219970703,13.78097534179688
38890,0.20672607421875,0.9815673828125,0.249847412109375,0.0141067644581198,0.6794248819351196,0.1338701844215393,48.40736389160156,102.8919219970703,13.78097534179688
38891,0.2363128662109375,0.9131317138671876,0.280517578125,-0.0109096392989158,0.7503882646560669,0.1623644083738327,48.35513305664062,102.733642578125,13.67166137695312
38892,0.0887908935546875,0.78826904296875,0.19305419921875,0.1208089739084244,0.4881545007228851,0.092164546251297,48.25054931640625,102.2086639404297,13.480712890625
38893,0.0887908935546875,0.78826904296875,0.19305419921875,0.1208089739084244,0.4881545007228851,0.092164546251297,48.25054931640625,102.2086639404297,13.480712890625
38894,0.0705718994140625,0.873291015625,0.3633270263671875,0.3945308029651642,0.5164929032325745,0.2003365606069565,48.2838134765625,101.5528869628906,13.33543395996094
38895,0.0477447509765625,0.8287506103515625,0.1304931640625,0.4536638855934143,0.3700262606143951,0.3962344229221344,48.35307312011719,101.0144805908203,12.98490905761719
38896,0.070831298828125,0.7984466552734375,0.15234375,0.5845968723297119,0.1081248745322227,0.4959993660449982,48.41459655761719,100.7178039550781,12.080078125
38897,0.070831298828125,0.7984466552734375,0.15234375,0.5845968723297119,0.1081248745322227,0.4959993660449982,48.41459655761719,100.7178039550781,12.080078125
38898,0.069976806640625,0.7895660400390625,0.143157958984375,0.5406837463378906,-0.1127941906452179,0.4588663876056671,48.51605224609375,100.7386627197266,11.67390441894531
38899,0.0996856689453125,0.7415008544921875,0.12396240234375,0.4605803787708282,-0.5540381669998169,0.2953112721443176,48.60391235351562,100.8810119628906,11.35858154296875
38900,0.3835906982421875,0.7366485595703125,0.2537689208984375,0.0026740799658,-1.415854930877686,-0.1073344424366951,49.00675964355469,100.8318176269531,10.91276550292969
38901,0.3835906982421875,0.7366485595703125,0.2537689208984375,0.0026740799658,-1.415854930877686,-0.1073344424366951,49.00675964355469,100.8318176269531,10.91276550292969
38902,0.5425872802734375,0.837890625,0.4969482421875,-0.2550799548625946,-1.352484703063965,-0.2660495340824127,49.21371459960938,100.75830078125,11.03683471679688
38903,0.6009368896484375,0.85546875,0.652191162109375,-0.3386528789997101,-0.799411416053772,-0.2707726359367371,49.429931640625,100.7221832275391,11.41244506835938
38904,0.6280975341796875,1.035247802734375,0.58880615234375,0.0832956880331039,-0.0737597048282623,-0.1287236213684082,49.55732727050781,100.4108734130859,12.07723999023438
38905,0.6280975341796875,1.035247802734375,0.58880615234375,0.0832956880331039,-0.0737597048282623,-0.1287236213684082,49.55732727050781,100.4108734130859,12.07723999023438
38906,0.60748291015625,1.06207275390625,0.592071533203125,0.2818109095096588,0.2172284573316574,0.0052283178083598,49.518310546875,100.2971801757812,12.32962036132812
38907,0.606170654296875,1.055465698242188,0.48968505859375,0.3411466777324677,0.749194860458374,0.1870708167552948,49.43721008300781,100.3594818115234,12.36068725585938
38908,0.4563751220703125,0.992950439453125,0.2829437255859375,0.2585340738296509,2.747730731964111,0.7614363431930542,49.17219543457031,100.8119506835938,12.26690673828125
38909,0.4563751220703125,0.992950439453125,0.2829437255859375,0.2585340738296509,2.747730731964111,0.7614363431930542,49.17219543457031,100.8119506835938,12.26690673828125
38910,0.45703125,0.9320068359375,0.1314544677734375,0.2585340738296509,2.747730731964111,0.7614363431930542,49.09959411621094,101.2606048583984,12.07278442382812
38911,0.4988861083984375,0.8964691162109375,0.0144500732421875,-0.2374200075864792,3.534690618515015,0.7267284393310547,48.99832153320312,101.4339904785156,12.10768127441406
38912,0.3389892578125,0.8315887451171875,-0.4462890625,-0.3209995925426483,2.641391038894653,0.4624861478805542,48.68992614746094,101.0685424804688,11.54632568359375
38913,0.3389892578125,0.8315887451171875,-0.4462890625,-0.3209995925426483,2.641391038894653,0.4624861478805542,48.68992614746094,101.0685424804688,11.54632568359375
38914,0.1638641357421875,0.801055908203125,-0.479705810546875,-0.3209995925426483,2.641391038894653,0.4624861478805542,48.40609741210938,100.8912200927734,11.32249450683594
38915,0.0531768798828125,0.860137939453125,-0.3377227783203125,0.0738702267408371,1.864933371543884,0.4530644118785858,48.16358947753906,100.8080749511719,11.168212890625
38916,0.09619140625,1.037033081054688,-0.149871826171875,0.5597591996192932,1.418761491775513,0.3097320199012756,48.01370239257812,100.8534851074219,10.83656311035156
38917,0.09619140625,1.037033081054688,-0.149871826171875,0.5597591996192932,1.418761491775513,0.3097320199012756,48.01370239257812,100.8534851074219,10.83656311035156
38918,0.1154632568359375,1.095932006835938,-0.1726837158203125,0.1415928155183792,0.6301547884941101,0.0018024274613708,47.95504760742188,100.8985443115234,10.36546325683594
38919,0.075042724609375,1.067138671875,-0.1279754638671875,0.1415928155183792,0.6301547884941101,0.0018024274613708,47.94233703613281,100.9693298339844,9.84527587890625
38920,0.121063232421875,0.967864990234375,-0.0431365966796875,0.0263466518372297,-0.1345468908548355,-0.0028218855150043,47.83465576171875,100.8716278076172,9.6617431640625
38921,0.121063232421875,0.967864990234375,-0.0431365966796875,0.0263466518372297,-0.1345468908548355,-0.0028218855150043,47.83465576171875,100.8716278076172,9.6617431640625
38922,0.1684722900390625,0.927642822265625,0.017303466796875,0.0263466518372297,-0.1345468908548355,-0.0028218855150043,47.84104919433594,100.8934783935547,9.624282836914062
38923,0.1872711181640625,0.9125213623046876,0.0515289306640625,0.1496973484754562,-0.0622391402721405,-0.0705141127109527,47.84858703613281,100.9067230224609,9.81793212890625
38924,0.1383514404296875,0.880828857421875,0.215423583984375,0.3215905427932739,0.2199946790933609,-0.1678790152072906,47.74717712402344,100.9397888183594,9.8787841796875
38925,0.1383514404296875,0.880828857421875,0.215423583984375,0.3215905427932739,0.2199946790933609,-0.1678790152072906,47.74717712402344,100.9397888183594,9.8787841796875
38926,0.1356964111328125,0.869140625,0.2257080078125,0.2932891249656677,0.3195063471794128,-0.197291761636734,47.55421447753906,101.0171508789062,10.00473022460938
38927,0.1643524169921875,0.845947265625,0.2155303955078125,0.1742631494998932,0.3066350221633911,-0.232312873005867,47.44206237792969,100.9281768798828,10.132080078125
38928,0.2831573486328125,0.8119049072265625,0.2442626953125,-0.3157864511013031,-0.030967503786087,-0.4467071890830994,46.97686767578125,101.2529144287109,9.951202392578123
38929,0.2831573486328125,0.8119049072265625,0.2442626953125,-0.3157864511013031,-0.030967503786087,-0.4467071890830994,46.97686767578125,101.2529144287109,9.951202392578123
38930,0.3063812255859375,0.9203948974609376,0.34454345703125,-0.191444531083107,0.6106471419334412,-0.4540780186653137,46.81045532226562,101.2480163574219,10.04811096191406
38931,0.272552490234375,0.93267822265625,0.3100128173828125,0.0220025032758712,1.093084931373596,-0.2854056358337402,46.553955078125,101.2592620849609,10.42410278320312
38932,0.137054443359375,1.005096435546875,-0.118682861328125,0.0289618764072656,1.57234251499176,-0.1348443627357483,46.07553100585938,100.8445281982422,10.61412048339844
38933,0.137054443359375,1.005096435546875,-0.118682861328125,0.0289618764072656,1.57234251499176,-0.1348443627357483,46.07553100585938,100.8445281982422,10.61412048339844
38934,0.048980712890625,0.98980712890625,-0.39794921875,0.0060624200850725,1.32352602481842,-0.0464806817471981,45.72840881347656,100.7357940673828,10.56343078613281
38935,0.0972900390625,0.9908447265625,-0.3935089111328125,0.1929289698600769,0.5942369699478149,-0.0390478000044822,45.48567199707031,100.7815551757812,10.38050842285156
38936,0.1850128173828125,0.9728546142578124,-0.1044464111328125,0.3678517937660217,0.3125733435153961,-0.0236147809773683,45.068359375,100.7967071533203,9.700592041015623
38937,0.1850128173828125,0.9728546142578124,-0.1044464111328125,0.3678517937660217,0.3125733435153961,-0.0236147809773683,45.068359375,100.7967071533203,9.700592041015623
38938,0.19610595703125,0.98321533203125,-0.039703369140625,0.3510112762451172,0.295286238193512,-0.016219450160861,44.90766906738281,100.8059692382812,9.7255859375
38939,0.19610595703125,0.98321533203125,-0.039703369140625,0.3510112762451172,0.295286238193512,-0.016219450160861,44.90766906738281,100.8059692382812,9.7255859375
38940,0.1948394775390625,0.9713287353515624,0.00140380859375,0.1590820550918579,0.399626225233078,0.0345531851053237,44.8233642578125,100.8792266845703,9.525238037109377
38941,0.1948394775390625,0.9713287353515624,0.00140380859375,0.1590820550918579,0.399626225233078,0.0345531851053237,44.8233642578125,100.8792266845703,9.525238037109377
38942,0.2017822265625,0.96551513671875,0.010589599609375,0.1590820550918579,0.399626225233078,0.0345531851053237,44.75833129882812,100.9808197021484,9.047073364257812
38943,0.2107391357421875,0.9355926513671876,0.0498809814453125,0.1468712091445923,0.4976665079593658,0.0794018805027008,44.7142333984375,101.0815277099609,8.763992309570312
38944,0.2132110595703125,0.93670654296875,0.054962158203125,0.2076642513275146,0.8652544021606445,0.1932594776153564,44.65696716308594,100.9353485107422,8.504531860351562
38945,0.2132110595703125,0.93670654296875,0.054962158203125,0.2076642513275146,0.8652544021606445,0.1932594776153564,44.65696716308594,100.9353485107422,8.504531860351562
38946,0.1365814208984375,0.941680908203125,-0.027801513671875,0.1436146944761276,0.9183439612388612,0.2756414413452148,44.59037780761719,101.1459808349609,8.37652587890625
38947,0.0181121826171875,0.975250244140625,-0.1802978515625,0.0367857106029987,0.6530358791351318,0.4145471155643463,44.57220458984375,101.146728515625,8.252609252929688
38948,0.049102783203125,1.1376953125,-0.0639495849609375,-0.0608883835375309,0.2901210486888885,0.3651838302612305,44.76103210449219,101.2527313232422,7.906158447265625
38949,0.049102783203125,1.1376953125,-0.0639495849609375,-0.0608883835375309,0.2901210486888885,0.3651838302612305,44.76103210449219,101.2527313232422,7.906158447265625
38950,0.1197967529296875,1.123916625976562,-0.061767578125,0.0046227150596678,0.4269294738769531,0.2111069113016129,44.86431884765625,101.3991088867188,7.697311401367188
38951,0.1489105224609375,1.113113403320312,-0.1319122314453125,0.0504892729222774,0.5018261075019836,0.0588699728250503,45.03033447265625,101.5590515136719,7.60174560546875
38952,0.1329193115234375,1.174697875976562,-0.171539306640625,0.1384926289319992,0.2776973843574524,-0.0723961666226387,45.04389953613281,101.7134857177734,7.406784057617188
38953,0.1329193115234375,1.174697875976562,-0.171539306640625,0.1384926289319992,0.2776973843574524,-0.0723961666226387,45.04389953613281,101.7134857177734,7.406784057617188
38954,0.128173828125,1.20648193359375,-0.1932373046875,0.2112869471311569,-0.045306496322155,-0.1648382246494293,45.03807067871094,101.6553344726562,7.244827270507812
38955,0.1189727783203125,1.250030517578125,-0.216522216796875,0.2112869471311569,-0.045306496322155,-0.1648382246494293,45.04774475097656,101.6208648681641,7.002944946289062
38956,0.1139984130859375,1.316360473632812,-0.028594970703125,0.3432071506977081,-0.2760049402713776,-0.214532807469368,44.97036743164062,101.5076293945312,6.607192993164062
38957,0.1139984130859375,1.316360473632812,-0.028594970703125,0.3432071506977081,-0.2760049402713776,-0.214532807469368,44.97036743164062,101.5076293945312,6.607192993164062
38958,0.148040771484375,1.331939697265625,0.0667877197265625,0.3432071506977081,-0.2760049402713776,-0.214532807469368,44.94619750976562,101.5002136230469,6.447738647460938
38959,0.187652587890625,1.299545288085938,0.1231536865234375,0.3081562221050262,-0.2789019346237183,-0.1647932082414627,44.93534851074219,101.4193115234375,6.369796752929688
38960,0.21875,1.24383544921875,0.2273101806640625,0.089488074183464,-0.3103951513767242,-9.720538218971342e-05,44.73908996582031,101.6567687988281,5.548995971679688
38961,0.21875,1.24383544921875,0.2273101806640625,0.089488074183464,-0.3103951513767242,-9.720538218971342e-05,44.73908996582031,101.6567687988281,5.548995971679688
38962,0.2475433349609375,1.246002197265625,0.2581634521484375,0.0528520308434963,-0.3018115162849426,0.0392326228320598,44.69874572753906,101.6718902587891,5.325820922851562
38963,0.251617431640625,1.244155883789062,0.2690887451171875,0.072453424334526,-0.2122584581375122,0.0548901483416557,44.72720336914062,101.7606353759766,5.206039428710938
38964,0.2459564208984375,1.18743896484375,0.18585205078125,0.1609028726816177,-0.1669969707727432,0.0095439702272415,44.73374938964844,101.8437042236328,5.13763427734375
38965,0.2459564208984375,1.18743896484375,0.18585205078125,0.1609028726816177,-0.1669969707727432,0.0095439702272415,44.73374938964844,101.8437042236328,5.13763427734375
38966,0.2659912109375,1.135498046875,0.18121337890625,0.1887395530939102,-0.2259545624256134,-0.0252672731876373,44.73048400878906,101.9738464355469,4.979782104492188
38967,0.2819061279296875,1.078018188476562,0.2088775634765625,0.2114376723766327,-0.242756187915802,-0.064933992922306,44.72438049316406,102.0258483886719,4.712356567382812
38968,0.313201904296875,0.9098663330078124,0.2826995849609375,0.2212189435958862,0.0307089108973741,-0.0661100447177887,44.74650573730469,102.1060333251953,4.282089233398438
38969,0.313201904296875,0.9098663330078124,0.2826995849609375,0.2212189435958862,0.0307089108973741,-0.0661100447177887,44.74650573730469,102.1060333251953,4.282089233398438
38970,0.2921905517578125,0.8353271484375,0.276763916015625,0.2244024723768234,0.279366135597229,-0.0105048390105366,44.60394287109375,102.2130737304688,4.003875732421875
38971,0.2620697021484375,0.76318359375,0.2362518310546875,0.1639274209737778,0.3240236043930054,0.0420494489371776,44.60098266601562,102.3881683349609,3.790740966796875
38972,0.189849853515625,0.659332275390625,0.334014892578125,-0.0822511985898017,0.3561399877071381,0.0835175290703773,44.60498046875,102.5014343261719,4.311126708984375
38973,0.189849853515625,0.659332275390625,0.334014892578125,-0.0822511985898017,0.3561399877071381,0.0835175290703773,44.60498046875,102.5014343261719,4.311126708984375
38974,0.14959716796875,0.6618194580078125,0.4227294921875,-0.2332787960767746,0.4608142077922821,0.1593419909477234,44.53591918945312,102.6527252197266,4.079833984375
38975,0.139892578125,0.687896728515625,0.5033416748046875,-0.6672534346580505,0.5630513429641724,0.2887500524520874,44.46965026855469,102.7939147949219,4.016311645507812
38976,0.0823516845703125,0.8176727294921875,0.5549774169921875,-0.8748968839645386,0.5752720832824707,0.3021454811096191,44.71385192871094,102.7210998535156,4.161102294921875
38977,0.0823516845703125,0.8176727294921875,0.5549774169921875,-0.8748968839645386,0.5752720832824707,0.3021454811096191,44.71385192871094,102.7210998535156,4.161102294921875
38978,0.05926513671875,0.9019622802734376,0.545867919921875,-1.027118921279907,0.5785797238349915,0.2937043309211731,44.77885437011719,102.7567901611328,4.030303955078125
38979,0.052703857421875,0.9865570068359376,0.5366363525390625,-1.109152793884277,0.6539384126663208,0.2507938742637634,44.86293029785156,102.8610076904297,4.221160888671875
38980,0.0836334228515625,1.081039428710938,0.3787994384765625,-1.324325323104858,0.805755615234375,0.026044650003314,44.90377807617188,102.5384368896484,4.9669189453125
38981,0.1135711669921875,1.070587158203125,0.29620361328125,-1.374983191490173,0.7543739080429077,-0.1741763204336166,44.92039489746094,102.2405700683594,5.304611206054688
38982,0.1135711669921875,1.070587158203125,0.29620361328125,-1.374983191490173,0.7543739080429077,-0.1741763204336166,44.92039489746094,102.2405700683594,5.304611206054688
38983,0.14422607421875,1.041717529296875,0.227325439453125,-1.401240348815918,0.5971055030822754,-0.3914790749549866,44.86709594726562,102.1305389404297,5.803543090820312
38984,0.1961822509765625,0.964996337890625,0.1913909912109375,-1.052361130714417,0.24460069835186,-0.6487526893615723,44.48655700683594,101.8833923339844,6.70269775390625
38985,0.1961822509765625,0.964996337890625,0.1913909912109375,-1.052361130714417,0.24460069835186,-0.6487526893615723,44.48655700683594,101.8833923339844,6.70269775390625
38986,0.2717742919921875,0.89398193359375,-0.0158843994140625,-1.052361130714417,0.24460069835186,-0.6487526893615723,44.20704650878906,101.6610717773438,7.032058715820312
38987,0.38397216796875,0.78997802734375,-0.28851318359375,-0.7231603264808655,-0.1528755724430084,-0.6070321202278137,43.83204650878906,101.3479156494141,7.471237182617188
38988,0.2347412109375,0.7688446044921875,-0.0793609619140625,0.1758205592632294,0.00183278741315,-0.4842210114002228,43.44297790527344,101.1496887207031,7.9757080078125
38989,0.2347412109375,0.7688446044921875,-0.0793609619140625,0.1758205592632294,0.00183278741315,-0.4842210114002228,43.44297790527344,101.1496887207031,7.9757080078125
38990,0.0858917236328125,0.8111724853515625,0.0245513916015625,0.3147720694541931,0.340747743844986,-0.4640994966030121,43.28866577148438,100.9953002929688,7.993255615234375
38991,0.0874481201171875,0.8582763671875,0.0385894775390625,0.3438079655170441,0.3524866700172424,-0.4741337597370148,43.13609313964844,101.0048675537109,8.15020751953125
38992,0.0984039306640625,0.876861572265625,0.10614013671875,0.317923367023468,0.2275202423334122,-0.5306308269500732,42.74125671386719,101.1360473632812,8.001937866210938
38993,0.0984039306640625,0.876861572265625,0.10614013671875,0.317923367023468,0.2275202423334122,-0.5306308269500732,42.74125671386719,101.1360473632812,8.001937866210938
38994,0.023162841796875,0.8365478515625,0.139556884765625,0.2996620833873749,0.1288282871246338,-0.6319497227668762,42.12417602539062,101.4864044189453,7.443252563476562
38995,0.0035400390625,0.7958526611328125,0.13897705078125,0.379491925239563,0.1434658169746399,-0.5958636403083801,41.88368225097656,101.4308013916016,7.52020263671875
38996,-0.069427490234375,0.77435302734375,0.04541015625,1.071285605430603,0.0844480395317077,-0.1712319403886795,41.27290344238281,101.5167694091797,7.213775634765625
38997,-0.069427490234375,0.77435302734375,0.04541015625,1.071285605430603,0.0844480395317077,-0.1712319403886795,41.27290344238281,101.5167694091797,7.213775634765625
38998,-0.0962982177734375,0.7816925048828125,0.0446929931640625,1.071285605430603,0.0844480395317077,-0.1712319403886795,40.95747375488281,101.3735504150391,7.012130737304688
38999,-0.0707244873046875,0.7913818359375,0.059326171875,1.324870705604553,-0.0134007604792714,-0.1068494841456413,40.65924072265625,101.3802795410156,7.04443359375
39000,-0.0781097412109375,0.9453125,0.013458251953125,1.422623634338379,-0.4944789707660675,-0.1622730642557144,40.23005676269531,101.5169067382812,7.2777099609375
39001,-0.0781097412109375,0.9453125,0.013458251953125,1.422623634338379,-0.4944789707660675,-0.1622730642557144,40.23005676269531,101.5169067382812,7.2777099609375
39002,-0.0680999755859375,1.03875732421875,0.016326904296875,1.061993837356567,-0.6544763445854187,-0.1218055337667465,40.09600830078125,101.8410034179688,7.23236083984375
39003,-0.0040130615234375,1.05450439453125,0.1117095947265625,0.5667294859886169,-0.6515133380889893,-0.0852640345692634,39.95478820800781,102.2250366210938,7.431686401367188
39004,0.076690673828125,0.969329833984375,-0.023223876953125,-0.1904383897781372,-0.3226337134838104,-0.0706848204135894,40.3646240234375,103.288330078125,8.101882934570312
39005,0.076690673828125,0.969329833984375,-0.023223876953125,-0.1904383897781372,-0.3226337134838104,-0.0706848204135894,40.3646240234375,103.288330078125,8.101882934570312
39006,0.047332763671875,0.922332763671875,-0.13140869140625,-0.3359223604202271,-0.7987046241760254,0.002739327494055,40.64208984375,104.0804290771484,8.911041259765625
39007,-0.0206451416015625,0.860015869140625,-0.22491455078125,-0.3359223604202271,-0.7987046241760254,0.002739327494055,41.13636779785156,105.1383972167969,10.18862915039062
39008,0.1291351318359375,0.85003662109375,0.0672607421875,0.2647797167301178,-0.8121845126152039,0.1565571129322052,42.71852111816406,106.1233673095703,14.69163513183594
39009,0.1291351318359375,0.85003662109375,0.0672607421875,0.2647797167301178,-0.8121845126152039,0.1565571129322052,42.71852111816406,106.1233673095703,14.69163513183594
39010,0.0798492431640625,0.9250030517578124,-0.220245361328125,0.2159245759248734,-1.831983685493469,0.1320043653249741,43.57199096679688,105.4785003662109,18.03720092773438
39011,-0.202392578125,0.90130615234375,0.2797393798828125,0.2984809577465057,-1.375613451004028,0.0687849223613739,44.04240417480469,104.4948577880859,21.23202514648438
39012,0.08172607421875,1.074371337890625,0.11962890625,0.118517592549324,-1.145828723907471,0.0739977955818176,44.74093627929688,104.1279754638672,23.05717468261719
39013,0.08172607421875,1.074371337890625,0.11962890625,0.118517592549324,-1.145828723907471,0.0739977955818176,44.74093627929688,104.1279754638672,23.05717468261719
39014,0.063995361328125,1.03369140625,0.1356048583984375,0.0002426139690214,-0.8925139307975769,0.1083605587482452,45.04852294921875,104.2400665283203,23.09951782226562
39015,0.0453033447265625,1.011810302734375,0.0649871826171875,-0.1160978451371193,-0.7437258362770081,0.173533171415329,45.24971008300781,104.2665710449219,23.30076599121094
39016,-0.0191192626953125,1.024368286132812,0.055816650390625,-0.1207053810358047,-0.6023916006088257,0.2202724516391754,45.66154479980469,104.223876953125,23.35237121582031
39017,-0.0191192626953125,1.024368286132812,0.055816650390625,-0.1207053810358047,-0.6023916006088257,0.2202724516391754,45.66154479980469,104.223876953125,23.35237121582031
39018,-0.025390625,1.001144409179688,0.0582122802734375,-0.0765560269355773,-0.5428766012191772,0.2332335263490677,45.99333190917969,103.9337310791016,23.50779724121094
39019,-0.03076171875,0.9965057373046876,0.05230712890625,-0.0671862289309501,-0.4670332372188568,0.2683393061161041,46.28370666503906,103.6823425292969,23.63047790527344
39020,-0.0148162841796875,1.008255004882812,-0.0456085205078125,-0.1943590939044952,-0.386663556098938,0.3591248691082001,46.71844482421875,103.6780700683594,23.45799255371094
39021,-0.0148162841796875,1.008255004882812,-0.0456085205078125,-0.1943590939044952,-0.386663556098938,0.3591248691082001,46.71844482421875,103.6780700683594,23.45799255371094
39022,0.0249176025390625,1.082916259765625,-0.10919189453125,-0.2682034969329834,-0.4978103041648865,0.3513814806938171,46.90557861328125,103.5835876464844,23.53807067871094
39023,0.062255859375,1.16729736328125,-0.0391082763671875,-0.3525977432727814,-0.5103721618652344,0.319641649723053,47.15116882324219,103.5159759521484,23.45718383789062
39024,0.1113433837890625,1.23223876953125,-0.059722900390625,-0.3648570477962494,-0.7057691216468811,0.1547988951206207,47.60704040527344,103.3069610595703,23.12644958496094
39025,0.1113433837890625,1.23223876953125,-0.059722900390625,-0.3648570477962494,-0.7057691216468811,0.1547988951206207,47.60704040527344,103.3069610595703,23.12644958496094
39026,0.1076202392578125,1.24298095703125,-0.038848876953125,-0.3162304162979126,-0.787585973739624,0.047292947769165,47.78080749511719,103.2073364257812,22.94741821289062
39027,0.05364990234375,1.266830444335938,0.0905609130859375,-0.175793394446373,-0.681570827960968,-0.0415469110012054,47.91230773925781,103.0345458984375,22.61148071289062
39028,0.003265380859375,1.310394287109375,0.1790771484375,0.0596785098314285,-0.2410464435815811,-0.1395485699176788,48.07414245605469,102.8126373291016,21.72909545898438
39029,0.003265380859375,1.310394287109375,0.1790771484375,0.0596785098314285,-0.2410464435815811,-0.1395485699176788,48.07414245605469,102.8126373291016,21.72909545898438
39030,-0.0046844482421875,1.362197875976562,0.2413482666015625,0.0831148624420166,-0.1134437397122383,-0.1714212894439697,47.95172119140625,102.6435546875,21.47222900390625
39031,-0.028045654296875,1.418228149414062,0.23516845703125,0.0527486987411975,-0.0260790046304464,-0.1922213733196259,47.90823364257812,102.6282501220703,21.23420715332031
39032,-0.0251007080078125,1.401031494140625,0.1625518798828125,0.1132043227553368,-0.0141760064288973,-0.2842892408370972,47.71852111816406,102.6111907958984,20.74081420898438
39033,-0.0251007080078125,1.401031494140625,0.1625518798828125,0.1132043227553368,-0.0141760064288973,-0.2842892408370972,47.71852111816406,102.6111907958984,20.74081420898438
39034,0.019012451171875,1.3204345703125,0.1728057861328125,0.2753863036632538,0.0268553160130977,-0.3362965285778046,47.63621520996094,102.4587249755859,20.57600402832031
39035,0.06365966796875,1.216644287109375,0.158905029296875,0.4453252851963043,0.0340266749262809,-0.3617270588874817,47.42337036132812,102.3851318359375,20.33840942382812
39036,0.182373046875,1.038894653320312,0.185302734375,0.5446366667747498,-0.1954371333122253,-0.3210038542747498,47.17390441894531,102.2217407226562,19.40573120117188
39037,0.182373046875,1.038894653320312,0.185302734375,0.5446366667747498,-0.1954371333122253,-0.3210038542747498,47.17390441894531,102.2217407226562,19.40573120117188
39038,0.179962158203125,0.959381103515625,0.222198486328125,0.5220719575881958,-0.2866168618202209,-0.1993903368711472,47.04747009277344,102.1783294677734,18.84779357910156
39039,0.1537017822265625,0.8612823486328125,0.2409820556640625,0.4763239324092865,-0.3921555280685425,0.0016338493442162,46.9090576171875,102.1354675292969,18.33609008789062
39040,0.122222900390625,0.841766357421875,0.291595458984375,0.3232771158218384,-0.657660961151123,0.3990914523601532,47.00379943847656,102.2238311767578,16.64608764648438
39041,0.122222900390625,0.841766357421875,0.291595458984375,0.3232771158218384,-0.657660961151123,0.3990914523601532,47.00379943847656,102.2238311767578,16.64608764648438
39042,0.167083740234375,0.8174896240234375,0.34906005859375,0.177900493144989,-0.7662308812141418,0.530042290687561,47.10108947753906,102.4569091796875,15.61920166015625
39043,0.28582763671875,0.7864837646484375,0.3811798095703125,0.0547790937125682,-0.8332823514938354,0.52242511510849,47.35182189941406,102.7360687255859,14.90940856933594
39044,0.5100250244140625,0.7307281494140625,0.44317626953125,0.0152410045266151,-0.7579039335250854,0.0100137516856193,47.81765747070312,103.0498809814453,14.4609375
39045,0.5100250244140625,0.7307281494140625,0.44317626953125,0.0152410045266151,-0.7579039335250854,0.0100137516856193,47.81765747070312,103.0498809814453,14.4609375
39046,0.541229248046875,0.7265167236328125,0.4491424560546875,0.0696190223097801,-0.5283330678939819,-0.2953746616840363,47.99124145507812,103.2269592285156,14.22406005859375
39047,0.5294647216796875,0.7952423095703125,0.37579345703125,-0.0758574828505516,-0.4574000537395477,-0.4076005220413208,48.12631225585938,103.3804626464844,13.91792297363281
39048,0.50640869140625,0.9969940185546876,0.380340576171875,-0.6041204929351807,0.016521718353033,0.0784266293048858,47.94554138183594,103.4224548339844,13.39225769042969
39049,0.50640869140625,0.9969940185546876,0.380340576171875,-0.6041204929351807,0.016521718353033,0.0784266293048858,47.94554138183594,103.4224548339844,13.39225769042969
39050,0.4825897216796875,1.035873413085938,0.236328125,-0.6041204929351807,0.016521718353033,0.0784266293048858,47.95010375976562,103.3935699462891,13.422119140625
39051,0.3717193603515625,1.024917602539062,0.0638275146484375,-0.5952394008636475,-0.0265152305364608,0.1701869070529938,47.96308898925781,103.3218841552734,13.53662109375
39052,0.2874908447265625,1.032745361328125,0.0545654296875,-0.0810900554060936,0.0306055787950754,0.1712889224290848,48.24714660644531,103.1855926513672,14.25772094726562
39053,0.2874908447265625,1.032745361328125,0.0545654296875,-0.0810900554060936,0.0306055787950754,0.1712889224290848,48.24714660644531,103.1855926513672,14.25772094726562
39054,0.23614501953125,1.0260009765625,0.0771484375,-0.0810900554060936,0.0306055787950754,0.1712889224290848,48.32203674316406,103.0402374267578,14.61404418945312
39055,0.1651763916015625,1.020156860351562,0.0909271240234375,0.0830589309334754,0.1430815309286118,0.0984938144683837,48.51991271972656,102.9568328857422,14.77226257324219
39056,0.0994720458984375,1.010604858398438,0.102935791015625,0.2971017062664032,0.1967564672231674,-0.1142504066228867,48.53648376464844,102.9514770507812,14.8541259765625
39057,0.0295562744140625,1.009231567382812,0.097930908203125,0.2971017062664032,0.1967564672231674,-0.1142504066228867,48.552490234375,103.0361480712891,14.71771240234375
39058,-0.0311737060546875,0.994720458984375,0.091217041015625,0.343437522649765,0.0619682967662811,-0.2538418471813202,48.50967407226562,103.0032653808594,14.61244201660156
39059,-0.06976318359375,0.95013427734375,0.09588623046875,0.3594202101230621,-0.0785778984427452,-0.3790455758571625,48.42698669433594,102.9776000976562,14.49165344238281
39060,-0.013427734375,0.8267822265625,0.0155181884765625,0.2781562507152557,-0.3034469783306122,-0.4744749069213867,48.02079772949219,103.0251617431641,14.15177917480469
39061,-0.013427734375,0.8267822265625,0.0155181884765625,0.2781562507152557,-0.3034469783306122,-0.4744749069213867,48.02079772949219,103.0251617431641,14.15177917480469
39062,0.025604248046875,0.7920684814453125,-0.0246734619140625,0.2246935665607452,-0.4239246547222137,-0.4473223686218262,47.82766723632812,102.9775238037109,14.00827026367188
39063,0.0506591796875,0.7751922607421875,-0.0317840576171875,0.1698638647794724,-0.4997131526470184,-0.3606399595737457,47.70506286621094,102.9710083007812,14.03602600097656
39064,0.043548583984375,0.7723236083984375,-0.029388427734375,0.1170251592993736,-0.4910749197006226,-0.0881277248263359,47.52430725097656,102.9240264892578,14.01260375976562
39065,0.043548583984375,0.7723236083984375,-0.029388427734375,0.1170251592993736,-0.4910749197006226,-0.0881277248263359,47.52430725097656,102.9240264892578,14.01260375976562
39066,0.104217529296875,0.7972869873046875,-0.06610107421875,0.0787273049354553,-0.5346665978431702,-0.1021143868565559,47.57209777832031,102.8686676025391,14.01774597167969
39067,0.1043701171875,0.78314208984375,-0.0419464111328125,0.035392876714468,-0.6172158122062683,-0.1275294572114944,47.702880859375,102.8579406738281,14.25804138183594
39068,0.098541259765625,0.8395843505859375,0.015350341796875,0.0933043807744979,-0.3673039674758911,-0.1505524963140488,47.83128356933594,102.8121948242188,14.49298095703125
39069,0.098541259765625,0.8395843505859375,0.015350341796875,0.0933043807744979,-0.3673039674758911,-0.1505524963140488,47.83128356933594,102.8121948242188,14.49298095703125
39070,0.0698699951171875,0.968505859375,-0.0589599609375,-0.0368320494890213,-0.3119024932384491,-0.028212996199727,47.84913635253906,102.8362579345703,14.67514038085938
39071,0.09515380859375,1.010498046875,-0.090118408203125,-0.1944515109062195,-0.392342746257782,0.0145821385085582,47.83639526367188,102.7529144287109,14.98046875
39072,0.123565673828125,0.9105072021484376,-0.013336181640625,-0.2278094589710236,-0.4060351252555847,-0.1948025077581406,47.97352600097656,102.3936157226562,16.39363098144531
39073,0.1502838134765625,0.9229583740234376,-0.0406341552734375,-0.1596626341342926,-0.3916409909725189,-0.0822336226701736,48.04875183105469,102.2249603271484,17.17205810546875
39074,0.1502838134765625,0.9229583740234376,-0.0406341552734375,-0.1596626341342926,-0.3916409909725189,-0.0822336226701736,48.04875183105469,102.2249603271484,17.17205810546875
39075,0.16400146484375,0.9539642333984376,-0.0551605224609375,-0.1596626341342926,-0.3916409909725189,-0.0822336226701736,48.05535888671875,101.9029846191406,17.87307739257812
39076,0.152435302734375,0.933349609375,-0.0900421142578125,-0.01121830008924,-0.2878778576850891,-0.0385652370750904,48.25059509277344,101.6396026611328,18.57269287109375
39077,0.152435302734375,0.933349609375,-0.0900421142578125,-0.01121830008924,-0.2878778576850891,-0.0385652370750904,48.25059509277344,101.6396026611328,18.57269287109375
39078,0.128631591796875,0.9722137451171876,-0.105743408203125,0.0484820492565631,-0.2790122032165527,-0.0298894550651311,48.34982299804688,101.5113220214844,18.76158142089844
39079,0.115692138671875,0.9841156005859376,-0.10137939453125,0.086736761033535,-0.3068092167377472,-0.0357699804008007,48.32540893554688,101.4885101318359,18.95599365234375
39080,0.1011810302734375,1.004409790039062,-0.066436767578125,0.1103174537420273,-0.2588283717632294,-0.0038823562208563,48.35542297363281,101.4360961914062,19.25299072265625
39081,0.1011810302734375,1.004409790039062,-0.066436767578125,0.1103174537420273,-0.2588283717632294,-0.0038823562208563,48.35542297363281,101.4360961914062,19.25299072265625
39082,0.087371826171875,1.010833740234375,-0.0534820556640625,0.1393560320138931,-0.2001029998064041,-0.0055079497396945,48.34014892578125,101.4712371826172,19.56509399414062
39083,0.0544281005859375,1.02423095703125,-0.0521697998046875,0.1995136439800262,-0.1304227262735367,-0.0010500843636691,48.40385437011719,101.4273376464844,19.74357604980469
39084,0.038818359375,1.044326782226562,-0.0458526611328125,0.5079715847969055,0.1088607013225555,-0.053650178015232,48.37103271484375,101.4696807861328,19.94268798828125
39085,0.038818359375,1.044326782226562,-0.0458526611328125,0.5079715847969055,0.1088607013225555,-0.053650178015232,48.37103271484375,101.4696807861328,19.94268798828125
39086,0.02777099609375,1.04693603515625,-0.046234130859375,0.5079715847969055,0.1088607013225555,-0.053650178015232,48.35150146484375,101.4031372070312,19.97030639648438
39087,0.0471649169921875,1.070053100585938,-0.037322998046875,0.5696514844894409,0.1609854251146317,-0.089179940521717,48.30728149414062,101.5799865722656,19.87922668457031
39088,0.11126708984375,1.097152709960938,0.0240936279296875,0.5048533082008362,0.2291133403778076,-0.2324755787849426,48.11674499511719,101.8369903564453,19.83277893066406
39089,0.11126708984375,1.097152709960938,0.0240936279296875,0.5048533082008362,0.2291133403778076,-0.2324755787849426,48.11674499511719,101.8369903564453,19.83277893066406
39090,0.1248016357421875,1.116943359375,0.0641937255859375,0.5048533082008362,0.2291133403778076,-0.2324755787849426,47.9710693359375,102.0152282714844,19.73048400878906
39091,0.13690185546875,1.158660888671875,0.1171722412109375,0.4181285500526428,0.2480012774467468,-0.2286704629659653,47.86164855957031,102.0699615478516,19.60939025878906
39092,0.171234130859375,1.211273193359375,0.196807861328125,0.3285344839096069,0.2826780378818512,-0.1904322654008865,47.69479370117188,102.1253967285156,19.38633728027344
39093,0.2084197998046875,1.251602172851562,0.2501983642578125,0.2872818410396576,0.3686030507087708,-0.1264849752187729,47.5670166015625,102.1904296875,19.24195861816406
39094,0.267059326171875,1.319412231445312,0.24273681640625,0.2759061455726624,0.4501155018806458,0.1207855418324471,47.40615844726562,102.2148132324219,19.05844116210938
39095,0.3162689208984375,1.381134033203125,0.2445220947265625,0.2759061455726624,0.4501155018806458,0.1207855418324471,47.28724670410156,102.3365020751953,18.98286437988281
39096,0.2498626708984375,1.331024169921875,0.1434173583984375,0.1419861614704132,0.4149018526077271,0.3459315598011017,47.21856689453125,102.4885864257812,18.97236633300781
39097,0.2498626708984375,1.331024169921875,0.1434173583984375,0.1419861614704132,0.4149018526077271,0.3459315598011017,47.21856689453125,102.4885864257812,18.97236633300781
39098,0.183807373046875,1.241180419921875,0.1416778564453125,0.1514393240213394,0.3380195796489716,0.3144303858280182,47.24009704589844,102.5225219726562,19.17413330078125
39099,0.1503753662109375,1.172378540039062,0.1508026123046875,0.2614856660366058,0.3269874453544617,0.2283096015453339,47.28468322753906,102.7318725585938,19.40914916992188
39100,0.1337432861328125,1.023696899414062,0.142486572265625,0.3931800425052643,0.1380862295627594,-0.0563759244978427,47.50550842285156,102.9847259521484,18.97129821777344
39101,0.1337432861328125,1.023696899414062,0.142486572265625,0.3931800425052643,0.1380862295627594,-0.0563759244978427,47.50550842285156,102.9847259521484,18.97129821777344
39102,0.1392059326171875,0.91485595703125,0.1882781982421875,0.3864185512065887,0.0946018695831298,-0.0896297544240951,47.4654541015625,102.9378356933594,18.87052917480469
39103,0.1488494873046875,0.8773345947265625,0.2591400146484375,0.3870963156223297,0.171123281121254,-0.0703125149011611,47.44444274902344,102.9591979980469,18.76870727539062
39104,0.133056640625,0.812957763671875,0.3855133056640625,0.3247219026088715,0.3409285545349121,0.0217202082276344,47.26515197753906,103.2037048339844,18.20040893554688
39105,0.133056640625,0.812957763671875,0.3855133056640625,0.3247219026088715,0.3409285545349121,0.0217202082276344,47.26515197753906,103.2037048339844,18.20040893554688
39106,0.1107330322265625,0.7956085205078125,0.477569580078125,0.3178232312202454,0.6227818131446838,0.0684941038489341,47.21844482421875,103.2215270996094,18.0426025390625
39107,0.068145751953125,0.788818359375,0.5209197998046875,0.2987715303897858,0.9869491457939148,0.0984163209795951,47.13591003417969,103.3178558349609,17.88258361816406
39108,-0.07220458984375,0.8663330078125,0.4628448486328125,0.0614154227077961,1.452053189277649,0.020127372816205,46.92245483398438,103.5461273193359,17.44558715820312
39109,-0.07220458984375,0.8663330078125,0.4628448486328125,0.0614154227077961,1.452053189277649,0.020127372816205,46.92245483398438,103.5461273193359,17.44558715820312
39110,-0.14227294921875,0.9268341064453124,0.3743896484375,-0.134941577911377,1.47571587562561,-0.0702070519328117,46.80197143554688,103.5185089111328,17.46450805664062
39111,-0.214141845703125,0.9876556396484376,0.222412109375,-0.3206517696380615,1.285506248474121,-0.1599276214838028,46.71699523925781,103.5746459960938,17.479248046875
39112,-0.220672607421875,1.018539428710938,0.018768310546875,-0.4477285146713257,0.5357409119606018,-0.1310027539730072,46.23817443847656,103.8835754394531,17.30587768554688
39113,-0.220672607421875,1.018539428710938,0.018768310546875,-0.4477285146713257,0.5357409119606018,-0.1310027539730072,46.23817443847656,103.8835754394531,17.30587768554688
39114,-0.0973663330078125,1.013839721679688,0.0174713134765625,-0.3568018078804016,0.417256087064743,-0.123570941388607,45.91744995117188,103.9536895751953,17.21055603027344
39115,-0.0049285888671875,0.9890899658203124,-0.01275634765625,-0.2075955420732498,0.3640029728412628,-0.1096239686012268,45.780029296875,103.8784790039062,17.23947143554688
39116,0.0751495361328125,0.981048583984375,0.00634765625,0.0112726278603076,0.3446231484413147,0.0434926152229309,45.58567810058594,103.7436828613281,17.44244384765625
39117,0.0751495361328125,0.981048583984375,0.00634765625,0.0112726278603076,0.3446231484413147,0.0434926152229309,45.58567810058594,103.7436828613281,17.44244384765625
39118,0.0971221923828125,0.977386474609375,0.0662689208984375,0.0212405733764171,0.4196047186851501,0.1396164894104004,45.54360961914062,103.7025756835938,17.46534729003906
39119,0.10699462890625,0.950836181640625,0.079833984375,-0.0429458692669868,0.5071359276771545,0.2224469184875488,45.65824890136719,103.6489562988281,17.64691162109375
39120,0.110107421875,0.920562744140625,0.07049560546875,-0.2417543083429337,0.5525150895118713,0.3835103809833527,45.67909240722656,103.5980682373047,17.68705749511719
39121,0.1011810302734375,0.8934326171875,0.0637969970703125,-0.3022400140762329,0.5400493741035461,0.4103060364723206,45.76683044433594,103.6564788818359,17.41175842285156
39122,0.085052490234375,0.8832855224609375,0.0492401123046875,-0.3022400140762329,0.5400493741035461,0.4103060364723206,45.87939453125,103.6526947021484,17.36930847167969
39123,0.0659942626953125,0.8918609619140625,0.0587005615234375,-0.3067783117294312,0.5838367938995361,0.3666171431541443,46.11808776855469,103.5618896484375,17.44107055664062
39124,0.0358734130859375,0.8790283203125,0.05023193359375,-0.1673495769500732,0.7280597686767578,0.2746049165725708,46.43467712402344,103.4393005371094,17.32455444335938
39125,0.0358734130859375,0.8790283203125,0.05023193359375,-0.1673495769500732,0.7280597686767578,0.2746049165725708,46.43467712402344,103.4393005371094,17.32455444335938
39126,0.0363922119140625,0.891693115234375,0.024932861328125,-0.1465199291706085,0.7195422053337097,0.1997602432966232,46.57447814941406,103.524658203125,17.26249694824219
39127,0.002105712890625,0.8848114013671875,0.042694091796875,-0.1416170448064804,0.6678276062011719,0.1907510459423065,46.68026733398438,103.4751739501953,17.30966186523438
39128,-0.0030059814453125,0.9022216796875,0.03863525390625,-0.2629333734512329,0.5344114899635315,0.2395223081111908,46.82914733886719,103.5636444091797,16.95822143554688
39129,-0.0030059814453125,0.9022216796875,0.03863525390625,-0.2629333734512329,0.5344114899635315,0.2395223081111908,46.82914733886719,103.5636444091797,16.95822143554688
39130,0.0030364990234375,0.8887786865234375,0.0319061279296875,-0.3325494527816772,0.4238274395465851,0.2519624531269073,46.78330993652344,103.6031951904297,16.72085571289062
39131,0.01202392578125,0.8668060302734375,0.0279541015625,-0.369032621383667,0.2870109975337982,0.2637307047843933,46.93251037597656,103.5272979736328,16.50852966308594
39132,0.0449066162109375,0.8580474853515625,0.03826904296875,-0.3949632942676544,-0.0416861921548843,0.2617437243461609,47.27320861816406,103.432373046875,16.39378356933594
39133,0.0449066162109375,0.8580474853515625,0.03826904296875,-0.3949632942676544,-0.0416861921548843,0.2617437243461609,47.27320861816406,103.432373046875,16.39378356933594
39134,0.0648651123046875,0.8694915771484375,0.037261962890625,-0.3949632942676544,-0.0416861921548843,0.2617437243461609,47.40638732910156,103.4093627929688,16.36561584472656
39135,0.0721282958984375,0.86700439453125,0.0201873779296875,-0.4145556390285492,-0.1976829767227173,0.2162931561470032,47.53263854980469,103.4357604980469,16.41970825195312
39136,0.0886077880859375,0.8900604248046875,-0.006744384765625,-0.390472412109375,-0.2277058660984039,0.1829580962657928,47.86756896972656,103.4820098876953,16.28018188476562
39137,0.0886077880859375,0.8900604248046875,-0.006744384765625,-0.390472412109375,-0.2277058660984039,0.1829580962657928,47.86756896972656,103.4820098876953,16.28018188476562
39138,0.0991058349609375,0.9065704345703124,-0.0300140380859375,-0.3440511226654053,-0.2681563496589661,0.1366372108459473,48.14964294433594,103.6424407958984,16.4429931640625
39139,0.0819549560546875,0.9072265625,-0.0391998291015625,-0.1927497386932373,-0.1612424254417419,0.0909845009446144,48.24934387207031,103.7281494140625,16.53001403808594
39140,0.0228729248046875,0.8981475830078125,-0.093109130859375,-0.0448713339865207,-0.1001151502132416,0.1182512789964676,48.41789245605469,103.9282531738281,16.7574462890625
39141,0.0228729248046875,0.8981475830078125,-0.093109130859375,-0.0448713339865207,-0.1001151502132416,0.1182512789964676,48.41789245605469,103.9282531738281,16.7574462890625
39142,-0.0264129638671875,0.912200927734375,-0.1344451904296875,-0.0448713339865207,-0.1001151502132416,0.1182512789964676,48.49400329589844,103.9749755859375,16.50526428222656
39143,-0.0215911865234375,0.96038818359375,-0.1076202392578125,0.0339529067277908,-0.1761819571256638,0.0996168702840805,48.46949768066406,104.1694488525391,16.26290893554688
39144,-0.0066680908203125,1.017730712890625,-0.010650634765625,0.1677732914686203,-0.1441433280706406,0.0184011105448007,48.60446166992188,104.1753997802734,16.20555114746094
39145,-0.0066680908203125,1.017730712890625,-0.010650634765625,0.1677732914686203,-0.1441433280706406,0.0184011105448007,48.60446166992188,104.1753997802734,16.20555114746094
39146,0.016143798828125,1.023544311523438,-0.0036163330078125,0.168843612074852,-0.1336081326007843,-0.0142886582762002,48.67958068847656,104.2425842285156,16.09793090820312
39147,0.0174713134765625,1.019866943359375,0.007171630859375,0.1506523638963699,-0.1463915705680847,-0.0472066588699817,48.71357727050781,104.3007202148438,16.09953308105469
39148,0.0225830078125,1.04779052734375,0.0579681396484375,0.1621183305978775,-0.0215108841657638,-0.0473667159676551,48.69276428222656,104.3951416015625,16.476806640625
39149,0.0225830078125,1.04779052734375,0.0579681396484375,0.1621183305978775,-0.0215108841657638,-0.0473667159676551,48.69276428222656,104.3951416015625,16.476806640625
39150,0.0153350830078125,1.067153930664062,0.0356903076171875,0.1621183305978775,-0.0215108841657638,-0.0473667159676551,48.64210510253906,104.591064453125,16.50294494628906
39151,0.005157470703125,1.074508666992188,0.0117034912109375,0.1495855003595352,-0.0007259777048602,-0.0480703227221965,48.60171508789062,104.462646484375,16.72360229492188
39152,0.0004119873046875,1.06976318359375,-0.0145416259765625,0.1403989195823669,0.0006926882197149,-0.0681891739368438,48.6824951171875,104.4589080810547,16.74447631835938
39153,-0.00445556640625,1.06951904296875,-0.03912353515625,0.1554146260023117,-0.039640087634325,-0.0942420810461044,48.63703918457031,104.5637359619141,16.58815002441406
39154,-0.0122528076171875,1.070053100585938,-0.056396484375,0.1896415650844574,-0.10906682908535,-0.1257126480340958,48.534423828125,104.6462707519531,16.38499450683594
39155,-0.01220703125,1.072097778320312,-0.0614166259765625,0.2419207543134689,-0.1926386952400208,-0.1657604724168777,48.5531005859375,104.6625213623047,16.28465270996094
39156,0.009918212890625,1.104660034179688,0.0111846923828125,0.4071784317493439,-0.289115697145462,-0.2798361778259277,48.45161437988281,104.4470520019531,16.066650390625
39157,0.009918212890625,1.104660034179688,0.0111846923828125,0.4071784317493439,-0.289115697145462,-0.2798361778259277,48.45161437988281,104.4470520019531,16.066650390625
39158,0.01025390625,1.139739990234375,0.0695037841796875,0.47923743724823,-0.2841350436210632,-0.3384081423282623,48.45578002929688,104.4586029052734,15.92427062988281
39159,-0.004486083984375,1.196517944335938,0.1322021484375,0.5108717679977417,-0.2534964382648468,-0.3783236145973206,48.35758972167969,104.4743041992188,15.98783874511719
39160,-0.0326995849609375,1.327392578125,0.2434234619140625,0.4879611432552338,-0.1299508064985275,-0.4619527161121368,48.01283264160156,104.6822814941406,15.50076293945312
39161,-0.0326995849609375,1.327392578125,0.2434234619140625,0.4879611432552338,-0.1299508064985275,-0.4619527161121368,48.01283264160156,104.6822814941406,15.50076293945312
39162,-0.0346527099609375,1.348739624023438,0.1778411865234375,0.3936218619346619,-0.0889541059732437,-0.4989709258079529,47.72584533691406,104.7291259765625,15.48663330078125
39163,-0.03607177734375,1.382232666015625,0.03656005859375,0.2257537692785263,-0.214292049407959,-0.5324519276618958,47.60177612304688,104.7588500976562,15.53971862792969
39164,0.1260223388671875,1.415786743164062,0.02972412109375,0.1769971400499344,-0.5108579397201538,-0.6626930236816406,47.31964111328125,104.6056365966797,16.3336181640625
39165,0.1260223388671875,1.415786743164062,0.02972412109375,0.1769971400499344,-0.5108579397201538,-0.6626930236816406,47.31964111328125,104.6056365966797,16.3336181640625
39166,0.209197998046875,1.33453369140625,0.07220458984375,0.1769971400499344,-0.5108579397201538,-0.6626930236816406,47.06509399414062,104.3803253173828,16.88088989257812
39167,0.230377197265625,1.231033325195312,0.108367919921875,0.3608492612838745,-0.4905404150485992,-0.5770297646522522,46.84536743164062,104.1202239990234,17.19976806640625
39168,0.2998504638671875,1.104766845703125,0.2714691162109375,0.5536437630653381,-0.4124959409236908,-0.2431729733943939,46.19609069824219,103.3136901855469,17.43589782714844
39169,0.2998504638671875,1.104766845703125,0.2714691162109375,0.5536437630653381,-0.4124959409236908,-0.2431729733943939,46.19609069824219,103.3136901855469,17.43589782714844
39170,0.2871246337890625,1.028854370117188,0.3575897216796875,0.5210921764373779,-0.2899362146854401,-0.0572225414216518,45.95355224609375,103.2300415039062,17.36790466308594
39171,0.3284454345703125,0.9945220947265624,0.3691253662109375,0.4450565576553345,-0.2073151022195816,0.0516972839832305,45.67251586914062,103.0613250732422,16.96214294433594
39172,0.3840484619140625,0.9061126708984376,0.3055267333984375,-0.0141906533390283,-0.3506011664867401,0.0217281989753246,45.12620544433594,103.3427734375,15.33793640136719
39173,0.3840484619140625,0.9061126708984376,0.3055267333984375,-0.0141906533390283,-0.3506011664867401,0.0217281989753246,45.12620544433594,103.3427734375,15.33793640136719
39174,0.4096221923828125,0.820068359375,0.2168121337890625,-0.0141906533390283,-0.3506011664867401,0.0217281989753246,45.12620544433594,103.3427734375,15.33793640136719
39175,0.4248809814453125,0.75079345703125,0.183349609375,-0.2328870445489883,-0.5613917112350464,-0.0058112838305532,44.95960998535156,103.2991790771484,14.71769714355469
39176,0.495941162109375,0.8023834228515625,0.0744171142578125,-0.3062547445297241,-0.6686129570007324,-0.009637713432312,45.37713623046875,103.2518768310547,12.14422607421875
39177,0.495941162109375,0.8023834228515625,0.0744171142578125,-0.3062547445297241,-0.6686129570007324,-0.009637713432312,45.37713623046875,103.2518768310547,12.14422607421875
39178,0.51861572265625,0.850311279296875,0.0377349853515625,-0.347208559513092,-0.7528449892997742,0.0077740335837006,45.53962707519531,103.4454193115234,11.12615966796875
39179,0.540557861328125,0.87432861328125,0.0235595703125,-0.3537138700485229,-0.8095293045043945,0.0285360366106033,45.73689270019531,103.4413604736328,10.23432922363281
39180,0.4212188720703125,0.9178619384765624,0.02813720703125,-0.2503368854522705,-0.7399656772613525,0.1955918669700623,46.25540161132812,103.3568267822266,9.826934814453123
39181,0.4212188720703125,0.9178619384765624,0.02813720703125,-0.2503368854522705,-0.7399656772613525,0.1955918669700623,46.25540161132812,103.3568267822266,9.826934814453123
39182,0.3178558349609375,0.8805084228515625,-0.0298614501953125,-0.2526048123836517,-0.8645747303962708,0.2998197376728058,46.41349792480469,103.2611999511719,10.03465270996094
39183,0.2416534423828125,0.9215240478515624,0.0040283203125,-0.2321344316005707,-0.9417693614959716,0.3571623861789703,46.6304931640625,103.3924560546875,10.20576477050781
39184,0.1822662353515625,1.006515502929688,0.0894012451171875,-0.2386024594306946,-0.9906376004219056,0.2670503258705139,47.14579772949219,103.560791015625,10.42144775390625
39185,0.1822662353515625,1.006515502929688,0.0894012451171875,-0.2386024594306946,-0.9906376004219056,0.2670503258705139,47.14579772949219,103.560791015625,10.42144775390625
39186,0.17431640625,1.028030395507812,0.077789306640625,-0.2386024594306946,-0.9906376004219056,0.2670503258705139,47.45599365234375,103.6072692871094,10.33918762207031
39187,0.1561737060546875,1.024169921875,0.0975799560546875,-0.2717913091182709,-1.052743315696716,0.1823173463344574,47.80517578125,103.6510314941406,10.19554138183594
39188,0.1083984375,0.9668121337890624,0.0524444580078125,-0.2154260277748108,-0.8953739404678345,0.0535902567207813,48.22860717773438,103.6956939697266,9.568511962890623
39189,0.1083984375,0.9668121337890624,0.0524444580078125,-0.2154260277748108,-0.8953739404678345,0.0535902567207813,48.22860717773438,103.6956939697266,9.568511962890623
39190,0.1043548583984375,0.978607177734375,-0.0102081298828125,-0.2458672970533371,-1.04814088344574,0.0417082980275154,48.57676696777344,103.7381286621094,8.907196044921875
39191,0.0775604248046875,0.9282989501953124,-0.0305633544921875,-0.2545657157897949,-1.147131323814392,0.0713660567998886,48.82748413085938,103.6891174316406,8.490890502929688
39192,0.0534515380859375,0.806243896484375,-0.042816162109375,-0.2886805236339569,-1.23957633972168,0.17872154712677,49.48065185546875,103.9280090332031,7.180694580078125
39193,0.0534515380859375,0.806243896484375,-0.042816162109375,-0.2886805236339569,-1.23957633972168,0.17872154712677,49.48065185546875,103.9280090332031,7.180694580078125
39194,0.11737060546875,0.83599853515625,-0.141876220703125,-0.3131312727928162,-1.378386616706848,0.1709400564432144,50.0732421875,103.9273071289062,6.5401611328125
39195,0.1482086181640625,0.82269287109375,-0.1118621826171875,-0.3382395505905151,-1.428771495819092,0.1440687626600266,50.59483337402344,103.8630828857422,6.018753051757812
39196,0.1850738525390625,0.8263092041015625,-0.06890869140625,-0.3495111167430878,-1.223930478096008,0.0336756706237793,51.45840454101562,104.2664794921875,5.006240844726562
39197,0.1850738525390625,0.8263092041015625,-0.06890869140625,-0.3495111167430878,-1.223930478096008,0.0336756706237793,51.45840454101562,104.2664794921875,5.006240844726562
39198,0.1730804443359375,0.790283203125,-0.0528564453125,-0.3582087457180023,-1.130202174186707,-0.0079149147495627,51.81700134277344,104.340087890625,4.847671508789062
39199,0.17230224609375,0.7840576171875,-0.04144287109375,-0.3483302891254425,-1.018773913383484,-0.0435038022696971,52.06251525878906,104.3585662841797,4.754013061523438
39200,0.173583984375,0.786346435546875,-0.0211639404296875,-0.3198613524436951,-0.8858590126037598,-0.0671050027012825,52.38206481933594,104.3925628662109,4.694412231445312
39201,0.120941162109375,0.7631988525390625,-0.0139617919921875,-0.332083135843277,-0.8134787678718567,-0.0415975116193294,52.71092224121094,104.2427673339844,4.66009521484375
39202,0.04095458984375,0.7929840087890625,0.00152587890625,-0.3100020587444305,-0.626428484916687,0.059416189789772,52.90435791015625,104.1522064208984,4.850540161132812
39203,0.0430145263671875,0.8797760009765625,-0.0325469970703125,-0.285463958978653,-0.4548604488372803,0.12978595495224,53.03483581542969,104.2240600585938,5.111282348632812
39204,0.0875396728515625,0.95404052734375,-0.12176513671875,-0.2154121845960617,-0.2541915476322174,0.1364680975675583,53.30418395996094,104.0302886962891,5.394882202148438
39205,0.0875396728515625,0.95404052734375,-0.12176513671875,-0.2154121845960617,-0.2541915476322174,0.1364680975675583,53.30418395996094,104.0302886962891,5.394882202148438
39206,0.1147613525390625,0.9554595947265624,-0.1219940185546875,-0.1229493618011475,-0.183452382683754,0.1553397923707962,53.39057922363281,103.9081726074219,5.539138793945312
39207,0.1696929931640625,0.9232177734375,-0.131256103515625,-0.012459066696465,-0.1031532809138298,0.1637684255838394,53.35575866699219,103.9672088623047,5.595657348632812
39208,0.1691131591796875,0.9258880615234376,-0.1553802490234375,0.0934854745864868,-0.1275731325149536,0.1316118240356445,53.5037841796875,104.0299835205078,5.577667236328125
39209,0.173492431640625,0.9643402099609376,-0.1605987548828125,0.0934854745864868,-0.1275731325149536,0.1316118240356445,53.53744506835938,103.9901885986328,5.52838134765625
39210,0.181610107421875,1.005096435546875,-0.152313232421875,0.0933680310845375,-0.2012747824192047,0.0695820078253746,53.69911193847656,104.0690765380859,5.54510498046875
39211,0.190277099609375,1.035888671875,-0.1409759521484375,0.0863782986998558,-0.2836817800998688,0.0124225812032818,53.76982116699219,104.097900390625,5.59136962890625
39212,0.216217041015625,1.061431884765625,-0.059326171875,0.2177301943302155,-0.1687802225351334,-0.0676277801394462,53.89317321777344,104.0172119140625,5.54083251953125
39213,0.216217041015625,1.061431884765625,-0.059326171875,0.2177301943302155,-0.1687802225351334,-0.0676277801394462,53.89317321777344,104.0172119140625,5.54083251953125
39214,0.1979217529296875,1.071609497070312,-0.0767669677734375,0.2734081149101257,-0.0824384167790412,-0.0862182453274726,53.94090270996094,103.9500885009766,5.643936157226562
39215,0.17181396484375,1.072616577148438,-0.096588134765625,0.2893700301647186,-0.0396097265183925,-0.0875671356916427,53.95198059082031,104.0231323242188,5.548507690429688
39216,0.13018798828125,1.068771362304688,-0.1419830322265625,0.3332850337028503,-0.0111461281776428,-0.0970610380172729,53.86744689941406,104.1991577148438,5.186798095703125
39217,0.13018798828125,1.068771362304688,-0.1419830322265625,0.3332850337028503,-0.0111461281776428,-0.0970610380172729,53.86744689941406,104.1991577148438,5.186798095703125
39218,0.1247711181640625,1.075180053710938,-0.18212890625,0.3703602254390717,0.0247032158076763,-0.1316352635622025,53.79000854492188,104.2550201416016,4.996185302734375
39219,0.123870849609375,1.0841064453125,-0.23016357421875,0.4325351715087891,0.0259447805583477,-0.200471043586731,53.70599365234375,104.2540740966797,4.902938842773438
39220,0.1925811767578125,1.125,-0.153472900390625,0.4962113499641418,-0.1684947460889816,-0.2583218216896057,53.55062866210938,104.7122039794922,4.385726928710938
39221,0.1925811767578125,1.125,-0.153472900390625,0.4962113499641418,-0.1684947460889816,-0.2583218216896057,53.55062866210938,104.7122039794922,4.385726928710938
39222,0.3160247802734375,1.176712036132812,0.028411865234375,0.4321476817131042,-0.1990747451782227,-0.1868915855884552,53.47021484375,104.5904235839844,4.25616455078125
39223,0.4074249267578125,1.235946655273438,0.1799468994140625,0.3252630531787872,-0.0520192570984363,-0.0550478063523769,53.41989135742188,104.6970367431641,4.181427001953125
39224,0.465301513671875,1.335723876953125,0.211212158203125,0.1481114327907562,0.1711270064115524,0.2689430415630341,53.431396484375,104.9542083740234,3.872161865234375
39225,0.465301513671875,1.335723876953125,0.211212158203125,0.1481114327907562,0.1711270064115524,0.2689430415630341,53.431396484375,104.9542083740234,3.872161865234375
39226,0.4777679443359375,1.33099365234375,0.1723785400390625,0.1693999469280243,0.2824980020523071,0.4248868525028229,53.48704528808594,104.9481048583984,3.65875244140625
39227,0.4157562255859375,1.314620971679688,0.110626220703125,0.246494472026825,0.3201135694980621,0.5116387605667114,53.51925659179688,104.9294128417969,3.622146606445312
39228,0.3085479736328125,1.276031494140625,0.070709228515625,0.5352815389633179,0.2761895060539246,0.4041948914527893,53.834228515625,105.0390014648438,3.415481567382812
39229,0.3085479736328125,1.276031494140625,0.070709228515625,0.5352815389633179,0.2761895060539246,0.4041948914527893,53.834228515625,105.0390014648438,3.415481567382812
39230,0.3036651611328125,1.217361450195312,0.085784912109375,0.6481726765632629,0.1041514351963997,0.1966816335916519,53.94253540039062,105.1915893554688,3.26629638671875
39231,0.2212982177734375,1.028182983398438,0.158721923828125,0.6800738573074341,-0.127807229757309,0.0486974976956844,54.05281066894531,105.2180023193359,3.130996704101562
39232,0.2060699462890625,0.837554931640625,0.2928466796875,0.5288065671920776,-0.396195262670517,0.0217252690345048,54.20816040039062,105.4243011474609,2.651199340820312
39233,0.2060699462890625,0.837554931640625,0.2928466796875,0.5288065671920776,-0.396195262670517,0.0217252690345048,54.20816040039062,105.4243011474609,2.651199340820312
39234,0.1894683837890625,0.7476959228515625,0.357452392578125,0.3957571983337402,-0.4549842774868011,0.0446473620831966,54.28279113769531,105.4273223876953,2.569793701171875
39235,0.1485137939453125,0.6679840087890625,0.405303955078125,0.1454799622297287,-0.2760273218154907,0.0328223966062068,54.25868225097656,105.5998687744141,2.617874145507812
39236,0.053466796875,0.634124755859375,0.4915008544921875,0.0881154760718345,-0.0313805602490901,-0.0285123344510793,54.06826782226562,105.9875335693359,2.772018432617188
39237,0.053466796875,0.634124755859375,0.4915008544921875,0.0881154760718345,-0.0313805602490901,-0.0285123344510793,54.06826782226562,105.9875335693359,2.772018432617188
39238,0.0124053955078125,0.71002197265625,0.4724578857421875,0.0309200994670391,0.1591193526983261,-0.1170035824179649,53.97348022460938,106.0330047607422,3.006805419921875
39239,-0.0063934326171875,0.800994873046875,0.432586669921875,-0.1318264752626419,0.1158432438969612,-0.2505888044834137,53.93412780761719,105.9356231689453,3.113006591796875
39240,-0.0121917724609375,0.8752593994140625,0.3850860595703125,-0.1318264752626419,0.1158432438969612,-0.2505888044834137,53.88992309570312,105.8866729736328,3.267242431640625
39241,0.0214080810546875,0.98272705078125,0.3000640869140625,-0.2275836318731308,-0.0480154640972614,-0.2547036707401276,53.64871215820312,105.7797546386719,3.78167724609375
39242,0.07611083984375,1.0570068359375,0.18170166015625,-0.3247413337230682,-0.3263472318649292,-0.2665813565254211,53.35498046875,105.7110290527344,4.409164428710938
39243,0.12689208984375,1.108200073242188,0.0512237548828125,-0.4918488264083862,-0.6223615407943726,-0.2865222990512848,53.0286865234375,105.5126037597656,5.06439208984375
39244,0.246124267578125,1.116592407226562,-0.0713653564453125,-0.790216863155365,-0.8877671360969543,-0.3608700335025787,52.31571960449219,105.0050354003906,7.9176025390625
39245,0.246124267578125,1.116592407226562,-0.0713653564453125,-0.790216863155365,-0.8877671360969543,-0.3608700335025787,52.31571960449219,105.0050354003906,7.9176025390625
39246,0.276763916015625,1.105392456054688,-0.0841522216796875,-0.750382661819458,-1.179828524589539,-0.3698728680610657,51.93388366699219,104.5266876220703,9.7628173828125
39247,0.298095703125,1.081710815429688,-0.0003204345703125,-0.6569653749465942,-1.336445569992065,-0.3391304016113281,51.45797729492188,103.8694458007812,12.07489013671875
39248,0.3150177001953125,0.981964111328125,0.0974578857421875,-0.1810773760080338,-0.5197467803955078,-0.184962123632431,50.80064392089844,103.0440979003906,17.00155639648438
39249,0.3150177001953125,0.981964111328125,0.0974578857421875,-0.1810773760080338,-0.5197467803955078,-0.184962123632431,50.80064392089844,103.0440979003906,17.00155639648438
39250,0.294830322265625,0.9554290771484376,0.04864501953125,-0.1810773760080338,-0.5197467803955078,-0.184962123632431,50.63604736328125,103.0514831542969,19.21041870117188
39251,0.2611236572265625,0.94598388671875,-0.066864013671875,-0.1499879062175751,-0.6233858466148376,-0.1872061043977737,50.46040344238281,102.9783020019531,21.0499267578125
39252,0.12255859375,0.87811279296875,0.0921630859375,-0.0189728923141956,-0.793877124786377,-0.2105729430913925,50.58016967773438,102.905517578125,23.00267028808594
39253,0.12255859375,0.87811279296875,0.0921630859375,-0.0189728923141956,-0.793877124786377,-0.2105729430913925,50.58016967773438,102.905517578125,23.00267028808594
39254,0.08770751953125,0.8332061767578125,0.12945556640625,0.0119418809190392,-0.8585895299911499,-0.2457306683063507,50.76795959472656,102.7579803466797,23.46234130859375
39255,0.0646514892578125,0.81463623046875,0.1540985107421875,-0.026577016338706,-0.978204905986786,-0.2693281471729279,50.93443298339844,102.6721649169922,23.7396240234375
39256,0.0955352783203125,0.8590545654296875,0.2182159423828125,-0.2936646342277527,-1.165011763572693,-0.1884045302867889,51.18659973144531,102.8390350341797,24.66189575195312
39257,0.0955352783203125,0.8590545654296875,0.2182159423828125,-0.2936646342277527,-1.165011763572693,-0.1884045302867889,51.18659973144531,102.8390350341797,24.66189575195312
39258,0.0641021728515625,0.8972015380859375,0.24371337890625,-0.2936646342277527,-1.165011763572693,-0.1884045302867889,51.41128540039062,102.9250183105469,25.21237182617188
39259,0.064361572265625,0.935394287109375,0.1868896484375,-0.3668488264083862,-1.050753712654114,-0.1329298168420792,51.68927001953125,103.1733093261719,25.64997863769531
39260,0.00537109375,0.954345703125,0.0943603515625,-0.5029299855232239,-0.9347658157348632,-0.1316624283790588,51.97091674804688,103.1502990722656,26.40634155273438
39261,0.00537109375,0.954345703125,0.0943603515625,-0.5029299855232239,-0.9347658157348632,-0.1316624283790588,51.97091674804688,103.1502990722656,26.40634155273438
39262,0.00244140625,0.9486083984375,0.051025390625,-0.5329131484031677,-1.194018959999084,-0.1911688894033432,52.14317321777344,102.9001617431641,26.90840148925781
39263,0.0023345947265625,0.9681396484375,0.0762481689453125,-0.5393332839012146,-1.414872765541077,-0.2447804510593414,52.30784606933594,102.781005859375,27.40534973144531
39264,-0.0388641357421875,0.9797821044921876,0.1008148193359375,-0.6445779204368591,-1.571331024169922,-0.2739250361919403,52.48004150390625,102.3549652099609,28.492431640625
39265,-0.0388641357421875,0.9797821044921876,0.1008148193359375,-0.6445779204368591,-1.571331024169922,-0.2739250361919403,52.48004150390625,102.3549652099609,28.492431640625
39266,-0.0474853515625,0.9910736083984376,0.1275177001953125,-0.6748905777931213,-1.381494879722595,-0.2387055158615112,52.654052734375,102.3053894042969,29.00845336914062
39267,-0.049102783203125,0.9585113525390624,0.0980377197265625,-0.6352323293685913,-1.270203232765198,-0.2121351659297943,52.82612609863281,102.2809906005859,29.61083984375
39268,-0.0301361083984375,0.9758148193359376,0.1092071533203125,-0.4493437111377716,-0.997786581516266,-0.1277220100164413,53.26969909667969,102.0110015869141,30.61976623535156
39269,-0.0301361083984375,0.9758148193359376,0.1092071533203125,-0.4493437111377716,-0.997786581516266,-0.1277220100164413,53.26969909667969,102.0110015869141,30.61976623535156
39270,-0.0275421142578125,0.98150634765625,0.1091461181640625,-0.3487403988838196,-0.9306789040565492,-0.0897139087319374,53.45225524902344,101.8966217041016,30.92324829101562
39271,-0.003143310546875,0.99017333984375,0.1132659912109375,-0.296328067779541,-0.9219956994056702,-0.0935640409588813,53.66726684570312,101.6483001708984,31.10888671875
39272,-0.048187255859375,0.9069976806640624,0.1928253173828125,-0.2409878522157669,-1.055698037147522,-0.0675726532936096,54.064697265625,101.510009765625,31.71807861328125
39273,-0.048187255859375,0.9069976806640624,0.1928253173828125,-0.2409878522157669,-1.055698037147522,-0.0675726532936096,54.064697265625,101.510009765625,31.71807861328125
39274,0.0655364990234375,0.976654052734375,0.15399169921875,-0.3097597062587738,-0.8595421314239502,-0.118596151471138,54.23300170898438,101.4576263427734,32.04571533203125
39275,0.0301361083984375,0.9821624755859376,0.0833740234375,-0.3692997395992279,-0.7385515570640564,-0.0716600716114044,54.55958557128906,101.4314575195312,32.30340576171875
39276,0.07183837890625,1.031509399414062,0.0963897705078125,-0.2778851389884949,-0.6797409653663635,0.0078278295695781,55.23330688476562,101.0987396240234,32.98063659667969
39277,0.07183837890625,1.031509399414062,0.0963897705078125,-0.2778851389884949,-0.6797409653663635,0.0078278295695781,55.23330688476562,101.0987396240234,32.98063659667969
39278,0.07757568359375,1.015335083007812,0.1040496826171875,-0.1994531899690628,-0.5997697114944458,0.0165302399545908,55.68426513671875,100.9747161865234,32.88697814941406
39279,0.0423583984375,0.9764404296875,0.0893707275390625,-0.1401887983083725,-0.5211784839630127,0.0583290867507457,56.05213928222656,100.9467163085938,32.83462524414062
39280,-0.0119476318359375,0.96392822265625,0.11383056640625,0.0309113096445798,-0.4257867336273193,0.0795227885246276,56.6005859375,100.7370300292969,32.35093688964844
39281,-0.0119476318359375,0.96392822265625,0.11383056640625,0.0309113096445798,-0.4257867336273193,0.0795227885246276,56.6005859375,100.7370300292969,32.35093688964844
39282,-0.0666351318359375,0.891754150390625,0.177978515625,0.0309113096445798,-0.4257867336273193,0.0795227885246276,56.91404724121094,100.6746368408203,32.14239501953125
39283,-0.03009033203125,0.9646148681640624,0.160247802734375,0.0184604991227388,-0.4690591096878052,0.0565663389861583,57.04690551757812,100.5775299072266,32.05314636230469
39284,-0.04443359375,0.97406005859375,0.1649932861328125,-0.1342875063419342,-0.3971806466579437,0.0293472353368997,57.40647888183594,100.7292938232422,32.026123046875
39285,-0.04443359375,0.97406005859375,0.1649932861328125,-0.1342875063419342,-0.3971806466579437,0.0293472353368997,57.40647888183594,100.7292938232422,32.026123046875
39286,-0.0312347412109375,0.9781646728515624,0.094329833984375,-0.1587089598178864,-0.4168068170547485,0.0030322752427309,57.59022521972656,100.7411956787109,31.99176025390625
39287,-0.0198822021484375,0.9792938232421876,0.111114501953125,-0.1936533600091934,-0.4391193091869354,0.0208887699991464,57.61888122558594,100.6850891113281,32.13621520996094
39288,-0.031646728515625,0.9980926513671876,0.1475982666015625,-0.2005075365304947,-0.1729688495397568,0.1381091326475143,57.86114501953125,100.5220184326172,32.31771850585938
39289,-0.031646728515625,0.9980926513671876,0.1475982666015625,-0.2005075365304947,-0.1729688495397568,0.1381091326475143,57.86114501953125,100.5220184326172,32.31771850585938
39290,-0.0600738525390625,1.009994506835938,0.1500244140625,-0.2005075365304947,-0.1729688495397568,0.1381091326475143,58.00288391113281,100.5238647460938,32.28469848632812
39291,-0.0923614501953125,1.017227172851562,0.1156768798828125,-0.1484363377094269,-0.0647254660725593,0.1531610488891602,58.12559509277344,100.5795135498047,32.38444519042969
39292,-0.103179931640625,1.038314819335938,0.0924224853515625,-0.1557043790817261,-0.0953986942768096,0.1536335051059723,58.17324829101562,100.2810821533203,32.62571716308594
39293,-0.103179931640625,1.038314819335938,0.0924224853515625,-0.1557043790817261,-0.0953986942768096,0.1536335051059723,58.17324829101562,100.2810821533203,32.62571716308594
39294,-0.1029052734375,1.031784057617188,0.09515380859375,-0.1978331804275513,-0.1549666821956635,0.1374516040086746,58.23335266113281,100.1885070800781,32.77691650390625
39295,-0.1053466796875,1.021163940429688,0.0911407470703125,-0.2294510304927826,-0.2134225368499756,0.1277523636817932,58.38548278808594,100.2062072753906,33.02203369140625
39296,-0.1246795654296875,1.012863159179688,0.0724334716796875,-0.2016777247190475,-0.2541382610797882,0.1119097545742989,58.43356323242188,100.196533203125,32.88973999023438
39297,-0.1246795654296875,1.012863159179688,0.0724334716796875,-0.2016777247190475,-0.2541382610797882,0.1119097545742989,58.43356323242188,100.196533203125,32.88973999023438
39298,-0.1036376953125,1.035629272460938,0.0651397705078125,-0.1556210219860077,-0.2625756859779358,0.1117113530635834,58.58351135253906,100.1195068359375,32.87654113769531
39299,-0.083251953125,1.05084228515625,0.078704833984375,-0.1229179352521896,-0.2749316990375519,0.118884839117527,58.69483947753906,100.0353240966797,32.97671508789062
39300,-0.058685302734375,1.06561279296875,0.1534423828125,-0.1505018919706345,-0.2864727675914764,0.1637577712535858,58.89201354980469,100.0021362304688,33.00393676757812
39301,-0.058685302734375,1.06561279296875,0.1534423828125,-0.1505018919706345,-0.2864727675914764,0.1637577712535858,58.89201354980469,100.0021362304688,33.00393676757812
39302,-0.057586669921875,1.0618896484375,0.1748199462890625,-0.1981072276830673,-0.2441269159317017,0.1998073905706406,59.06407165527344,100.025634765625,33.02775573730469
39303,-0.056640625,1.095443725585938,0.1856842041015625,-0.2832303643226624,-0.1267853826284409,0.2572187483310699,59.28173828125,99.94798278808594,33.27230834960938
39304,-0.048858642578125,1.09051513671875,0.1737823486328125,-0.2832303643226624,-0.1267853826284409,0.2572187483310699,59.37477111816406,99.9313507080078,33.4052734375
39305,-0.049102783203125,1.135360717773438,0.1418609619140625,-0.3324320018291473,-0.0962381213903427,0.2590627074241638,59.5775146484375,99.8383331298828,33.50590515136719
39306,-0.03851318359375,1.121337890625,0.145355224609375,-0.3938170671463013,-0.0915807858109474,0.2056612819433212,59.65452575683594,99.7291259765625,33.68460083007812
39307,0.015960693359375,1.056640625,0.136749267578125,-0.4597438871860504,-0.2368727326393127,0.0422571748495101,59.81367492675781,99.58248901367188,33.77204895019531
39308,0.035797119140625,1.099563598632812,0.1444854736328125,-0.2161887586116791,-0.4077344834804535,-0.0739293545484542,60.11424255371094,99.26210021972656,33.48416137695312
39309,0.035797119140625,1.099563598632812,0.1444854736328125,-0.2161887586116791,-0.4077344834804535,-0.0739293545484542,60.11424255371094,99.26210021972656,33.48416137695312
39310,0.0799407958984375,1.122055053710938,0.1831817626953125,-0.2161887586116791,-0.4077344834804535,-0.0739293545484542,60.2176513671875,99.0564422607422,32.99349975585938
39311,0.140716552734375,1.13336181640625,0.2017822265625,-0.0923933163285255,-0.4215938448905945,-0.1641308814287186,60.34162902832031,99.0251007080078,32.36550903320312
39312,0.1727294921875,1.180892944335938,0.246917724609375,-0.0086874980479478,-0.4383776187896729,-0.3616993427276611,60.64663696289062,98.973388671875,30.64967346191406
39313,0.1727294921875,1.180892944335938,0.246917724609375,-0.0086874980479478,-0.4383776187896729,-0.3616993427276611,60.64663696289062,98.973388671875,30.64967346191406
39314,0.182861328125,1.211822509765625,0.25408935546875,-0.0086874980479478,-0.4383776187896729,-0.3616993427276611,60.60153198242188,99.14395141601562,29.66232299804688
39315,0.20263671875,1.2015380859375,0.233673095703125,-0.1070231199264526,-0.4689832031726837,-0.365294873714447,60.63804626464844,99.27842712402344,28.65101623535156
39316,0.1807708740234375,1.176483154296875,0.1799163818359375,-0.2556115388870239,-0.5961952209472656,-0.3077250719070435,60.52398681640625,99.3560028076172,27.84703063964844
39317,0.15838623046875,1.14556884765625,0.1483917236328125,-0.3900119364261627,-0.8228826522827148,-0.1867198199033737,60.40843200683594,99.37274169921876,27.25325012207031
39318,0.1746368408203125,1.108352661132812,0.16448974609375,-0.434150904417038,-1.057828307151794,-0.1163543090224266,60.29190063476562,99.50563049316406,26.96418762207031
39319,0.1391143798828125,1.12860107421875,0.2786712646484375,-0.3966871500015259,-1.029525279998779,-0.0083380909636616,60.38333129882812,99.4887237548828,26.92428588867188
39320,0.278656005859375,0.952850341796875,0.21990966796875,-0.3091495931148529,-0.9315977096557616,0.0471025295555591,60.59100341796875,99.32275390625,27.11320495605469
39321,0.337799072265625,0.8387603759765625,0.2406005859375,0.1506459712982178,-0.594606876373291,-0.1551357954740524,60.88224792480469,99.38461303710938,27.24806213378906
39322,0.30999755859375,0.75115966796875,0.24224853515625,0.1506459712982178,-0.594606876373291,-0.1551357954740524,61.23635864257812,99.34333801269533,27.69076538085938
39323,0.2724609375,0.7472686767578125,0.17449951171875,0.2671821713447571,-0.5814120173454285,-0.1172488629817963,61.44285583496094,99.34202575683594,27.98466491699219
39324,0.21051025390625,0.81048583984375,0.272796630859375,0.663120448589325,-0.26943039894104,-0.1880759000778198,61.68049621582031,99.6797332763672,27.92045593261719
39325,0.21051025390625,0.81048583984375,0.272796630859375,0.663120448589325,-0.26943039894104,-0.1880759000778198,61.68049621582031,99.6797332763672,27.92045593261719
39326,0.2866668701171875,0.7744140625,0.2291259765625,0.663120448589325,-0.26943039894104,-0.1880759000778198,61.69303894042969,99.82334899902344,27.76919555664062
39327,0.3559417724609375,0.762359619140625,0.21417236328125,0.6555256247520447,-0.1245206221938133,-0.2808407247066498,61.75711059570312,100.1788024902344,27.55145263671875
39328,0.52825927734375,0.7310028076171875,0.1917572021484375,0.3958000540733337,0.1618727892637253,-0.298048198223114,61.56132507324219,100.6064300537109,26.9163818359375
39329,0.52825927734375,0.7310028076171875,0.1917572021484375,0.3958000540733337,0.1618727892637253,-0.298048198223114,61.56132507324219,100.6064300537109,26.9163818359375
39330,0.5900115966796875,0.7512359619140625,0.177978515625,0.1263992190361023,0.074579432606697,-0.1681312173604965,61.43476867675781,100.7455902099609,26.64863586425781
39331,0.5823516845703125,0.7813873291015625,0.2505950927734375,-0.1429193317890167,-0.0957723334431648,-0.0654860660433769,61.09786987304688,100.7609252929688,26.4542236328125
39332,0.529327392578125,0.8178558349609375,0.3313446044921875,-0.4314696490764618,0.1715411245822906,0.0078203724697232,61.03065490722656,100.6089935302734,26.39198303222656
39333,0.4325714111328125,0.8431549072265625,0.2868499755859375,-0.3989798724651337,0.5741183757781982,0.0124611966311931,60.91445922851562,100.5116119384766,26.61064147949219
39334,0.4325714111328125,0.8431549072265625,0.2868499755859375,-0.3989798724651337,0.5741183757781982,0.0124611966311931,60.91445922851562,100.5116119384766,26.61064147949219
39335,0.33502197265625,0.8910369873046875,0.2238006591796875,-0.2735332846641541,1.038788318634033,0.0232089161872863,60.79191589355469,100.2929992675781,26.88882446289062
39336,0.195770263671875,0.9457855224609376,0.01837158203125,0.2055331766605377,1.606365442276001,0.1208081766963005,60.46232604980469,99.91886901855467,27.51033020019531
39337,0.15728759765625,1.04217529296875,-0.12445068359375,0.3861421048641205,1.465443253517151,0.1908351927995682,60.28715515136719,99.74114990234376,28.07801818847656
39338,0.15728759765625,1.04217529296875,-0.12445068359375,0.3861421048641205,1.465443253517151,0.1908351927995682,60.28715515136719,99.74114990234376,28.07801818847656
39339,0.1508636474609375,1.148635864257812,-0.2392425537109375,0.3270990252494812,0.330955296754837,-0.0170428995043039,60.11991882324219,99.77970886230467,28.78904724121094
39340,0.1177825927734375,1.129638671875,-0.123443603515625,0.2595612704753876,-0.2313520014286041,-0.1954848170280457,59.87843322753906,99.91064453125,29.87353515625
39341,0.1177825927734375,1.129638671875,-0.123443603515625,0.2595612704753876,-0.2313520014286041,-0.1954848170280457,59.87843322753906,99.91064453125,29.87353515625
39342,0.0944671630859375,1.060592651367188,0.02825927734375,0.227402001619339,-0.4455748200416565,-0.2696932554244995,59.82679748535156,100.0855407714844,30.00801086425781
39343,0.10870361328125,0.9720306396484376,0.0505218505859375,0.2329094111919403,-0.4856886863708496,-0.2198503315448761,59.80094909667969,100.3235473632812,29.8509521484375
39344,0.141265869140625,0.9275360107421876,0.019744873046875,0.2565425634384155,-0.5246142148971558,-0.1478413939476013,59.70732116699219,100.4159545898438,29.65803527832031
39345,0.173248291015625,0.908050537109375,0.022064208984375,0.2406091392040253,-0.5340213179588318,-0.0810407921671867,59.73796081542969,100.3901977539062,29.55178833007812
39346,0.2080841064453125,0.8774566650390625,0.0714111328125,0.1765313595533371,-0.4464107751846313,0.0014857775531709,59.79006958007812,100.4073944091797,29.50749206542969
39347,0.22918701171875,0.86163330078125,0.1239013671875,0.1146986186504364,-0.2796827852725983,0.0824847593903541,59.83811950683594,100.4037017822266,29.63198852539062
39348,0.237762451171875,0.817138671875,0.0853424072265625,-0.007489607669413,-0.1860170066356659,0.129393145442009,59.94801330566406,100.4118347167969,29.58676147460938
39349,0.215179443359375,0.8687286376953125,0.1071319580078125,-0.1216678470373154,-0.2157267034053802,0.1392953097820282,60.02177429199219,100.5203094482422,29.44244384765625
39350,0.1719207763671875,0.909576416015625,0.1302032470703125,-0.2164388298988342,-0.2307301461696625,0.2073236256837845,60.05540466308594,100.403564453125,29.52687072753906
39351,0.151397705078125,0.950439453125,0.10418701171875,-0.3709956407546997,-0.2329653352499008,0.2572331428527832,60.2261962890625,100.2890319824219,29.62066650390625
39352,0.127899169921875,0.9966888427734376,0.0674285888671875,-0.4552282392978668,-0.197720006108284,0.2889122366905212,60.33950805664062,100.1714019775391,29.35882568359375
39353,0.0973358154296875,1.003372192382812,0.0184478759765625,-0.448787122964859,-0.103121854364872,0.2869036793708801,60.52024841308594,99.92332458496094,28.97911071777344
39354,0.07501220703125,1.0152587890625,-0.0199737548828125,-0.368024080991745,-0.0194442719221115,0.2456995099782944,60.61093139648438,99.59095764160156,28.53738403320312
39355,0.06829833984375,1.025177001953125,-0.059234619140625,-0.2239287048578262,0.0030104373581707,0.1861496269702911,60.78018188476562,99.30429077148438,27.66456604003906
39356,0.0638580322265625,1.00701904296875,-0.0302734375,0.0694794729351997,-0.1093219593167305,0.0074011906981468,60.82769775390625,98.99375915527344,25.54466247558594
39357,0.0638580322265625,1.00701904296875,-0.0302734375,0.0694794729351997,-0.1093219593167305,0.0074011906981468,60.82769775390625,98.99375915527344,25.54466247558594
39358,0.067535400390625,1.002792358398438,0.0139007568359375,0.1634451150894165,-0.1588959097862244,-0.0790503472089767,60.82305908203125,98.93222045898438,24.56816101074219
39359,0.0826263427734375,0.988250732421875,0.0463104248046875,0.1702580153942108,-0.1604866087436676,-0.1732607334852219,60.87095642089844,99.14776611328124,23.66378784179688
39360,0.121124267578125,0.9500274658203124,0.0572357177734375,0.1743299961090088,-0.0842546895146369,-0.2025461792945862,60.89096069335938,99.34825134277344,21.60488891601562
39361,0.121124267578125,0.9500274658203124,0.0572357177734375,0.1743299961090088,-0.0842546895146369,-0.2025461792945862,60.89096069335938,99.34825134277344,21.60488891601562
39362,0.1123046875,0.8998870849609375,0.0216064453125,0.1845655888319016,-0.0161347612738609,-0.1259520649909973,60.89561462402344,99.42366027832033,20.7138671875
39363,0.114898681640625,0.9882965087890624,0.0405426025390625,0.267858624458313,0.1929572075605392,-0.0528078190982341,60.80601501464844,99.64239501953124,19.65275573730469
39364,0.092193603515625,0.97869873046875,-0.06134033203125,0.331035703420639,0.1277185529470444,-0.0880174711346626,60.9869384765625,100.0310211181641,17.66664123535156
39365,0.092193603515625,0.97869873046875,-0.06134033203125,0.331035703420639,0.1277185529470444,-0.0880174711346626,60.9869384765625,100.0310211181641,17.66664123535156
39366,0.11395263671875,0.994384765625,-0.049285888671875,0.331035703420639,0.1277185529470444,-0.0880174711346626,61.10296630859375,100.4731903076172,16.47286987304688
39367,0.1333465576171875,0.9881134033203124,-0.0482025146484375,0.3491127192974091,0.0920468345284462,-0.0914939641952514,61.26869201660156,100.7789611816406,15.2906494140625
39368,0.1786346435546875,1.022262573242188,-0.0324249267578125,0.32151198387146,0.0769072994589805,-0.0697950571775436,61.69636535644531,101.4127655029297,12.87911987304688
39369,0.1786346435546875,1.022262573242188,-0.0324249267578125,0.32151198387146,0.0769072994589805,-0.0697950571775436,61.69636535644531,101.4127655029297,12.87911987304688
39370,0.184478759765625,1.021286010742188,-0.0258941650390625,0.3004852533340454,0.0756630674004554,-0.0864051952958107,61.87144470214844,101.8741149902344,11.75457763671875
39371,0.1597137451171875,1.013137817382812,-0.01617431640625,0.3152823150157928,0.1169969290494919,-0.0938085168600082,62.18110656738281,102.2837677001953,10.75393676757812
39372,0.110748291015625,1.00286865234375,-0.0773773193359375,0.47031369805336,0.1849440187215805,-0.0909107327461242,62.8369140625,103.3243255615234,8.739227294921875
39373,0.110748291015625,1.00286865234375,-0.0773773193359375,0.47031369805336,0.1849440187215805,-0.0909107327461242,62.8369140625,103.3243255615234,8.739227294921875
39374,0.074310302734375,0.99993896484375,-0.085052490234375,0.587807834148407,0.176928699016571,-0.070657655596733,63.2200927734375,103.6219329833984,7.875534057617188
39375,0.0485076904296875,1.037017822265625,-0.062744140625,0.6950832009315491,0.1906655579805374,-0.0900550559163093,63.68063354492188,104.202880859375,6.878173828125
39376,0.003387451171875,1.051177978515625,-0.026092529296875,0.7445148825645447,0.1357857882976532,-0.1578889638185501,64.70124816894531,105.4967193603516,4.193527221679688
39377,0.003387451171875,1.051177978515625,-0.026092529296875,0.7445148825645447,0.1357857882976532,-0.1578889638185501,64.70124816894531,105.4967193603516,4.193527221679688
39378,0.002197265625,1.088043212890625,-0.0048065185546875,0.6825602054595947,0.0462396666407585,-0.1773606687784195,65.43504333496094,106.0767211914062,2.735260009765625
39379,0.0303497314453125,1.107284545898438,-0.0081329345703125,0.5939791798591614,-0.1183111965656281,-0.1584825813770294,66.17507934570312,106.9605407714844,1.268234252929688
39380,0.250579833984375,1.221237182617188,0.117401123046875,0.3901562988758087,-0.4613686800003052,-0.0545495264232158,68.01904296875,108.727783203125,-1.49969482421875
39381,0.250579833984375,1.221237182617188,0.117401123046875,0.3901562988758087,-0.4613686800003052,-0.0545495264232158,68.01904296875,108.727783203125,-1.49969482421875
39382,0.3657684326171875,1.288116455078125,0.230865478515625,0.3417038023471832,-0.440797358751297,-0.0003041329910047,69.06729125976562,109.6540069580078,-2.925735473632812
39383,0.433258056640625,1.305389404296875,0.299224853515625,0.311722457408905,-0.3086129724979401,0.0487853810191154,70.17068481445312,110.1958923339844,-3.974945068359375
39384,0.4307098388671875,1.237991333007812,0.331817626953125,0.2680785953998566,-0.1429973691701889,0.1159668192267418,71.01632690429688,110.7370452880859,-4.715194702148438
39385,0.3896942138671875,1.177398681640625,0.293701171875,0.2271825522184372,0.0272476002573967,0.1891827136278152,71.61907958984375,111.1921081542969,-5.123306274414062
39386,0.298583984375,1.136871337890625,0.16961669921875,0.2344119697809219,0.1121294647455215,0.2459903359413147,72.18257141113281,111.4835815429688,-5.470657348632812
39387,0.25,1.089248657226562,0.0404205322265625,0.2986820340156555,0.0277112554758787,0.22529037296772,72.84561157226562,111.7641754150391,-5.954330444335938
39388,0.2636566162109375,1.008941650390625,-0.0200042724609375,0.5953395366668701,-0.1746876537799835,-0.0398336984217166,74.07546997070312,112.3443450927734,-7.06744384765625
39389,0.262054443359375,0.920257568359375,0.0347900390625,0.6709200739860535,-0.2731540501117706,-0.1387019604444504,74.813232421875,112.8571014404297,-7.794326782226562
39390,0.262054443359375,0.920257568359375,0.0347900390625,0.6709200739860535,-0.2731540501117706,-0.1387019604444504,74.813232421875,112.8571014404297,-7.794326782226562
39391,0.2663421630859375,0.879547119140625,0.096405029296875,0.7325466871261597,-0.2471546679735184,-0.1998079270124435,75.60269165039062,113.4686584472656,-8.798919677734375
39392,0.2556610107421875,0.818450927734375,0.1284942626953125,0.6577264666557312,-0.2305663675069809,-0.1864825338125229,77.11279296875,115.0302581787109,-10.76193237304688
39393,0.2556610107421875,0.818450927734375,0.1284942626953125,0.6577264666557312,-0.2305663675069809,-0.1864825338125229,77.11279296875,115.0302581787109,-10.76193237304688
39394,0.239593505859375,0.800537109375,0.1624908447265625,0.5140737295150757,-0.2256365865468979,-0.0963489040732383,77.82382202148438,115.7673492431641,-11.90635681152344
39395,0.2192535400390625,0.7923583984375,0.18011474609375,0.3481859266757965,-0.2204599380493164,0.0146271456032991,78.78248596191406,116.3952026367188,-12.91169738769531
39396,0.10992431640625,0.7622528076171875,0.19976806640625,0.127248227596283,-0.1437023133039474,0.1321913301944733,80.78706359863281,117.5153503417969,-14.81826782226562
39397,0.10992431640625,0.7622528076171875,0.19976806640625,0.127248227596283,-0.1437023133039474,0.1321913301944733,80.78706359863281,117.5153503417969,-14.81826782226562
39398,0.0584869384765625,0.798309326171875,0.2031707763671875,0.0849010422825813,-0.0772804096341133,0.1077448353171349,81.80497741699219,118.0636138916016,-15.86970520019531
39399,0.0287017822265625,0.8524627685546875,0.204498291015625,0.0571644864976406,-0.0551612563431263,0.0428750291466713,82.71542358398438,118.6376190185547,-16.72860717773438
39400,0.010009765625,0.9016265869140624,0.2124786376953125,-0.0711032077670097,-0.2076634466648102,-0.1098402142524719,83.5653076171875,119.1276092529297,-17.62786865234375
39401,0.010009765625,0.9016265869140624,0.2124786376953125,-0.0711032077670097,-0.2076634466648102,-0.1098402142524719,83.5653076171875,119.1276092529297,-17.62786865234375
39402,0.09527587890625,0.9991912841796876,0.19775390625,-0.1311295181512833,-0.3104199171066284,-0.0988155230879783,85.09135437011719,120.0375366210938,-19.37303161621094
39403,0.1524200439453125,1.042724609375,0.1890106201171875,-0.1687821000814438,-0.3547295928001404,-0.0839990302920341,85.81623840332031,120.3721618652344,-19.9512939453125
39404,0.232421875,1.019439697265625,0.133544921875,-0.1479058414697647,-0.2906869649887085,-0.0584984645247459,86.787353515625,120.7361755371094,-20.47781372070312
39405,0.232421875,1.019439697265625,0.133544921875,-0.1479058414697647,-0.2906869649887085,-0.0584984645247459,86.787353515625,120.7361755371094,-20.47781372070312
39406,0.262054443359375,1.054107666015625,0.08905029296875,-0.0540192946791648,-0.2463229596614838,-0.0093242591246962,87.09025573730469,120.7810668945312,-20.58023071289062
39407,0.2642669677734375,1.064422607421875,0.0558624267578125,0.0442263185977935,-0.1813852339982986,0.0847551003098487,87.41757202148438,120.846923828125,-20.68150329589844
39408,0.2257537841796875,1.064804077148438,0.000823974609375,0.2249825149774551,-0.1554748117923737,0.185876652598381,87.96542358398438,121.2643432617188,-21.39161682128906
39409,0.2257537841796875,1.064804077148438,0.000823974609375,0.2249825149774551,-0.1554748117923737,0.185876652598381,87.96542358398438,121.2643432617188,-21.39161682128906
39410,0.2129364013671875,1.069412231445312,0.017822265625,0.306826263666153,-0.2117500603199005,0.1758812814950943,88.48974609375,121.4576873779297,-21.87547302246094
39411,0.1908111572265625,1.064132690429688,0.0335540771484375,0.3403157591819763,-0.2987070679664612,0.1448626518249512,89.01713562011719,121.6268768310547,-22.46333312988281
39412,0.158599853515625,1.068801879882812,0.0474700927734375,0.2868690490722656,-0.5905197262763977,0.0659776851534843,89.60443115234375,122.0016174316406,-23.07455444335938
39413,0.11859130859375,0.99737548828125,0.066619873046875,0.2252520322799683,-0.682761013507843,0.0006434197421185,90.13938903808594,122.111328125,-23.824462890625
39414,0.1002960205078125,0.9271240234375,0.1298370361328125,0.2252520322799683,-0.682761013507843,0.0006434197421185,90.6566162109375,122.3519287109375,-24.41703796386719
39415,0.1081085205078125,0.9272613525390624,0.12237548828125,0.1415600627660751,-0.7089025974273682,-0.0289831813424825,91.17063903808594,122.6827697753906,-24.98814392089844
39416,0.105865478515625,0.92083740234375,0.0592498779296875,0.0340663567185401,-0.8234549760818481,-0.0362235195934772,91.88714599609376,123.1459503173828,-25.92831420898438
39417,0.0955047607421875,0.9010162353515624,0.0235137939453125,-0.0817806199193,-1.072169184684753,-0.0695939883589744,92.7277374267578,123.5484008789062,-27.0865478515625
39418,0.0843505859375,0.8711395263671875,0.0271759033203125,-0.0817806199193,-1.072169184684753,-0.0695939883589744,93.69586181640624,124.0889129638672,-28.48291015625
39419,0.082977294921875,0.8708648681640625,0.0653228759765625,-0.0245982874184846,-1.038677573204041,-0.0625520572066307,94.7394561767578,124.6375579833984,-29.94985961914062
39420,0.099273681640625,0.8863677978515625,0.0558624267578125,0.0378134250640869,-0.9995373487472534,-0.0335808619856834,95.9040985107422,125.5394592285156,-31.94367980957031
39421,0.10223388671875,0.930938720703125,0.0961456298828125,0.053080528974533,-0.9348837733268738,-0.0229005217552185,97.01896667480467,126.7484588623047,-34.07286071777344
39422,0.10205078125,0.95465087890625,0.0591278076171875,-0.0994163379073143,-1.097974181175232,-0.0227335412055254,98.18348693847656,128.5107421875,-36.07731628417969
39423,0.1090087890625,0.955963134765625,0.049224853515625,-0.0994163379073143,-1.097974181175232,-0.0227335412055254,99.15809631347656,130.5834197998047,-38.11753845214844
39424,0.1216888427734375,0.9580841064453124,0.03753662109375,-0.3201836049556732,-0.9961380958557128,-0.0156902801245451,100.5446166992188,136.1544494628906,-40.57435607910156
39425,0.1216888427734375,0.9580841064453124,0.03753662109375,-0.3201836049556732,-0.9961380958557128,-0.0156902801245451,100.5446166992188,136.1544494628906,-40.57435607910156
39426,0.1216278076171875,0.9615325927734376,0.0155029296875,-0.3702382445335388,-1.00184440612793,-0.0137325897812843,100.6727142333984,139.9400329589844,-40.21536254882812
39427,0.1086578369140625,0.9595184326171876,-0.0113372802734375,-0.3773608803749084,-0.969687283039093,-0.0161139890551567,100.4518890380859,144.3629760742188,-38.57928466796875
39428,0.1029510498046875,0.95306396484375,-0.05450439453125,-0.3641899526119232,-1.046084642410278,-0.0242600664496421,99.05085754394533,154.5971527099609,-32.42073059082031
39429,0.1029510498046875,0.95306396484375,-0.05450439453125,-0.3641899526119232,-1.046084642410278,-0.0242600664496421,99.05085754394533,154.5971527099609,-32.42073059082031
39430,0.1173095703125,0.9759674072265624,-0.0504302978515625,-0.3641899526119232,-1.046084642410278,-0.0242600664496421,98.21156311035156,159.7716827392578,-28.71907043457031
39431,0.1365966796875,0.993560791015625,-0.0620880126953125,-0.3681777715682983,-1.127437233924866,-0.0164716504514217,97.47691345214844,165.0048980712891,-25.38589477539062
39432,0.1100311279296875,0.98858642578125,-0.0422210693359375,-0.3620588779449463,-1.148372054100037,-0.0200003404170274,96.164794921875,174.0693511962891,-20.53712463378906
39433,0.1100311279296875,0.98858642578125,-0.0422210693359375,-0.3620588779449463,-1.148372054100037,-0.0200003404170274,96.164794921875,174.0693511962891,-20.53712463378906
39434,0.087646484375,0.984527587890625,-0.051300048828125,-0.3367079794406891,-1.190226912498474,-0.0244171917438507,95.53146362304688,177.4425354003906,-19.12606811523438
39435,0.064544677734375,0.969085693359375,-0.0348052978515625,-0.2237899452447891,-1.134949803352356,-0.011208445765078,95.20654296875,179.9473571777344,-18.36665344238281
39436,0.028961181640625,0.965423583984375,-0.015472412109375,-0.1804283708333969,-1.07073700428009,0.0264856703579425,95.06044006347656,181.4058532714844,-18.48141479492188
39437,0.028961181640625,0.965423583984375,-0.015472412109375,-0.1804283708333969,-1.07073700428009,0.0264856703579425,95.06044006347656,181.4058532714844,-18.48141479492188
39438,0.0262603759765625,1.091781616210938,-0.0531768798828125,-0.2349555194377899,-1.120850682258606,0.0416047014296054,95.47354125976562,181.7046966552734,-20.75723266601562
39439,0.0193634033203125,1.100936889648438,-0.0655975341796875,-0.2349555194377899,-1.120850682258606,0.0416047014296054,95.51809692382812,180.7846832275391,-22.81660461425781
39440,0.0066375732421875,1.092941284179688,-0.076995849609375,-0.2788313627243042,-1.148212552070618,0.0336194783449173,95.18801879882812,179.6136322021484,-25.65748596191406
39441,-0.0047454833984375,1.072128295898438,-0.0716400146484375,-0.2850416004657745,-1.190282583236694,0.0026114957872778,94.35890197753906,178.1996002197266,-28.99784851074219
39442,-0.02166748046875,1.06256103515625,-0.05126953125,-0.2418863922357559,-1.194512128829956,-0.0257229395210743,93.13600158691406,176.7037048339844,-32.73855590820312
39443,-0.0207977294921875,1.0255126953125,-0.0552520751953125,-0.1167343407869339,-1.364660143852234,-0.0530823916196823,91.56184387207033,174.7573547363281,-36.72264099121094
39444,-0.030364990234375,0.9698638916015624,-0.0196075439453125,-0.1167343407869339,-1.364660143852234,-0.0530823916196823,89.63040161132812,172.3358459472656,-40.82968139648438
39445,-0.0203399658203125,0.9649810791015624,0.0089111328125,-0.121370367705822,-1.401687979698181,-0.0606433749198913,87.0142822265625,169.0846405029297,-44.75320434570312
39446,-0.0010528564453125,0.974029541015625,0.0347442626953125,-0.1575273126363754,-1.422429800033569,-0.0728880539536476,83.90357971191406,165.1280059814453,-48.19245910644531
39447,-0.013671875,0.94390869140625,0.041748046875,-0.3167654275894165,-1.518036127090454,-0.0222033057361841,80.62748718261719,160.6585388183594,-50.92730712890625
39448,-0.0316009521484375,0.9858856201171876,0.0720062255859375,-0.0526453666388988,-0.7615442276000977,0.0289533548057079,74.76593017578125,153.2876434326172,-52.11598205566406
39449,-0.0316009521484375,0.9858856201171876,0.0720062255859375,-0.0526453666388988,-0.7615442276000977,0.0289533548057079,74.76593017578125,153.2876434326172,-52.11598205566406
39450,-0.01361083984375,0.9796142578125,-0.0750579833984375,-0.0526453666388988,-0.7615442276000977,0.0289533548057079,73.11503601074219,150.7031860351562,-50.79133605957031
39451,-0.0332794189453125,1.0252685546875,-0.0542144775390625,-0.0176405124366283,-0.8733812570571899,0.0335081592202186,72.52096557617188,148.8764495849609,-49.74794006347656
39452,-0.0379180908203125,0.99090576171875,0.0006256103515625,0.0365231223404407,-0.8771805167198181,0.0321603342890739,72.65092468261719,147.7604064941406,-49.25819396972656
39453,-0.046112060546875,0.9478759765625,0.0380096435546875,0.067614197731018,-0.6750364899635315,0.0700512528419494,73.1903076171875,147.2161254882812,-49.27861022949219
39454,-0.06781005859375,0.9503021240234376,0.063323974609375,0.067614197731018,-0.6750364899635315,0.0700512528419494,73.67817687988281,146.9591064453125,-49.34564208984375
39455,-0.0769500732421875,0.952239990234375,0.058013916015625,0.054574828594923,-0.5947751998901367,0.081526018679142,73.99362182617188,146.8426513671875,-49.38583374023438
39456,-0.0840606689453125,0.9940643310546876,0.07000732421875,0.0524879768490791,-0.4887435734272003,0.0800365135073661,74.38262939453125,147.0769500732422,-49.741455078125
39457,-0.0840606689453125,0.9940643310546876,0.07000732421875,0.0524879768490791,-0.4887435734272003,0.0800365135073661,74.38262939453125,147.0769500732422,-49.741455078125
39458,-0.083251953125,1.021636962890625,0.0558929443359375,0.1189064159989357,-0.4248349070549011,0.0809292048215866,74.53646850585938,147.0923156738281,-49.70060729980469
39459,-0.09625244140625,1.020263671875,0.038055419921875,0.2296039015054703,-0.3462255895137787,0.1002760007977486,74.74684143066406,147.212890625,-49.49832153320312
39460,-0.072998046875,1.032485961914062,0.0071258544921875,0.36970055103302,-0.2693438529968262,0.0796958953142166,74.80973815917969,147.6226501464844,-49.12226867675781
39461,-0.072998046875,1.032485961914062,0.0071258544921875,0.36970055103302,-0.2693438529968262,0.0796958953142166,74.80973815917969,147.6226501464844,-49.12226867675781
39462,-0.054473876953125,1.017181396484375,0.01123046875,0.36970055103302,-0.2693438529968262,0.0796958953142166,74.56706237792969,148.1222229003906,-49.00439453125
39463,-0.04296875,1.023895263671875,0.002899169921875,0.3611150681972504,-0.301639199256897,0.0363873019814491,74.12940979003906,148.8509979248047,-48.80522155761719
39464,-0.0350189208984375,0.9978485107421876,0.055908203125,0.2550730407238007,-0.3595211505889893,-0.0347683653235435,73.36244201660156,151.0990295410156,-48.30868530273438
39465,-0.0350189208984375,0.9978485107421876,0.055908203125,0.2550730407238007,-0.3595211505889893,-0.0347683653235435,73.36244201660156,151.0990295410156,-48.30868530273438
39466,-0.0032196044921875,0.99981689453125,0.0856170654296875,0.227494940161705,-0.3273142278194427,-0.060390904545784,73.03268432617188,152.1714019775391,-47.95419311523438
39467,0.0275115966796875,1.024566650390625,0.0985870361328125,0.1879629790782928,-0.2773043215274811,-0.0783398151397705,72.88761901855469,153.4198913574219,-47.55937194824219
39468,0.0548858642578125,1.06097412109375,0.1009674072265625,0.0769597589969635,-0.1583267897367477,-0.1195037588477135,72.60377502441406,154.8413543701172,-46.92593383789062
39469,0.080841064453125,1.088592529296875,0.1107940673828125,0.0769597589969635,-0.1583267897367477,-0.1195037588477135,72.41445922851562,156.4360046386719,-46.31744384765625
39470,0.0997772216796875,1.096466064453125,0.1071319580078125,0.0377548336982727,-0.0697218254208564,-0.1132083162665367,72.40797424316406,157.9584197998047,-45.41256713867188
39471,0.1096649169921875,1.096221923828125,0.06646728515625,-0.0080613885074853,0.0077798925340175,-0.1024443507194519,72.48143005371094,159.4732818603516,-44.2086181640625
39472,0.1194915771484375,1.093719482421875,0.0123138427734375,-0.0390390120446682,0.0236006677150726,-0.0972727537155151,72.49337768554688,160.7654113769531,-43.28324890136719
39473,0.1194915771484375,1.093719482421875,0.0123138427734375,-0.0390390120446682,0.0236006677150726,-0.0972727537155151,72.49337768554688,160.7654113769531,-43.28324890136719
39474,0.121551513671875,1.013092041015625,-0.0527191162109375,-0.0782165080308914,-0.0438340343534946,-0.1066550761461258,72.63720703125,162.3486480712891,-42.67962646484375
39475,0.1237030029296875,0.98638916015625,-0.07220458984375,-0.09315737336874,-0.188194677233696,-0.120189793407917,72.84220886230469,162.9577484130859,-42.51637268066406
39476,0.12158203125,0.970306396484375,-0.0905303955078125,-0.09315737336874,-0.188194677233696,-0.120189793407917,73.09597778320312,164.1659851074219,-42.71218872070312
39477,0.112030029296875,0.9577178955078124,-0.08172607421875,-0.0837114080786705,-0.4187053740024567,-0.1191370412707329,73.59822082519531,165.7099761962891,-43.08998107910156
39478,0.1019439697265625,0.9453582763671876,-0.041839599609375,-0.0837114080786705,-0.4187053740024567,-0.1191370412707329,74.55508422851562,167.6574554443359,-43.86740112304688
39479,0.0807342529296875,0.9151458740234376,-0.0363311767578125,-0.0934862717986106,-0.4947620630264282,-0.1168781518936157,75.68403625488281,169.8795623779297,-44.76983642578125
39480,0.06268310546875,1.008453369140625,0.0247650146484375,-0.1261310428380966,-0.4651018977165222,-0.1348523497581482,78.79377746582031,174.6909484863281,-47.01670837402344
39481,0.06268310546875,1.008453369140625,0.0247650146484375,-0.1261310428380966,-0.4651018977165222,-0.1348523497581482,78.79377746582031,174.6909484863281,-47.01670837402344
39482,0.0617218017578125,1.04998779296875,0.012237548828125,-0.1261310428380966,-0.4651018977165222,-0.1348523497581482,80.22332763671875,177.6009063720703,-48.04750061035156
39483,0.0547332763671875,1.087554931640625,0.0035552978515625,-0.1638666987419128,-0.4166955053806305,-0.1737110763788223,81.45045471191406,181.1585540771484,-48.83822631835938
39484,0.035125732421875,1.078933715820312,0.0188140869140625,-0.2050026804208755,-0.3634820580482483,-0.2175733298063278,82.20741271972656,185.5379180908203,-49.40774536132812
39485,0.022705078125,1.07940673828125,0.045013427734375,-0.2152361422777176,-0.2780531942844391,-0.2542045712471008,82.79566955566406,190.4564971923828,-49.69212341308594
39486,0.020294189453125,1.087066650390625,0.0439300537109375,-0.2338388562202454,-0.2044253051280975,-0.3025862276554108,83.174560546875,196.3790588378906,-50.10166931152344
39487,0.013916015625,1.050094604492188,0.04852294921875,-0.2640412449836731,-0.1789676249027252,-0.3365846872329712,83.53987121582031,203.4877014160156,-50.86279296875
39488,0.0219573974609375,1.024551391601562,0.05804443359375,-0.2743684351444244,-0.1603526622056961,-0.3634202778339386,83.79692077636719,212.3655395507812,-51.89344787597656
39489,0.0476226806640625,1.01641845703125,0.0775909423828125,-0.2649552226066589,-0.1551605612039566,-0.3790005743503571,83.2994384765625,235.7897491455078,-54.75694274902344
39490,0.0566558837890625,0.9842071533203124,0.083984375,-0.2392370849847794,-0.1347298473119736,-0.3822110295295715,81.93708801269531,250.4262390136719,-55.53050231933594
39491,0.0650787353515625,0.9615020751953124,0.06951904296875,-0.2181933224201202,-0.1430703401565552,-0.3626509010791779,79.23985290527344,266.4898376464844,-55.51718139648438
39492,0.0818023681640625,0.9735107421875,0.05291748046875,-0.2021408528089523,-0.1689224392175674,-0.3604942560195923,75.00479125976562,284.0193481445312,-54.72006225585938
39493,0.0848236083984375,0.96295166015625,0.0489654541015625,-0.194322869181633,-0.1905947178602219,-0.3435669541358948,69.73193359375,302.0855712890625,-53.26429748535156
39494,0.090179443359375,0.96234130859375,0.038970947265625,-0.1927074044942856,-0.1794962584972382,-0.3373807072639465,63.57901000976562,319.8997192382812,-51.55117797851562
39495,0.1030426025390625,0.9615631103515624,0.0212554931640625,-0.1982534378767014,-0.2309682369232178,-0.3289510011672974,57.06791687011719,337.4837341308594,-50.14518737792969
39496,0.1106719970703125,0.9741058349609376,0.04034423828125,-0.2090882360935211,-0.26333948969841,-0.329126238822937,50.35182189941406,354.7874755859375,-49.47685241699219
39497,0.1106719970703125,0.9741058349609376,0.04034423828125,-0.2090882360935211,-0.26333948969841,-0.329126238822937,50.35182189941406,354.7874755859375,-49.47685241699219
39498,0.1228179931640625,0.9563140869140624,0.052764892578125,-0.2109194248914719,-0.2598164081573486,-0.2968774735927582,37.51502990722656,387.6937561035156,-51.87239074707031
39499,0.1334075927734375,0.9649810791015624,0.0401763916015625,-0.2383225560188293,-0.3119259476661682,-0.2954231202602386,31.7216796875,402.8851318359375,-56.06158447265625
39500,0.1454620361328125,0.9544219970703124,0.0533447265625,-0.2555385529994965,-0.3115219473838806,-0.2533587515354156,22.11222839355469,424.4707946777344,-67.02229309082031
39501,0.1454620361328125,0.9544219970703124,0.0533447265625,-0.2555385529994965,-0.3115219473838806,-0.2533587515354156,22.11222839355469,424.4707946777344,-67.02229309082031
39502,0.1612396240234375,0.9607086181640624,0.0240478515625,-0.2311131060123444,-0.3052070438861847,-0.2099409848451614,19.42987060546875,428.8067321777344,-71.2359619140625
39503,0.1552581787109375,0.97344970703125,0.0218658447265625,-0.1878034621477127,-0.2999811172485352,-0.1319103688001633,18.36543273925781,430.3542785644531,-73.65487670898438
39504,0.1620025634765625,0.9964447021484376,0.0297698974609375,-0.1441630274057388,-0.2460550367832184,-0.0508863516151905,18.31892395019531,430.4076538085938,-74.58894348144531
39505,0.158233642578125,0.99993896484375,0.0254058837890625,-0.1243150234222412,-0.1513413190841675,0.0062413844279944,18.46568298339844,430.7960205078125,-75.00407409667969
39506,0.15673828125,0.9886932373046876,0.0236968994140625,-0.1365650296211243,-0.0962418466806411,0.0402161292731761,18.72087097167969,430.7790222167969,-75.67019653320312
39507,0.1586151123046875,0.967803955078125,0.0420684814453125,-0.1539418995380402,-0.049110822379589,0.061851117759943,18.94488525390625,431.0435180664062,-76.62077331542969
39508,0.16278076171875,0.9473876953125,0.0536346435546875,-0.1539602726697922,-0.0092616751790046,0.0852163583040237,19.0322265625,430.98388671875,-77.24417114257812
39509,0.16278076171875,0.9473876953125,0.0536346435546875,-0.1539602726697922,-0.0092616751790046,0.0852163583040237,19.0322265625,430.98388671875,-77.24417114257812
39510,0.194061279296875,0.9706268310546876,0.0380859375,-0.1367368102073669,-0.0126452213153243,0.1101145222783089,18.93449401855469,430.8005981445312,-76.01437377929688
39511,0.2071685791015625,0.9455718994140624,0.0250091552734375,-0.1390271335840225,-0.040923997759819,0.1117744669318199,18.91743469238281,428.678466796875,-74.06346130371094
39512,0.2032470703125,0.913360595703125,0.0164947509765625,-0.1325513869524002,-0.0432079248130321,0.0977476015686988,19.45848083496094,423.1538696289062,-71.61428833007812
39513,0.2045745849609375,0.9062957763671876,0.0059356689453125,-0.1185575425624847,-0.0394049286842346,0.0826946124434471,20.56465148925781,414.3253784179688,-69.58589172363281
39514,0.20947265625,0.927276611328125,-0.00732421875,-0.1064018085598946,-0.0333981700241565,0.078433021903038,22.17007446289062,403.7709655761719,-68.75613403320312
39515,0.2214813232421875,0.959381103515625,-0.0145111083984375,-0.1039093509316444,-0.0582824796438217,0.0852797403931617,24.16178894042969,392.494140625,-69.47932434082031
39516,0.23052978515625,0.9868316650390624,-0.0164337158203125,-0.1013069152832031,-0.0829007402062416,0.1060188412666321,26.75480651855469,379.7234497070312,-71.41192626953125
39517,0.234954833984375,1.00811767578125,-0.018310546875,-0.1024201139807701,-0.1150474920868874,0.1375176459550858,30.05738830566406,365.4599609375,-73.84979248046875
39518,0.23797607421875,1.026535034179688,-0.017822265625,-0.1084271371364594,-0.1383482813835144,0.1734141260385513,34.19810485839844,349.71875,-76.13923645019531
39519,0.2236175537109375,1.038787841796875,-0.0110626220703125,-0.1199996396899223,-0.1426154673099518,0.2035786956548691,38.78530883789062,333.5633850097656,-77.8580322265625
39520,0.1887359619140625,1.059890747070312,-0.0061187744140625,-0.1059093847870827,-0.0996799916028976,0.2302569001913071,48.28358459472656,305.6705322265625,-79.81475830078125
39521,0.1887359619140625,1.059890747070312,-0.0061187744140625,-0.1059093847870827,-0.0996799916028976,0.2302569001913071,48.28358459472656,305.6705322265625,-79.81475830078125
39522,0.176483154296875,1.092788696289062,3.0517578125e-05,-0.0910952910780906,-0.0834962278604507,0.2317948788404465,52.49832153320312,295.5419921875,-79.959228515625
39523,0.15582275390625,1.06939697265625,0.0092926025390625,-0.0917352437973022,-0.084321804344654,0.2299272119998932,55.85610961914062,287.2897338867188,-79.35240173339844
39524,0.1418609619140625,1.04400634765625,0.0302276611328125,-0.0957544893026351,-0.08087008446455,0.2278981506824493,58.75611877441406,280.3252563476562,-78.579345703125
39525,0.150970458984375,1.036727905273438,0.0547637939453125,-0.0966860651969909,-0.0799230635166168,0.2282835096120834,61.35360717773438,273.8897094726562,-77.59230041503906
39526,0.1783294677734375,1.03411865234375,0.064849853515625,-0.1172826811671257,-0.1093701645731926,0.2362466156482697,64.08676147460938,267.2076721191406,-76.81729125976562
39527,0.1982421875,1.00457763671875,0.073516845703125,-0.1477207541465759,-0.1416876316070557,0.2545148432254791,67.292724609375,259.8259887695312,-76.56204223632812
39528,0.213897705078125,0.9676361083984376,0.0689849853515625,-0.1741765886545181,-0.1536822319030762,0.267674058675766,70.65718078613281,251.347412109375,-75.96577453613281
39529,0.22052001953125,0.926025390625,0.0423431396484375,-0.1997093856334686,-0.1626251339912415,0.289678692817688,74.37422180175781,241.6555480957031,-74.9376220703125
39530,0.226593017578125,0.9108428955078124,0.0173492431640625,-0.1956810802221298,-0.1870228797197342,0.2956183254718781,78.08688354492188,231.7852020263672,-73.37722778320312
39531,0.224365234375,0.8956298828125,-0.00262451171875,-0.1638214290142059,-0.1869903951883316,0.3068720698356628,81.40780639648438,222.1933288574219,-71.60795593261719
39532,0.2093048095703125,0.8924713134765625,-0.021270751953125,-0.0842413753271102,-0.191429615020752,0.2995893657207489,84.31887817382812,213.0474243164062,-69.77839660644531
39533,0.1815948486328125,0.885101318359375,-0.0373077392578125,-0.0842413753271102,-0.191429615020752,0.2995893657207489,86.96578979492188,204.3753204345703,-68.26712036132812
39534,0.1485443115234375,0.8936309814453125,-0.0465850830078125,-0.0917821153998374,-0.2605229318141937,0.2970353960990906,89.25367736816406,195.9889678955078,-66.59504699707031
39535,0.1735992431640625,0.93975830078125,-0.0121917724609375,-0.0660405382513999,-0.1633849292993546,0.276490718126297,90.83682250976562,188.2950744628906,-64.65780639648438
39536,0.129302978515625,0.94061279296875,-0.0147857666015625,-0.1100551337003708,-0.2043158560991287,0.2830245196819305,91.8514404296875,181.2683258056641,-62.37582397460938
39537,0.129302978515625,0.94061279296875,-0.0147857666015625,-0.1100551337003708,-0.2043158560991287,0.2830245196819305,91.8514404296875,181.2683258056641,-62.37582397460938
39538,0.0792694091796875,0.95660400390625,0.0236053466796875,-0.2514543235301971,-0.2251865118741989,0.2790617346763611,93.51318359375,167.5288543701172,-57.449951171875
39539,0.089874267578125,0.9750518798828124,0.0509185791015625,-0.2514543235301971,-0.2251865118741989,0.2790617346763611,94.12370300292967,161.1913909912109,-54.86814880371094
39540,0.0706939697265625,0.99652099609375,0.023345947265625,-0.2140425145626068,-0.1115502268075943,0.2425623089075089,94.06863403320312,155.9987640380859,-51.79861450195312
39541,0.05584716796875,1.003341674804688,-0.0482635498046875,-0.184122696518898,-0.1329953372478485,0.2165815681219101,93.73927307128906,151.5613861083984,-49.11614990234375
39542,0.052947998046875,0.99420166015625,-0.0096435546875,-0.184122696518898,-0.1329953372478485,0.2165815681219101,93.5259246826172,147.7989959716797,-47.01734924316406
39543,0.062896728515625,1.004150390625,0.0171661376953125,-0.1504765897989273,-0.0757046118378639,0.1952248811721802,93.43057250976562,144.7193603515625,-45.23873901367188
39544,0.0630645751953125,1.010116577148438,-0.00250244140625,-0.1496222466230392,-0.0343585051596164,0.1856311112642288,93.12312316894533,142.7988128662109,-44.16165161132812
39545,0.0615997314453125,1.02313232421875,-0.0154266357421875,-0.1572141200304031,-0.0228211600333452,0.179654985666275,92.70716857910156,141.5591735839844,-43.40309143066406
39546,0.0561981201171875,1.035018920898438,-0.0128936767578125,-0.1443635672330856,0.0107226856052875,0.1746213436126709,92.38999938964844,140.7764129638672,-42.73844909667969
39547,0.0526580810546875,1.038070678710938,-0.0216217041015625,-0.1238220781087875,0.0221183523535728,0.1792935878038406,92.12277221679688,140.4693908691406,-42.21223449707031
39548,0.0489654541015625,1.034622192382812,-0.0192718505859375,-0.0986008718609809,0.0328767225146293,0.1694726496934891,91.80168151855467,139.87646484375,-41.68455505371094
39549,0.0467376708984375,1.033889770507812,-0.0140533447265625,-0.0814109668135643,0.0434979423880577,0.1557427197694778,91.3766632080078,139.2406616210938,-40.91365051269531
39550,0.0453338623046875,1.033432006835938,-0.0169219970703125,-0.0750409513711929,0.062965914607048,0.1498901546001434,91.066162109375,138.3407897949219,-40.11781311035156
39551,0.044586181640625,1.032577514648438,-0.0323638916015625,-0.0633289068937301,0.0774620324373245,0.1355668753385544,90.63957214355467,137.5282592773438,-39.335205078125
39552,0.0417633056640625,1.036376953125,-0.0537261962890625,-0.0321403592824935,0.0805294662714004,0.1213559880852699,90.26588439941406,136.6501159667969,-38.63711547851562
39553,0.0438385009765625,1.04150390625,-0.06927490234375,0.0337963141500949,0.0698786824941635,0.0965595617890358,90.12759399414062,135.7823181152344,-38.12925720214844
39554,0.05706787109375,1.0438232421875,-0.074920654296875,0.0337963141500949,0.0698786824941635,0.0965595617890358,90.020263671875,135.1637420654297,-37.72261047363281
39555,0.0666046142578125,1.040237426757812,-0.078033447265625,0.0629137158393859,0.0836759880185127,0.0745959430932998,89.99507141113281,134.5443420410156,-37.31367492675781
39556,0.0748748779296875,1.03082275390625,-0.0821990966796875,0.0866318270564079,0.084959365427494,0.0622519217431545,90.0098876953125,134.0215911865234,-37.05122375488281
39557,0.0797119140625,1.019302368164062,-0.0773468017578125,0.1031181290745735,0.0976139083504676,0.0571056306362152,90.10202026367188,133.8964385986328,-37.03445434570312
39558,0.080718994140625,1.005615234375,-0.084808349609375,0.1279068291187286,0.1407597810029984,0.053210224956274,90.1706085205078,133.763671875,-36.8724365234375
39559,0.08367919921875,1.004241943359375,-0.106201171875,0.1467652022838593,0.1607598513364792,0.0340511761605739,90.27528381347656,133.7030181884766,-36.78608703613281
39560,0.0836944580078125,1.006500244140625,-0.1162567138671875,0.167928546667099,0.1778789162635803,0.0056829191744327,90.32194519042967,133.8139801025391,-37.08836364746094
39561,0.07794189453125,1.009384155273438,-0.125518798828125,0.2306766211986542,0.2142310738563538,-0.0606002286076545,90.3098602294922,133.7038879394531,-37.29707336425781
39562,0.0677337646484375,1.008255004882812,-0.132598876953125,0.2306766211986542,0.2142310738563538,-0.0606002286076545,90.40618896484376,133.7864837646484,-37.33029174804688
39563,0.0590972900390625,1.013229370117188,-0.1337890625,0.264799177646637,0.2317091226577759,-0.1003167480230331,90.37713623046876,133.7384643554688,-37.34197998046875
39564,0.05126953125,1.019668579101562,-0.1251373291015625,0.2863691747188568,0.2489110231399536,-0.1429233253002167,90.3095245361328,133.7482604980469,-37.40589904785156
39565,0.047637939453125,1.01806640625,-0.1098785400390625,0.2904195785522461,0.2637152671813965,-0.1775356382131577,90.22607421875,133.6981811523438,-37.43185424804688
39566,0.05010986328125,1.038955688476562,-0.0911102294921875,0.2895151674747467,0.276416689157486,-0.2028015851974487,90.1146240234375,133.6449127197266,-37.24713134765625
39567,0.0628662109375,1.065902709960938,-0.081085205078125,0.2836018800735474,0.2566331326961517,-0.2051291763782501,89.96591186523438,133.7673492431641,-37.28990173339844
39568,0.0841522216796875,1.086959838867188,-0.061767578125,0.2672295570373535,0.210539922118187,-0.2067771404981613,89.66976928710938,133.9973754882812,-37.47434997558594
39569,0.1229400634765625,1.113494873046875,-0.0347137451171875,0.1811141222715378,0.0151286190375685,-0.160566508769989,89.40248107910156,133.7974243164062,-37.39404296875
39570,0.1697998046875,1.138198852539062,0.023651123046875,0.1811141222715378,0.0151286190375685,-0.160566508769989,89.05122375488281,133.186767578125,-36.94866943359375
39571,0.1970367431640625,1.153167724609375,0.0857391357421875,0.1834840774536133,-0.0720353126525878,-0.1099355518817902,88.70899963378906,132.1222229003906,-35.85176086425781
39572,0.208953857421875,1.16650390625,0.127288818359375,0.2067641019821167,-0.1743230670690536,-0.0426028557121753,88.29396057128906,130.5330200195312,-34.44190979003906
39573,0.2030792236328125,1.145263671875,0.1668548583984375,0.2227510511875153,-0.2143583744764328,0.0456444509327411,87.74214172363281,128.3816070556641,-32.36299133300781
39574,0.176177978515625,1.074234008789062,0.184967041015625,0.2023040950298309,-0.1751784682273865,0.1388191282749176,87.12574768066406,125.8114318847656,-29.73039245605469
39575,0.1561279296875,0.9744415283203124,0.182220458984375,0.1525631695985794,-0.1217381507158279,0.188340350985527,86.38084411621094,123.3032073974609,-27.11344909667969
39576,0.140899658203125,0.9198150634765624,0.212249755859375,0.176426962018013,-0.0089125344529747,0.1885635256767273,85.38792419433594,120.8711853027344,-24.5313720703125
39577,0.1287689208984375,0.87939453125,0.224639892578125,0.2285157293081284,0.1667311936616898,0.1650832295417786,84.38221740722656,119.0004119873047,-22.43609619140625
39578,0.1151580810546875,0.8454437255859375,0.20068359375,0.2585849463939667,0.3256904780864716,0.1514675468206406,83.42987060546875,117.4940490722656,-20.80340576171875
39579,0.104949951171875,0.8112030029296875,0.1608734130859375,0.2454502433538437,0.4044923484325409,0.1443249583244324,82.77458190917969,116.3343353271484,-19.33786010742188
39580,0.1189727783203125,0.7929229736328125,0.1257476806640625,0.2181991785764694,0.4224535226821899,0.1276839226484299,82.09422302246094,115.4877319335938,-18.33538818359375
39581,0.1315460205078125,0.753265380859375,0.0965576171875,0.1366167068481445,0.3232334554195404,0.1012981235980988,81.65992736816406,115.1375122070312,-17.68852233886719
39582,0.168212890625,0.760650634765625,0.0684967041015625,0.1366167068481445,0.3232334554195404,0.1012981235980988,81.36140441894531,114.9161987304688,-17.2545166015625
39583,0.20172119140625,0.79864501953125,0.061798095703125,0.0834480226039886,0.2502074539661407,0.1233717352151871,81.05976867675781,114.5335998535156,-16.70449829101562
39584,0.212493896484375,0.8358917236328125,0.044158935546875,0.06500855833292,0.1799159646034241,0.1830513179302216,80.82464599609375,114.1512603759766,-16.37867736816406
39585,0.2367706298828125,0.9136505126953124,0.042724609375,0.100505568087101,0.0836389735341072,0.1994931399822235,80.75421142578125,113.4859313964844,-15.92201232910156
39586,0.2488555908203125,0.9714508056640624,0.078216552734375,0.1556122303009033,0.069657377898693,0.1738066822290421,80.71473693847656,112.4305725097656,-15.07757568359375
39587,0.2342071533203125,1.008438110351562,0.122650146484375,0.1900218725204468,0.0905083268880844,0.1501575410366058,80.55859375,111.1955718994141,-14.2469482421875
39588,0.21307373046875,1.057754516601562,0.172149658203125,0.1860297918319702,0.1144490838050842,0.1585638076066971,80.25193786621094,109.8508453369141,-12.90164184570312
39589,0.2491455078125,1.109085083007812,0.2159271240234375,0.147439256310463,0.2656958699226379,0.1318134218454361,79.79452514648438,108.6468353271484,-11.77731323242188
39590,0.2419586181640625,1.141433715820312,0.2541961669921875,0.1437028348445892,0.4120040535926819,0.1623678654432297,79.24508666992188,107.2156524658203,-10.19497680664062
39591,0.2250823974609375,1.13604736328125,0.18359375,0.0474641881883144,0.4252663552761078,0.1359567642211914,78.77261352539062,105.984375,-8.608627319335938
39592,0.1766815185546875,1.136367797851562,0.2252960205078125,-0.0550928115844726,0.4188939332962036,0.1213690415024757,78.28106689453125,105.1056976318359,-7.163711547851562
39593,0.11077880859375,1.06195068359375,0.2066497802734375,-0.0357675850391387,0.6072553396224976,0.1208715587854385,77.80323791503906,104.3673400878906,-5.968780517578125
39594,0.0344696044921875,1.002273559570312,0.092681884765625,-0.0088422270491719,0.5575082898139954,0.1359035074710846,77.55458068847656,103.8510284423828,-4.863265991210938
39595,0.111083984375,1.05029296875,0.0916748046875,0.0115605155006051,0.446592390537262,0.1330957412719727,77.30384826660156,103.3748321533203,-3.902755737304688
39596,0.1251068115234375,1.013717651367188,0.0806427001953125,0.1181119903922081,0.3746726810932159,0.0740028545260429,77.13992309570312,102.9225158691406,-3.1253662109375
39597,0.1217498779296875,0.9315948486328124,0.0908355712890625,0.1921276301145554,0.1550793349742889,-0.0303112994879484,77.06956481933594,102.6139221191406,-2.569808959960938
39598,0.126678466796875,0.9097747802734376,0.1461029052734375,0.1921276301145554,0.1550793349742889,-0.0303112994879484,76.96437072753906,102.3666229248047,-2.011337280273438
39599,0.124420166015625,0.8770294189453125,0.1660003662109375,0.1788139492273331,0.0479829721152782,-0.071909874677658,76.79734802246094,102.0255126953125,-1.2794189453125
39600,0.1006317138671875,0.8392181396484375,0.1534881591796875,0.0796684622764587,-0.089124284684658,-0.094414122402668,76.71432495117188,101.8584442138672,-0.895294189453125
39601,0.0976104736328125,0.8694305419921875,0.162933349609375,-0.0435639880597591,-0.1924988776445389,-0.1170057132840157,76.54623413085938,101.6652679443359,-0.4172515869140625
39602,0.0995330810546875,0.9260711669921876,0.13690185546875,-0.1334483325481415,-0.2349113076925278,-0.1420668661594391,76.14488220214844,101.3790588378906,0.3407440185546875
39603,0.110687255859375,0.9591217041015624,0.0977783203125,-0.2078892886638641,-0.3181851506233215,-0.1514001786708832,75.94692993164062,101.1344299316406,1.356124877929688
39604,0.1217803955078125,0.97747802734375,0.09765625,-0.2347414046525955,-0.3293736279010773,-0.1535647958517075,75.60885620117188,100.8395843505859,2.394134521484375
39605,0.12750244140625,0.9834747314453124,0.084869384765625,-0.3041873276233673,-0.186124861240387,-0.124257504940033,75.24082946777344,100.4162750244141,3.735321044921875
39606,0.1565704345703125,1.026199340820312,0.1141510009765625,-0.3041873276233673,-0.186124861240387,-0.124257504940033,74.75547790527344,100.1067047119141,5.037765502929688
39607,0.15142822265625,1.046295166015625,0.11920166015625,-0.2163075357675552,0.0193606484681367,-0.0640543475747108,74.36582946777344,99.6625518798828,6.248046875
39608,0.142974853515625,1.008880615234375,0.0614776611328125,-0.1480754911899567,0.1385309845209122,-0.0401338376104831,74.06361389160156,99.3995361328125,7.445510864257812
39609,0.130340576171875,0.974334716796875,0.06280517578125,-0.1061030030250549,0.1815072149038315,-0.0481832399964332,73.64738464355469,99.06144714355467,8.825714111328125
39610,0.1298675537109375,0.981719970703125,0.1250457763671875,-0.1022736430168152,0.3176171183586121,-0.0427498593926429,73.21926879882812,98.84207153320312,10.20002746582031
39611,0.1245574951171875,0.9737701416015624,0.146026611328125,-0.091043621301651,0.4491471648216248,-0.0547977350652217,72.72724914550781,98.76536560058594,11.20222473144531
39612,0.0768585205078125,1.026901245117188,0.0764007568359375,-0.0827494710683822,0.1815391629934311,-0.0529694743454456,71.92263793945312,98.81295776367188,12.86016845703125
39613,0.0768585205078125,1.026901245117188,0.0764007568359375,-0.0827494710683822,0.1815391629934311,-0.0529694743454456,71.92263793945312,98.81295776367188,12.86016845703125
39614,0.0802459716796875,1.063385009765625,0.0934295654296875,-0.1215336248278618,0.0844251364469528,-0.0024096281267702,71.73411560058594,98.68815612792967,13.30882263183594
39615,0.088775634765625,0.9832305908203124,0.0833282470703125,-0.1738748550415039,0.0098465057089924,-0.0024346618447452,71.50814819335938,98.94166564941406,13.47929382324219
39616,0.091461181640625,0.9385833740234376,0.0698089599609375,-0.1939897090196609,0.0153166381642222,-0.0064459149725735,71.38200378417969,99.04440307617188,13.65428161621094
39617,0.091461181640625,0.9385833740234376,0.0698089599609375,-0.1939897090196609,0.0153166381642222,-0.0064459149725735,71.38200378417969,99.04440307617188,13.65428161621094
39618,0.0928802490234375,0.9345550537109376,0.0599822998046875,-0.1939897090196609,0.0153166381642222,-0.0064459149725735,71.32705688476562,99.05589294433594,13.67677307128906
39619,0.1127777099609375,0.9376068115234376,0.0479888916015625,-0.1934706568717957,-0.0091791171580553,0.0102230766788125,71.23365783691406,99.04139709472656,13.89747619628906
39620,0.1173553466796875,0.94354248046875,0.0623321533203125,-0.1999261677265167,-0.0131682660430669,0.024149278178811,71.23982238769531,99.07574462890624,13.89993286132812
39621,0.105804443359375,0.94586181640625,0.0596160888671875,-0.2070453315973282,-0.01871376670897,0.0554438158869743,71.13427734375,99.05192565917967,13.88066101074219
39622,0.1038055419921875,0.95062255859375,0.0409698486328125,-0.2070453315973282,-0.01871376670897,0.0554438158869743,71.17172241210938,99.0523681640625,14.05070495605469
39623,0.1013336181640625,0.956268310546875,0.0295562744140625,-0.20524662733078,-0.0589887499809265,0.0694501772522926,71.20535278320312,99.03370666503906,14.18569946289062
39624,0.1015777587890625,0.9629974365234376,0.024444580078125,-0.1989099085330963,-0.0927011743187904,0.0844839885830879,71.26727294921875,99.00514221191406,14.19932556152344
39625,0.1032562255859375,0.96966552734375,0.012603759765625,-0.1858572214841843,-0.1547347158193588,0.1010176911950111,71.33354187011719,98.85647583007812,14.42771911621094
39626,0.1041107177734375,0.973785400390625,0.002471923828125,-0.1858572214841843,-0.1547347158193588,0.1010176911950111,71.33598327636719,98.74034118652344,14.48851013183594
39627,0.101165771484375,0.9800262451171876,-0.0041656494140625,-0.1897148042917252,-0.1679770201444626,0.1040662154555321,71.41571044921875,98.65858459472656,14.53646850585938
39628,0.0947418212890625,0.9843597412109376,-0.0096435546875,-0.1833367943763733,-0.1695427000522614,0.1030145287513733,71.52891540527344,98.56182861328124,14.63131713867188
39629,0.0947418212890625,0.9843597412109376,-0.0096435546875,-0.1833367943763733,-0.1695427000522614,0.1030145287513733,71.52891540527344,98.56182861328124,14.63131713867188
39630,0.0659027099609375,0.9861602783203124,-0.01898193359375,-0.1605550497770309,-0.1750554293394089,0.0889477133750915,71.77371215820312,98.4267578125,14.91583251953125
39631,0.0527801513671875,0.984375,-0.021759033203125,-0.1327119767665863,-0.1879344880580902,0.0764487013220787,71.7655029296875,98.24037170410156,15.20167541503906
39632,0.03143310546875,0.99066162109375,-0.016754150390625,-0.0797187983989715,-0.2426893413066864,0.0340160243213176,71.89715576171875,98.15756225585938,15.43397521972656
39633,0.03143310546875,0.99066162109375,-0.016754150390625,-0.0797187983989715,-0.2426893413066864,0.0340160243213176,71.89715576171875,98.15756225585938,15.43397521972656
39634,0.0238494873046875,0.9937744140625,0.003509521484375,-0.0782290250062942,-0.2747378349304199,0.0146039761602878,71.98721313476562,98.095458984375,15.40835571289062
39635,0.014617919921875,0.991790771484375,0.0277862548828125,-0.118990570306778,-0.28071528673172,-0.0144460508599877,72.08479309082031,98.03982543945312,15.39897155761719
39636,-0.0045013427734375,0.974365234375,0.0620880126953125,-0.2611791491508484,-0.2179693430662155,-0.0354749038815498,72.3187255859375,98.13720703125,14.95564270019531
39637,-0.0045013427734375,0.974365234375,0.0620880126953125,-0.2611791491508484,-0.2179693430662155,-0.0354749038815498,72.3187255859375,98.13720703125,14.95564270019531
39638,-0.0045013427734375,0.974365234375,0.0620880126953125,-0.2611791491508484,-0.2179693430662155,-0.0354749038815498,72.3187255859375,98.13720703125,14.95564270019531
39639,-0.002410888671875,0.9667816162109376,0.0498504638671875,-0.2611791491508484,-0.2179693430662155,-0.0354749038815498,72.32208251953125,97.99221801757812,15.02961730957031
39640,-0.0061492919921875,0.95330810546875,0.02471923828125,-0.286321759223938,-0.3166908621788025,-0.0336700789630413,72.39994812011719,97.87742614746094,15.33622741699219
39641,0.00360107421875,0.9675445556640624,-0.00103759765625,-0.2623330950737,-0.3534858822822571,-0.0323052108287811,72.48394775390625,97.81430053710938,15.58561706542969
39642,0.00738525390625,0.98052978515625,-0.019683837890625,-0.2623330950737,-0.3534858822822571,-0.0323052108287811,72.56413269042969,97.73573303222656,15.58158874511719
39643,-0.0017242431640625,0.98272705078125,-0.0286407470703125,-0.2194266319274902,-0.3780492842197418,-0.0445640049874782,72.71519470214844,97.6252899169922,15.67401123046875
39644,-0.003631591796875,0.998199462890625,-0.03558349609375,-0.1821759343147278,-0.38890141248703,-0.0601240582764148,72.94070434570312,97.45997619628906,15.92337036132812
39645,-0.00311279296875,1.004440307617188,-0.026947021484375,-0.1058140471577644,-0.3886798322200775,-0.1061914190649986,72.9390869140625,97.41302490234376,16.04173278808594
39646,-0.0163421630859375,0.98809814453125,-0.0125579833984375,-0.1058140471577644,-0.3886798322200775,-0.1061914190649986,72.75282287597656,97.60646057128906,16.05302429199219
39647,-0.03668212890625,0.9821014404296876,0.003509521484375,-0.0753621309995651,-0.3958242833614349,-0.1357873976230621,72.76715087890625,97.6038818359375,16.04849243164062
39648,-0.0606231689453125,0.980560302734375,0.03448486328125,-0.0709825605154037,-0.4856529831886292,-0.1885299682617188,72.74090576171875,97.75518798828124,16.06182861328125
39649,-0.0606231689453125,0.980560302734375,0.03448486328125,-0.0709825605154037,-0.4856529831886292,-0.1885299682617188,72.74090576171875,97.75518798828124,16.06182861328125
39650,-0.073516845703125,1.00311279296875,0.0477142333984375,-0.0510706417262554,-0.5463762283325195,-0.1820638179779053,72.81449890136719,97.66778564453124,16.02107238769531
39651,-0.10772705078125,1.011123657226562,0.0690155029296875,-0.0164279751479625,-0.6185141205787659,-0.0977297574281692,72.92454528808594,97.66537475585938,15.97625732421875
39652,-0.08209228515625,1.04803466796875,0.0806884765625,-0.0149557795375585,-0.6637172698974609,-0.0299286041408777,72.87626647949219,97.70347595214844,15.81045532226562
39653,-0.08209228515625,1.04803466796875,0.0806884765625,-0.0149557795375585,-0.6637172698974609,-0.0299286041408777,72.87626647949219,97.70347595214844,15.81045532226562
39654,-0.069183349609375,1.029800415039062,0.1461181640625,-0.0530363209545612,-0.6108439564704895,0.0245516821742057,73.08518981933594,97.7705078125,15.53985595703125
39655,-0.0098419189453125,1.02740478515625,0.17584228515625,-0.0734744817018508,-0.5752958059310913,-0.000171507577761,73.23147583007812,97.68276977539062,15.565673828125
39656,0.006103515625,1.041793823242188,0.2103118896484375,-0.0861628502607345,-0.4749811589717865,-0.040642499923706,73.45283508300781,97.59327697753906,15.55662536621094
39657,0.013427734375,1.061492919921875,0.19964599609375,-0.0933722928166389,-0.4022539556026459,-0.1113970950245857,73.45478820800781,97.47866821289062,15.52326965332031
39658,0.0031280517578125,1.1026611328125,0.169189453125,-0.092404767870903,-0.3662810623645782,-0.1735872328281403,73.46963500976562,97.481201171875,15.72535705566406
39659,0.0075225830078125,1.123992919921875,0.1319580078125,-0.0904875546693801,-0.3416212499141693,-0.2212314605712891,73.56027221679688,97.50616455078124,15.85519409179688
39660,0.0198211669921875,1.12078857421875,0.088775634765625,-0.1014528572559357,-0.3501641452312469,-0.2651246190071106,73.52810668945312,97.64578247070312,15.660888671875
39661,0.0383758544921875,1.098587036132812,0.0581512451171875,-0.0857103765010833,-0.3782133460044861,-0.2914558053016663,73.42562866210938,97.5295867919922,15.74162292480469
39662,0.0784454345703125,1.061935424804688,0.0684814453125,-0.0251367781311273,-0.3949819505214691,-0.3029388189315796,73.42851257324219,97.55255126953124,15.81944274902344
39663,0.1242828369140625,1.044097900390625,0.091522216796875,0.052201684564352,-0.3949057757854462,-0.2989547550678253,73.51832580566406,97.4494171142578,15.79844665527344
39664,0.173675537109375,1.038406372070312,0.11279296875,0.1110780537128448,-0.3834145069122314,-0.298376053571701,73.43060302734375,97.6200714111328,15.66786193847656
39665,0.1944122314453125,1.05316162109375,0.1250762939453125,0.1352038979530334,-0.3360214233398438,-0.3119696080684662,73.34477233886719,97.72843933105467,15.5355224609375
39666,0.2019195556640625,1.097808837890625,0.1241302490234375,0.1235192716121674,-0.2547513246536255,-0.3316445052623749,73.19625854492188,97.81448364257812,15.54104614257812
39667,0.18292236328125,1.149703979492188,0.1262054443359375,0.082890085875988,-0.1742327809333801,-0.3587139546871185,73.20486450195312,97.82806396484376,15.53114318847656
39668,0.15277099609375,1.174789428710938,0.117218017578125,0.0087767131626605,-0.1281273365020752,-0.3568401336669922,73.23945617675781,97.7465362548828,15.49803161621094
39669,0.15277099609375,1.174789428710938,0.117218017578125,0.0087767131626605,-0.1281273365020752,-0.3568401336669922,73.23945617675781,97.7465362548828,15.49803161621094
39670,0.1887359619140625,1.187179565429688,0.127471923828125,-0.1072859764099121,-0.22726671397686,-0.3456916213035583,73.35604858398438,97.8279266357422,15.56936645507812
39671,0.2250213623046875,1.154098510742188,0.14520263671875,-0.1514371931552887,-0.2952646613121033,-0.3095823526382446,73.37651062011719,97.82232666015624,15.74990844726562
39672,0.281402587890625,1.038162231445312,0.1839599609375,-0.1362284123897552,-0.3749200701713562,-0.1917047202587128,73.19377136230469,97.82838439941406,15.73654174804688
39673,0.281402587890625,1.038162231445312,0.1839599609375,-0.1362284123897552,-0.3749200701713562,-0.1917047202587128,73.19377136230469,97.82838439941406,15.73654174804688
39674,0.30072021484375,0.9701385498046876,0.1930389404296875,-0.1096828207373619,-0.3772279918193817,-0.1233810558915138,73.17262268066406,97.78077697753906,15.89830017089844
39675,0.318939208984375,0.909027099609375,0.1938934326171875,-0.0951305106282234,-0.3367303609848022,-0.0543844103813171,73.42857360839844,97.66107177734376,15.92295837402344
39676,0.3757781982421875,0.8389129638671875,0.1407318115234375,-0.1573368906974792,-0.1924333572387695,0.0592958144843578,74.33877563476562,97.11328125,16.56463623046875
39677,0.3757781982421875,0.8389129638671875,0.1407318115234375,-0.1573368906974792,-0.1924333572387695,0.0592958144843578,74.33877563476562,97.11328125,16.56463623046875
39678,0.414154052734375,0.817047119140625,0.099884033203125,-0.2071880698204041,-0.0836261883378028,0.0725149437785148,75.11553955078125,96.58889770507812,17.08369445800781
39679,0.4571075439453125,0.79766845703125,0.041748046875,-0.2531124353408813,0.0116907441988587,0.0591967441141605,75.46253967285156,96.45912170410156,17.33482360839844
39680,0.4275665283203125,0.8542938232421875,-0.032958984375,-0.3329143226146698,0.1055453345179558,0.1084228828549385,75.04962158203125,96.61679077148438,17.14500427246094
39681,0.4275665283203125,0.8542938232421875,-0.032958984375,-0.3329143226146698,0.1055453345179558,0.1084228828549385,75.04962158203125,96.61679077148438,17.14500427246094
39682,0.42266845703125,0.9160614013671876,-0.063690185546875,-0.3639177680015564,0.0496975146234035,0.1306291222572327,74.49519348144531,96.87783813476562,16.9488525390625
39683,0.3894805908203125,0.9821929931640624,-0.07781982421875,-0.3884939551353455,-0.0672512054443359,0.1584527641534805,74.07206726074219,97.14401245117188,16.698974609375
39684,0.358612060546875,1.029922485351562,-0.035980224609375,-0.3864566385746002,-0.155846580862999,0.18587426841259,73.60128784179688,97.2352294921875,16.57145690917969
39685,0.352203369140625,1.063201904296875,0.0257110595703125,-0.3113128840923309,-0.1113976314663887,0.1977357119321823,73.44438171386719,97.2539520263672,16.54229736328125
39686,0.347137451171875,1.08453369140625,0.06585693359375,-0.3113128840923309,-0.1113976314663887,0.1977357119321823,73.52149963378906,97.15760803222656,16.73294067382812
39687,0.3421478271484375,1.09942626953125,0.0924072265625,-0.2573297917842865,-0.0520980879664421,0.2119737714529037,73.65867614746094,97.11251831054688,16.89671325683594
39688,0.3262481689453125,1.103286743164062,0.0963897705078125,-0.2002630531787872,0.012319516390562,0.2402272522449493,73.68658447265625,97.087158203125,16.95191955566406
39689,0.3262481689453125,1.103286743164062,0.0963897705078125,-0.2002630531787872,0.012319516390562,0.2402272522449493,73.68658447265625,97.087158203125,16.95191955566406
39690,0.230621337890625,1.072738647460938,0.03192138671875,-0.0828541368246078,0.0629597902297973,0.2765375971794128,73.86077880859375,96.8183135986328,17.09452819824219
39691,0.2010955810546875,1.01171875,0.025146484375,0.009360478259623,0.0662764906883239,0.2193051874637604,73.8565673828125,96.83416748046876,17.13215637207031
39692,0.185394287109375,0.9254608154296876,0.0023040771484375,0.1472011655569077,0.0489699393510818,0.135383129119873,73.91139221191406,96.8779754638672,17.12132263183594
39693,0.165863037109375,0.8760986328125,-0.0462493896484375,0.2397433519363403,-0.0649342611432075,0.0612111575901508,73.96104431152344,96.93629455566406,17.11260986328125
39694,0.1640625,0.8515472412109375,-0.0638427734375,0.2690309286117554,-0.2468574494123459,0.0059700082056224,73.96435546875,96.9667510986328,17.08180236816406
39695,0.1810455322265625,0.839935302734375,-0.0477752685546875,0.246624156832695,-0.4067666828632355,-0.0448827855288982,74.08895874023438,97.01707458496094,17.02914428710938
39696,0.1946868896484375,0.85333251953125,-0.0205841064453125,0.1740812510251999,-0.6186088919639587,-0.0867966786026954,74.23930358886719,97.10313415527344,16.58212280273438
39697,0.1946868896484375,0.85333251953125,-0.0205841064453125,0.1740812510251999,-0.6186088919639587,-0.0867966786026954,74.23930358886719,97.10313415527344,16.58212280273438
39698,0.1745147705078125,0.8559417724609375,0.004425048828125,0.1003218069672585,-0.7444092035293579,-0.0480514168739318,74.2645263671875,97.04336547851562,16.43470764160156
39699,0.0925750732421875,0.841033935546875,0.0133056640625,-0.1122927218675613,-0.6274077296257019,0.088798314332962,74.62399291992188,97.04637145996094,16.05903625488281
39700,0.0925750732421875,0.841033935546875,0.0133056640625,-0.1122927218675613,-0.6274077296257019,0.088798314332962,74.62399291992188,97.04637145996094,16.05903625488281
39701,0.0613861083984375,0.8341064453125,0.0010223388671875,-0.1727139800786972,-0.5341355800628662,0.1366553157567978,74.89903259277344,96.92649841308594,15.86820983886719
39702,0.057586669921875,0.84295654296875,0.011871337890625,-0.2210253179073334,-0.3371141254901886,0.1564985364675522,75.21650695800781,96.54164123535156,16.05665588378906
39703,0.04534912109375,0.8533477783203125,-0.005523681640625,-0.163573756814003,-0.1989575773477554,0.1254130452871323,75.52565002441406,96.45077514648438,16.15164184570312
39704,0.02313232421875,0.83367919921875,-0.039642333984375,-0.116880014538765,-0.1371269673109055,0.0952905640006065,75.74897766113281,96.1811981201172,16.21022033691406
39705,0.0655059814453125,0.857635498046875,-0.010162353515625,-0.1295992732048035,-0.0471150465309619,0.0725461021065712,75.83979797363281,96.01649475097656,16.18309020996094
39706,0.108184814453125,0.895416259765625,0.0040130615234375,-0.1597920656204224,0.0492543652653694,0.0249373074620962,76.10667419433594,95.83876037597656,16.61131286621094
39707,0.0792083740234375,0.901580810546875,-0.0382232666015625,-0.1936552226543427,0.1280999183654785,0.0107807423919439,76.33758544921875,95.53074645996094,17.15013122558594
39708,0.1142730712890625,0.9532623291015624,-0.097320556640625,-0.1414327621459961,0.1214918121695518,0.0576859340071678,76.05044555664062,95.72348022460938,16.7108154296875
39709,0.1142730712890625,0.9532623291015624,-0.097320556640625,-0.1414327621459961,0.1214918121695518,0.0576859340071678,76.05044555664062,95.72348022460938,16.7108154296875
39710,0.123992919921875,0.95867919921875,-0.1031494140625,-0.0885413140058517,0.1044963151216507,0.081139862537384,75.92631530761719,95.7326202392578,16.40620422363281
39711,0.13671875,0.9735107421875,-0.1064453125,-0.0297198127955198,0.0968495830893516,0.095579519867897,75.93522644042969,95.78668212890624,16.19407653808594
39712,0.120330810546875,0.9555816650390624,-0.11285400390625,0.0849934518337249,0.1228614747524261,0.066017098724842,75.90803527832031,95.78338623046876,15.99923706054688
39713,0.0971832275390625,0.9331512451171876,-0.1045074462890625,0.0849934518337249,0.1228614747524261,0.066017098724842,75.899658203125,95.73594665527344,16.07563781738281
39714,0.097869873046875,0.94317626953125,-0.1076202392578125,0.120279535651207,0.1964904218912125,0.0420145615935325,75.99958801269531,95.58390808105467,16.27008056640625
39715,0.11444091796875,0.9726104736328124,-0.118316650390625,0.1345197260379791,0.2481312453746796,0.0242462176829576,75.98904418945312,95.57502746582033,16.35551452636719
39716,0.1308441162109375,1.000015258789062,-0.1102447509765625,0.1327591091394424,0.3124463260173798,0.0122824991121888,76.02400207519531,95.60365295410156,16.52017211914062
39717,0.1527862548828125,1.04010009765625,-0.113677978515625,0.1252575218677521,0.3260020613670349,-0.0065684206783771,75.97552490234375,95.53529357910156,16.53279113769531
39718,0.180572509765625,1.075210571289062,-0.0905914306640625,0.1317782700061798,0.354570597410202,-0.0347244255244731,75.98561096191406,95.567626953125,16.53996276855469
39719,0.1926727294921875,1.107467651367188,-0.080474853515625,0.1887581944465637,0.4796523451805115,-0.0242874957621097,75.65420532226562,95.9645538330078,16.07044982910156
39720,0.1926727294921875,1.107467651367188,-0.080474853515625,0.1887581944465637,0.4796523451805115,-0.0242874957621097,75.65420532226562,95.9645538330078,16.07044982910156
39721,0.17041015625,1.086074829101562,-0.1053466796875,0.2553848922252655,0.4009884297847748,-0.0074624437838792,75.5682373046875,96.01499938964844,16.09230041503906
39722,0.16766357421875,1.073471069335938,-0.1066436767578125,0.2553848922252655,0.4009884297847748,-0.0074624437838792,75.41639709472656,95.97340393066406,16.18081665039062
39723,0.1694793701171875,1.047042846679688,-0.0862579345703125,0.2559473514556885,0.3223854899406433,-0.0392949432134628,75.24737548828125,96.16323852539062,16.08583068847656
39724,0.1840057373046875,1.040847778320312,-0.0531463623046875,0.4203645288944244,0.1392513662576675,-0.2156593203544617,75.264892578125,96.1337432861328,16.11021423339844
39725,0.216583251953125,1.033203125,-0.0691375732421875,0.4203645288944244,0.1392513662576675,-0.2156593203544617,75.16206359863281,96.13043212890624,16.24009704589844
39726,0.30877685546875,1.065139770507812,0.0348052978515625,0.3083533048629761,0.1706143468618393,-0.2854799330234528,75.2384033203125,96.00993347167967,16.32807922363281
39727,0.4073638916015625,1.136962890625,0.0811920166015625,0.1480597704648972,0.0909293740987777,-0.2827693819999695,75.17198181152344,96.02278137207033,16.427978515625
39728,0.565887451171875,1.401824951171875,0.387176513671875,-0.0681042224168777,0.5242805480957031,0.0005752427969127,74.91217041015625,96.11466979980467,16.09465026855469
39729,0.565887451171875,1.401824951171875,0.387176513671875,-0.0681042224168777,0.5242805480957031,0.0005752427969127,74.91217041015625,96.11466979980467,16.09465026855469
39730,0.626220703125,1.476654052734375,0.4026947021484375,-0.0681042224168777,0.5242805480957031,0.0005752427969127,74.69723510742188,96.1119384765625,16.33537292480469
39731,0.61566162109375,1.417388916015625,0.3591461181640625,0.0428744964301586,0.8002186417579651,0.1249129101634026,74.49151611328125,96.0959014892578,16.38313293457031
39732,0.5010986328125,1.334487915039062,0.1496429443359375,0.1032233238220215,0.3300324976444244,0.594153881072998,74.00016784667969,96.2814483642578,16.68484497070312
39733,0.5010986328125,1.334487915039062,0.1496429443359375,0.1032233238220215,0.3300324976444244,0.594153881072998,74.00016784667969,96.2814483642578,16.68484497070312
39734,0.2591705322265625,1.211883544921875,0.2118377685546875,0.1032233238220215,0.3300324976444244,0.594153881072998,73.87490844726562,96.26829528808594,17.00057983398438
39735,0.110565185546875,1.141006469726562,0.261993408203125,0.103965550661087,0.1978108137845993,0.8428430557250977,73.97274780273438,96.35685729980467,17.27949523925781
39736,0.3035125732421875,0.9373016357421876,0.2528076171875,0.4846939742565155,-0.8586638569831848,0.3355844020843506,74.7181396484375,96.0188446044922,17.48387145996094
39737,0.3035125732421875,0.9373016357421876,0.2528076171875,0.4846939742565155,-0.8586638569831848,0.3355844020843506,74.7181396484375,96.0188446044922,17.48387145996094
39738,0.3035125732421875,0.9373016357421876,0.2528076171875,0.4846939742565155,-0.8586638569831848,0.3355844020843506,74.7181396484375,96.0188446044922,17.48387145996094
39739,0.2849884033203125,0.699920654296875,0.4072723388671875,0.3242081701755524,-0.8041247129440308,0.0309592466801405,75.27818298339844,96.09225463867188,17.14942932128906
39740,0.2849884033203125,0.699920654296875,0.4072723388671875,0.3242081701755524,-0.8041247129440308,0.0309592466801405,75.27818298339844,96.09225463867188,17.14942932128906
39741,0.199432373046875,0.6228790283203125,0.511322021484375,0.2511909604072571,-0.5861369967460632,0.0172527562826871,75.52694702148438,96.17733764648438,16.59333801269531
39742,0.121368408203125,0.5767059326171875,0.44757080078125,0.2511909604072571,-0.5861369967460632,0.0172527562826871,75.80126953125,96.48475646972656,15.65927124023438
39743,0.0388031005859375,0.62274169921875,0.474517822265625,0.1850867718458176,-0.6242276430130005,-0.0482317097485065,76.04840087890625,96.55006408691406,14.87493896484375
39744,-0.09564208984375,0.715545654296875,0.3434295654296875,-0.0167608708143234,-0.4001777768135071,-0.4822441339492798,76.705810546875,97.14979553222656,12.69929504394531
39745,-0.09564208984375,0.715545654296875,0.3434295654296875,-0.0167608708143234,-0.4001777768135071,-0.4822441339492798,76.705810546875,97.14979553222656,12.69929504394531
39746,-0.0843048095703125,0.75537109375,0.1702117919921875,-0.2319283038377762,-0.6727440357208252,-0.5782979726791382,76.96542358398438,97.22438049316406,11.46636962890625
39747,0.0718841552734375,0.829376220703125,0.1145477294921875,-0.5532064437866211,-0.8919230103492737,-0.49350905418396,77.16387939453125,97.4908447265625,9.6431884765625
39748,0.3495635986328125,1.12158203125,0.232696533203125,-0.7519304752349854,-1.150531888008118,-0.1711171567440033,76.5250244140625,97.80426025390624,4.05914306640625
39749,0.3495635986328125,1.12158203125,0.232696533203125,-0.7519304752349854,-1.150531888008118,-0.1711171567440033,76.5250244140625,97.80426025390624,4.05914306640625
39750,0.4428863525390625,1.245071411132812,0.269439697265625,-0.5879617929458618,-0.9100047945976256,-0.2050381004810333,75.19869995117188,98.99983215332033,-0.465576171875
39751,0.3776397705078125,1.148971557617188,0.090118408203125,-0.3808805048465729,-0.6324219107627869,-0.2168052792549133,73.49429321289062,102.5754547119141,-6.2506103515625
39752,0.18743896484375,1.025283813476562,-0.1371917724609375,0.0304918624460697,-0.8712211847305298,-0.231116846203804,72.47099304199219,108.0939178466797,-12.581787109375
39753,0.082000732421875,0.970703125,-0.2274322509765625,0.0304918624460697,-0.8712211847305298,-0.231116846203804,72.86329650878906,114.3274688720703,-18.8629150390625
39754,0.07080078125,0.916717529296875,-0.06219482421875,0.1309918314218521,-0.9490973353385924,-0.3378065228462219,73.70576477050781,121.6318206787109,-26.06059265136719
39755,0.0883331298828125,0.88232421875,0.027557373046875,0.0643278583884239,-1.208217024803162,-0.4450863897800446,73.47404479980469,132.2067108154297,-36.11935424804688
39756,0.0987091064453125,0.926544189453125,0.159027099609375,-0.0270784888416528,-1.097872495651245,-0.4735779464244843,69.35807800292969,150.5910339355469,-50.30299377441406
39757,0.118316650390625,0.8339691162109375,0.2147216796875,-0.0270784888416528,-1.097872495651245,-0.4735779464244843,56.08552551269531,184.7283935546875,-70.8623046875
39758,0.12823486328125,0.847412109375,0.3119659423828125,-0.1106245145201683,-0.8328229188919067,-0.5338538289070129,23.80708312988281,246.5583953857422,-100.4655151367188
39759,0.181976318359375,0.9060211181640624,0.254119873046875,-0.2357749789953232,-0.5089678764343262,-0.50980144739151,-45.40827941894531,346.0032043457031,-139.2838745117188
39760,0.0914306640625,0.905487060546875,0.06622314453125,-0.2560690641403198,-0.3515226244926453,-0.5069942474365234,-165.4235687255859,460.4627075195312,-179.5918121337891
39761,0.0036468505859375,0.84771728515625,-0.0148162841796875,-0.485096663236618,-0.7658843994140625,-0.4646238684654236,-302.4356689453125,505.3267211914062,-212.6254119873047
39762,0.0655670166015625,0.9562225341796876,0.2211761474609375,-0.3447350263595581,-0.680303692817688,-0.3628881871700287,-360.302978515625,417.4775085449219,-233.3732604980469
39763,0.0643310546875,0.932037353515625,0.119293212890625,0.0171686001121997,-0.25714311003685,-0.3269823789596558,-286.82080078125,260.2589721679688,-220.1940460205078
39764,0.0661468505859375,0.9413604736328124,-0.004974365234375,0.1440003216266632,-0.4706881642341614,-0.3009137511253357,-52.41893005371094,85.90731811523438,-123.6411590576172
39765,0.0661468505859375,0.9413604736328124,-0.004974365234375,0.1440003216266632,-0.4706881642341614,-0.3009137511253357,-52.41893005371094,85.90731811523438,-123.6411590576172
39766,0.0767364501953125,0.9299468994140624,0.055084228515625,0.1023799031972885,-0.4702149033546448,-0.2754784524440765,8.466293334960938,72.67721557617188,-88.81178283691406
39767,0.10064697265625,0.9199371337890624,0.2151031494140625,-0.1845453381538391,0.0801675394177436,-0.2606270611286163,41.40789794921875,74.12557983398438,-61.61518859863281
39768,0.1027984619140625,0.9118804931640624,0.02099609375,-0.293558657169342,-0.0676376298069953,-0.1609286963939667,67.94941711425781,82.30024719238281,-26.23477172851562
39769,0.1027984619140625,0.9118804931640624,0.02099609375,-0.293558657169342,-0.0676376298069953,-0.1609286963939667,67.94941711425781,82.30024719238281,-26.23477172851562
39770,0.119232177734375,0.9256439208984376,0.0402069091796875,-0.125467374920845,-0.6438106894493103,-0.0889980494976043,72.62852478027344,85.11099243164062,-15.53083801269531
39771,0.1238861083984375,0.9043731689453124,0.0897674560546875,0.0414076261222362,-1.099234104156494,-0.0284726545214653,74.44041442871094,86.68739318847656,-8.156982421875
39772,0.1467742919921875,0.9008636474609376,0.198974609375,0.0305472556501627,-0.5031627416610718,0.0506085827946662,74.41780090332031,87.723388671875,-0.1615142822265625
39773,0.1467742919921875,0.9008636474609376,0.198974609375,0.0305472556501627,-0.5031627416610718,0.0506085827946662,74.41780090332031,87.723388671875,-0.1615142822265625
39774,0.1255950927734375,0.9023590087890624,0.09857177734375,0.0305472556501627,-0.5031627416610718,0.0506085827946662,73.90408325195312,87.68246459960938,1.605224609375
39775,0.0505828857421875,0.909210205078125,-0.0696258544921875,-0.1047210842370987,-1.108265995979309,0.0136311240494251,73.57557678222656,87.8525390625,2.880706787109375
39776,0.0207672119140625,0.9363861083984376,0.0858306884765625,-0.0299949161708354,-1.392867088317871,-0.0735711529850959,73.32270812988281,87.96197509765625,4.63250732421875
39777,0.0207672119140625,0.9363861083984376,0.0858306884765625,-0.0299949161708354,-1.392867088317871,-0.0735711529850959,73.32270812988281,87.96197509765625,4.63250732421875
39778,0.038848876953125,0.9451904296875,0.104705810546875,0.0344336070120334,-1.573212385177612,-0.1602447926998138,73.34867858886719,88.05490112304688,5.187255859375
39779,0.0489501953125,0.9997406005859376,0.1356658935546875,-0.0171425007283687,-1.611224412918091,-0.20436991751194,73.35923767089844,88.08708190917969,5.712142944335938
39780,0.0149993896484375,1.016616821289062,0.150177001953125,-0.1588421165943146,-1.346707344055176,-0.3869706094264984,73.25758361816406,88.22608947753906,5.82098388671875
39781,-0.0272369384765625,0.9452667236328124,0.156219482421875,-0.1237720102071762,-1.203499794006348,-0.641076385974884,73.17683410644531,88.15379333496094,5.803329467773438
39782,0.022796630859375,0.8091888427734375,0.2507476806640625,-0.1237720102071762,-1.203499794006348,-0.641076385974884,73.12086486816406,88.07925415039062,5.795089721679688
39783,0.006134033203125,0.9420318603515624,0.2425537109375,-0.1206108331680298,-1.024305582046509,-0.5904009938240051,72.94596862792969,88.10173034667969,5.835525512695312
39784,-0.05517578125,1.106521606445312,-0.009185791015625,-0.3203018307685852,-1.369776964187622,-0.302529513835907,72.38516235351562,88.01457214355469,5.490631103515625
39785,-0.05517578125,1.106521606445312,-0.009185791015625,-0.3203018307685852,-1.369776964187622,-0.302529513835907,72.38516235351562,88.01457214355469,5.490631103515625
39786,-0.06243896484375,1.049087524414062,0.0777740478515625,-0.3203018307685852,-1.369776964187622,-0.302529513835907,72.320068359375,88.04302978515625,5.486282348632812
39787,-0.0650177001953125,1.010635375976562,-0.0250091552734375,-0.0419067032635211,-1.156476140022278,-0.2827797830104828,72.24026489257812,88.00302124023438,5.616622924804688
39788,-0.0675811767578125,1.073837280273438,-0.1114044189453125,0.1258639246225357,-1.254353642463684,-0.282094269990921,72.21147155761719,88.09291076660156,5.607040405273438
39789,-0.0827789306640625,1.120162963867188,-0.0225830078125,0.2071105688810349,-1.374042749404907,-0.2781421542167664,72.27171325683594,88.2183837890625,5.469757080078125
39790,-0.093292236328125,1.131866455078125,0.060302734375,0.2326420396566391,-1.400382518768311,-0.2844799160957336,72.39802551269531,88.25846862792969,5.417984008789062
39791,-0.099090576171875,1.148956298828125,0.0939178466796875,0.2224519848823547,-1.473124861717224,-0.3089527785778046,72.57681274414062,88.41139221191406,5.224884033203125
39792,-0.1015167236328125,1.183502197265625,0.1575775146484375,0.2146912664175034,-1.571030139923096,-0.3337228298187256,72.67202758789062,88.56578063964844,4.832672119140625
39793,-0.10089111328125,1.230377197265625,0.2345123291015625,0.17984539270401,-1.590182542800903,-0.3610820174217224,72.65550231933594,88.79484558105469,4.424911499023438
39794,-0.085296630859375,1.270721435546875,0.2957305908203125,0.0851122289896011,-1.477385640144348,-0.3895200490951538,72.68507385253906,89.08087158203125,4.105300903320312
39795,-0.05364990234375,1.278106689453125,0.3212432861328125,-0.0745147168636322,-1.182202458381653,-0.4057765305042267,72.7080078125,89.20950317382812,3.846145629882812
39796,0.0385589599609375,1.200469970703125,0.2230224609375,-0.1938309818506241,-0.1858873069286346,-0.3682786822319031,72.57522583007812,89.44300842285156,3.389389038085938
39797,0.0385589599609375,1.200469970703125,0.2230224609375,-0.1938309818506241,-0.1858873069286346,-0.3682786822319031,72.57522583007812,89.44300842285156,3.389389038085938
39798,0.0867919921875,1.17779541015625,0.1275482177734375,-0.1938309818506241,-0.1858873069286346,-0.3682786822319031,72.475830078125,89.52969360351562,3.26959228515625
39799,0.119842529296875,1.149017333984375,0.0706024169921875,-0.0956927016377449,-0.2768872678279877,-0.3154972493648529,72.36369323730469,89.59837341308594,3.478286743164062
39800,0.1537017822265625,1.100616455078125,0.07147216796875,0.02647022344172,-0.5156015753746033,-0.2646383047103882,72.201171875,89.66140747070312,3.541671752929688
39801,0.2009429931640625,1.039794921875,0.1160888671875,0.3032850325107574,-1.063531279563904,-0.22748002409935,72.02336120605469,89.66053771972656,3.573516845703125
39802,0.252593994140625,0.977874755859375,0.1931304931640625,0.3177649080753326,-1.240666627883911,-0.2210849821567535,71.98324584960938,89.76034545898438,3.475723266601562
39803,0.299652099609375,0.928192138671875,0.2941131591796875,0.2275210469961166,-1.353323340415955,-0.206933468580246,71.86909484863281,89.668212890625,3.281051635742188
39804,0.357391357421875,0.8919525146484375,0.3769683837890625,0.0599898323416709,-1.419947385787964,-0.1783444434404373,71.88414001464844,89.73635864257812,3.019912719726562
39805,0.4201507568359375,0.8623809814453125,0.4352264404296875,-0.1564191728830338,-1.394816756248474,-0.1546234041452408,71.89689636230469,89.88768005371094,2.641433715820312
39806,0.4882354736328125,0.8419342041015625,0.461883544921875,-0.1564191728830338,-1.394816756248474,-0.1546234041452408,71.96688842773438,90.026611328125,2.431777954101562
39807,0.5614166259765625,0.8333587646484375,0.44586181640625,-0.3991822898387909,-1.221192002296448,-0.1600517183542252,72.02363586425781,90.07656860351562,2.202377319335938
39808,0.6046600341796875,0.83642578125,0.2650299072265625,-0.7596824169158936,-0.6541807651519775,-0.1774237900972366,72.23335266113281,90.01664733886719,1.948394775390625
39809,0.6046600341796875,0.83642578125,0.2650299072265625,-0.7596824169158936,-0.6541807651519775,-0.1774237900972366,72.23335266113281,90.01664733886719,1.948394775390625
39810,0.551849365234375,0.87310791015625,0.1605072021484375,-0.8071718811988831,-0.3597179651260376,-0.0958293229341507,72.25257873535156,89.96389770507812,2.132293701171875
39811,0.366363525390625,0.9081573486328124,-0.061492919921875,-0.5208131074905396,-0.5176519155502319,0.0909629315137863,72.27934265136719,89.8726806640625,2.622451782226562
39812,0.366363525390625,0.9081573486328124,-0.061492919921875,-0.5208131074905396,-0.5176519155502319,0.0909629315137863,72.27934265136719,89.8726806640625,2.622451782226562
39813,0.3354339599609375,0.8931732177734375,-0.00927734375,-0.2100698798894882,-0.9712950587272644,0.121531754732132,72.32536315917969,89.73477172851562,2.856369018554688
39814,0.3005828857421875,0.8848876953125,0.1504058837890625,0.0852419286966323,-1.201336741447449,0.097600057721138,72.44422912597656,89.61323547363281,2.888031005859375
39815,0.2516326904296875,0.9593048095703124,0.231231689453125,0.1493354290723801,-1.20867908000946,0.0322410278022289,72.81707763671875,89.62234497070312,2.469497680664062
39816,0.2516326904296875,0.9593048095703124,0.231231689453125,0.1493354290723801,-1.20867908000946,0.0322410278022289,72.81707763671875,89.62234497070312,2.469497680664062
39817,0.20849609375,1.002334594726562,0.309661865234375,0.0181068312376737,-1.061967968940735,0.0063487095758318,73.04620361328125,89.63539123535156,2.140182495117188
39818,0.135772705078125,1.024139404296875,0.281036376953125,-0.0463552474975585,-0.8191489577293396,0.0165254473686218,73.14140319824219,89.60006713867188,1.999176025390625
39819,0.054962158203125,1.038650512695312,0.1880950927734375,-0.1626669466495514,-0.8286513686180115,0.0482514202594757,73.23251342773438,89.63224792480469,1.835128784179688
39820,-0.04718017578125,0.9933929443359376,0.155364990234375,-0.241091176867485,-0.6953042149543762,0.0585357472300529,73.60716247558594,89.59007263183594,1.746261596679688
39821,-0.04718017578125,0.9933929443359376,0.155364990234375,-0.241091176867485,-0.6953042149543762,0.0585357472300529,73.60716247558594,89.59007263183594,1.746261596679688
39822,-0.06121826171875,0.971893310546875,0.11260986328125,-0.2137189358472824,-0.6714236736297607,0.0474245063960552,73.7265625,89.30233764648438,1.970382690429688
39823,-0.0473785400390625,0.966033935546875,0.0824127197265625,-0.1617548167705536,-0.6352904438972473,0.0436329655349254,73.82862854003906,89.32283020019531,1.807464599609375
39824,0.01092529296875,0.93572998046875,0.0446014404296875,-0.1135422736406326,-0.6483529806137085,0.0510597229003906,73.84355163574219,89.336181640625,1.6866455078125
39825,0.1145477294921875,0.8759307861328125,0.0410308837890625,-0.0865745693445205,-0.6675394177436829,0.065909244120121,74.07168579101562,89.29981994628906,1.537796020507812
39826,0.1683807373046875,0.843536376953125,0.038299560546875,-0.0673329681158065,-0.685688316822052,0.0603858456015586,74.17466735839844,89.17327880859375,1.536148071289062
39827,0.1941375732421875,0.8550262451171875,0.0435943603515625,-0.0787810981273651,-0.7100930213928223,0.0582420006394386,74.18403625488281,89.17927551269531,1.3966064453125
39828,0.215728759765625,0.8735504150390625,0.0653076171875,-0.1212406754493713,-0.7056450247764587,0.0746779665350914,74.30400085449219,89.18109130859375,1.31280517578125
39829,0.23004150390625,0.8941497802734375,0.0703887939453125,-0.1717163622379303,-0.6723275184631348,0.0781256929039955,74.46153259277344,89.12030029296875,1.244979858398438
39830,0.2354583740234375,0.9209442138671876,0.0615997314453125,-0.1991772800683975,-0.6717690825462341,0.060610082000494,74.54690551757812,89.19161987304688,1.0830078125
39831,0.2262420654296875,0.9468841552734376,0.0525970458984375,-0.2040849626064301,-0.7001370787620544,0.0201249755918979,74.65132141113281,89.19564819335938,1.02606201171875
39832,0.2145538330078125,0.966064453125,0.0461273193359375,-0.1419510096311569,-0.7809230089187622,-0.0428369455039501,74.77468872070312,89.14973449707031,0.975982666015625
39833,0.2078704833984375,0.9769134521484376,0.0516357421875,-0.1419510096311569,-0.7809230089187622,-0.0428369455039501,74.83164978027344,89.08071899414062,0.904022216796875
39834,0.19427490234375,0.9777679443359376,0.068206787109375,-0.0989393666386604,-0.7651179432868958,-0.0474791005253791,74.98699951171875,88.99247741699219,0.8356170654296875
39835,0.1719207763671875,0.9674072265625,0.0668182373046875,-0.0748241767287254,-0.7344644069671631,-0.0510796941816806,75.06382751464844,89.00224304199219,0.7595672607421875
39836,0.1558074951171875,0.9549407958984376,0.05364990234375,-0.0685233995318412,-0.7134400606155396,-0.0793392956256866,75.18878173828125,89.0943603515625,0.606292724609375
39837,0.1558074951171875,0.9549407958984376,0.05364990234375,-0.0685233995318412,-0.7134400606155396,-0.0793392956256866,75.18878173828125,89.0943603515625,0.606292724609375
39838,0.134368896484375,0.91632080078125,0.019073486328125,-0.0169377047568559,-0.6933649182319641,-0.216454803943634,75.13075256347656,89.12614440917969,0.5543212890625
39839,0.14105224609375,0.899261474609375,-0.0047454833984375,-0.0169377047568559,-0.6933649182319641,-0.216454803943634,75.23393249511719,89.17430114746094,0.559539794921875
39840,0.1466522216796875,0.8907470703125,-0.017974853515625,0.0016247945604845,-0.694722056388855,-0.2539771497249603,75.20582580566406,89.20256042480469,0.5074310302734375
39841,0.1516876220703125,0.8977813720703125,-0.0322418212890625,0.0201052688062191,-0.6957790851593018,-0.2789120674133301,75.18609619140625,89.29354858398438,0.215850830078125
39842,0.151153564453125,0.903289794921875,-0.038055419921875,0.0707671120762825,-0.6711820960044861,-0.2958947718143463,75.13743591308594,89.39042663574219,-0.09906005859375
39843,0.154144287109375,0.92889404296875,-0.04315185546875,0.0785326287150383,-0.6434431672096252,-0.2940811514854431,75.05322265625,89.5123291015625,-0.4051666259765625
39844,0.154144287109375,0.92889404296875,-0.04315185546875,0.0785326287150383,-0.6434431672096252,-0.2940811514854431,75.05322265625,89.5123291015625,-0.4051666259765625
39845,0.1613311767578125,0.950103759765625,-0.0443572998046875,0.0835806503891944,-0.6121957302093506,-0.2947602570056915,74.98670959472656,89.55714416503906,-0.70111083984375
39846,0.1631011962890625,0.968353271484375,-0.04254150390625,0.0907450839877128,-0.5790526866912842,-0.296736866235733,75.0218505859375,89.62724304199219,-0.9517974853515624
39847,0.1573944091796875,0.98809814453125,-0.0449981689453125,0.1120117530226707,-0.5367491841316223,-0.2932755649089813,74.83271789550781,89.76016235351562,-1.070709228515625
39848,0.134063720703125,1.016159057617188,-0.0501708984375,0.1593406498432159,-0.4844921231269836,-0.2805064916610718,74.61865234375,89.87910461425781,-1.503082275390625
39849,0.134063720703125,1.016159057617188,-0.0501708984375,0.1593406498432159,-0.4844921231269836,-0.2805064916610718,74.61865234375,89.87910461425781,-1.503082275390625
39850,0.122283935546875,1.03302001953125,-0.048187255859375,0.1813612729310989,-0.4451851844787598,-0.2587708532810211,74.64619445800781,89.92538452148438,-1.603424072265625
39851,0.02288818359375,1.058883666992188,-0.0341339111328125,0.1951180994510651,-0.221031978726387,-0.1940134167671204,74.26661682128906,90.40391540527344,-1.878372192382812
39852,0.02288818359375,1.058883666992188,-0.0341339111328125,0.1951180994510651,-0.221031978726387,-0.1940134167671204,74.26661682128906,90.40391540527344,-1.878372192382812
39853,0.02288818359375,1.058883666992188,-0.0341339111328125,0.1951180994510651,-0.221031978726387,-0.1940134167671204,74.26661682128906,90.40391540527344,-1.878372192382812
39854,-0.0113525390625,1.052627563476562,-0.0383758544921875,0.2047406286001205,-0.1499623358249664,-0.2014684081077576,74.26065063476562,90.38662719726562,-1.92340087890625
39855,-0.0113525390625,1.052627563476562,-0.0383758544921875,0.2047406286001205,-0.1499623358249664,-0.2014684081077576,74.26065063476562,90.38662719726562,-1.92340087890625
39856,-0.02911376953125,1.052536010742188,-0.0635986328125,0.2331357896327972,-0.0960319936275482,-0.2225979268550873,74.07978820800781,90.39602661132812,-2.178482055664062
39857,-0.0447540283203125,1.054367065429688,-0.081512451171875,0.3401812613010406,-0.0222674887627363,-0.3036368489265442,74.005615234375,90.51683044433594,-2.368942260742188
39858,-0.0446929931640625,1.058395385742188,-0.1066131591796875,0.3401812613010406,-0.0222674887627363,-0.3036368489265442,73.98164367675781,90.53501892089844,-2.522003173828125
39859,-0.0202178955078125,1.067352294921875,-0.134552001953125,0.3993556499481201,-0.0666458755731582,-0.3309986889362335,73.84390258789062,90.5272216796875,-2.592056274414062
39860,0.1041717529296875,1.091217041015625,-0.082427978515625,0.4346625208854675,-0.5421045422554016,-0.3511193990707397,73.59487915039062,90.70875549316406,-3.072952270507812
39861,0.1041717529296875,1.091217041015625,-0.082427978515625,0.4346625208854675,-0.5421045422554016,-0.3511193990707397,73.59487915039062,90.70875549316406,-3.072952270507812
39862,0.1926116943359375,1.095932006835938,0.0136260986328125,0.4346625208854675,-0.5421045422554016,-0.3511193990707397,73.46847534179688,90.69027709960938,-3.214324951171875
39863,0.2685089111328125,1.086669921875,0.1019439697265625,0.3982126116752625,-0.7111143469810486,-0.322076827287674,73.38349914550781,90.7876434326172,-3.345367431640625
39864,0.36962890625,1.0355224609375,0.22479248046875,0.2493581622838974,-0.9765755534172058,-0.2093753218650818,73.130615234375,91.11366271972656,-3.982315063476562
39865,0.36962890625,1.0355224609375,0.22479248046875,0.2493581622838974,-0.9765755534172058,-0.2093753218650818,73.130615234375,91.11366271972656,-3.982315063476562
39866,0.4097137451171875,0.98675537109375,0.25244140625,0.1198707446455956,-1.037094354629517,-0.1036467701196671,73.12472534179688,91.17967224121094,-4.344070434570312
39867,0.443267822265625,0.9605712890625,0.2659912109375,-0.0561314448714256,-0.959222137928009,-0.0125938225537538,73.00495910644531,91.29891967773438,-4.709060668945312
39868,0.4306640625,0.9871673583984376,0.2140655517578125,-0.2361899018287659,-0.7885931730270386,0.0766228735446929,73.01478576660156,91.20573425292967,-4.804107666015625
39869,0.4027862548828125,1.072479248046875,0.0839385986328125,-0.3303163945674896,-0.7173181772232056,0.118821993470192,73.07789611816406,91.11888122558594,-4.917587280273438
39870,0.3700103759765625,1.174591064453125,-0.0234527587890625,-0.1957324892282486,-0.6654962301254272,0.1189101412892342,73.09474182128906,90.98719787597656,-4.91680908203125
39871,0.304443359375,1.24359130859375,-0.0542755126953125,0.0970916599035263,-0.6497402191162109,0.0726619511842727,73.19697570800781,90.96107482910156,-4.96795654296875
39872,0.2476654052734375,1.258148193359375,-0.006744384765625,0.4169676601886749,-0.7419137954711914,0.013366405852139,73.26441955566406,91.00822448730467,-5.163543701171875
39873,0.19671630859375,1.240966796875,0.0892333984375,0.6777510643005371,-0.9504321217536926,-0.0213188715279102,73.39482116699219,91.0899658203125,-5.399185180664062
39874,0.1447601318359375,1.19683837890625,0.1869049072265625,0.6777510643005371,-0.9504321217536926,-0.0213188715279102,73.51724243164062,91.06997680664062,-5.677169799804688
39875,0.108062744140625,1.110885620117188,0.269195556640625,0.5936992764472961,-0.9845165610313416,-0.0405391715466976,73.48992919921875,90.97177124023438,-6.040359497070312
39876,0.0931854248046875,0.9957733154296876,0.3423004150390625,0.4613686800003052,-0.9753428101539612,-0.0444968938827514,73.44557189941406,91.10562133789062,-6.474288940429688
39877,0.0974578857421875,0.88037109375,0.3734893798828125,0.375870019197464,-0.9528833031654358,-0.0594068691134452,73.42808532714844,91.11534118652344,-7.0643310546875
39878,0.0837554931640625,0.8058319091796875,0.3845367431640625,0.3439190089702606,-0.9286317229270936,-0.0806277319788932,73.49293518066406,91.01402282714844,-7.393280029296875
39879,0.048004150390625,0.775543212890625,0.3693084716796875,0.307202011346817,-0.9456837177276612,-0.0775429978966713,73.49617004394531,91.04304504394533,-7.77325439453125
39880,0.041412353515625,0.7578277587890625,0.39630126953125,0.1410711109638214,-0.845728874206543,-0.1260271668434143,73.45915222167969,91.21533203125,-8.198043823242188
39881,0.0335540771484375,0.7589263916015625,0.4150238037109375,0.0499004460871219,-0.7989400625228882,-0.1705965101718903,73.46449279785156,91.19497680664062,-8.620513916015625
39882,0.027496337890625,0.7858428955078125,0.3998565673828125,0.0499004460871219,-0.7989400625228882,-0.1705965101718903,73.52357482910156,91.20111083984376,-9.010772705078123
39883,0.0265655517578125,0.8271026611328125,0.3687286376953125,-0.0529556274414062,-0.8376509547233582,-0.2143905907869339,73.3868408203125,91.14810180664062,-9.031814575195312
39884,0.0313568115234375,0.8798370361328125,0.3398590087890625,-0.141568586230278,-0.9003772139549255,-0.2460712939500809,73.32734680175781,91.2306671142578,-9.145751953125
39885,0.03759765625,0.92584228515625,0.3151397705078125,-0.2107154279947281,-0.9366042017936708,-0.2553974092006683,73.28163146972656,91.19754028320312,-9.392044067382812
39886,0.039031982421875,0.9673004150390624,0.276641845703125,-0.2589412927627563,-0.9401555061340332,-0.2577098309993744,73.13360595703125,91.27113342285156,-9.388137817382812
39887,0.0479888916015625,1.005279541015625,0.2409210205078125,-0.286836564540863,-0.9665996432304382,-0.2416211515665054,73.05343627929688,91.31193542480467,-9.4620361328125
39888,0.066436767578125,1.03521728515625,0.2229461669921875,-0.262741357088089,-1.032480359077454,-0.2334239333868027,72.86434936523438,91.4844970703125,-9.58642578125
39889,0.07867431640625,1.063003540039062,0.2229766845703125,-0.262741357088089,-1.032480359077454,-0.2334239333868027,72.80946350097656,91.4998779296875,-9.635284423828123
39890,0.074676513671875,1.08697509765625,0.194427490234375,-0.2655712068080902,-1.088487148284912,-0.1874119639396667,72.77261352539062,91.50572204589844,-9.726593017578123
39891,0.0827178955078125,1.097503662109375,0.1914215087890625,-0.2962537705898285,-1.118071436882019,-0.1790022403001785,72.70668029785156,91.56080627441406,-9.806854248046877
39892,0.0961151123046875,1.099761962890625,0.1955108642578125,-0.2763447761535645,-1.030880928039551,-0.2199408859014511,72.58695983886719,91.58670043945312,-9.877288818359377
39893,0.106597900390625,1.078262329101562,0.181732177734375,-0.2763447761535645,-1.030880928039551,-0.2199408859014511,72.46022033691406,91.63304138183594,-10.03422546386719
39894,0.0912628173828125,1.033157348632812,0.1567840576171875,-0.2245540171861649,-0.9970440864562988,-0.2356900274753571,72.38887023925781,91.70458984375,-10.02052307128906
39895,0.058349609375,0.9991302490234376,0.1299285888671875,-0.1524467915296555,-0.993588387966156,-0.2593333125114441,72.34274291992188,91.81161499023438,-9.99566650390625
39896,0.0294189453125,0.96820068359375,0.1044464111328125,-0.0922662839293479,-1.041556715965271,-0.2883114218711853,72.27951049804688,91.82528686523438,-10.07952880859375
39897,0.0095977783203125,0.952056884765625,0.105743408203125,-0.0607893131673336,-1.143025040626526,-0.3150495588779449,72.17088317871094,91.88858032226562,-10.32115173339844
39898,-0.0120086669921875,0.9442596435546876,0.135986328125,-0.055835835635662,-1.188685178756714,-0.3388542234897614,72.00064086914062,91.8647918701172,-10.456787109375
39899,-0.04071044921875,0.929718017578125,0.1502532958984375,-0.083838976919651,-1.200842976570129,-0.3536523580551147,71.81343078613281,92.0612335205078,-10.68202209472656
39900,-0.0531158447265625,0.92523193359375,0.1552886962890625,-0.1308818459510803,-1.226439476013184,-0.364473819732666,71.62911987304688,92.18727111816406,-10.80117797851562
39901,-0.0552978515625,0.933624267578125,0.1748046875,-0.2265596389770508,-1.233441472053528,-0.3711112141609192,71.51309204101562,92.30105590820312,-10.88172912597656
39902,-0.0564117431640625,0.9416656494140624,0.1793060302734375,-0.2265596389770508,-1.233441472053528,-0.3711112141609192,71.31253051757812,92.23405456542967,-11.05564880371094
39903,-0.0477447509765625,0.9480743408203124,0.1636505126953125,-0.3069668710231781,-1.260205388069153,-0.3625986874103546,71.16278076171875,92.26463317871094,-11.2940673828125
39904,-0.00146484375,0.9497528076171876,0.164337158203125,-0.3535546064376831,-1.229719400405884,-0.3431424498558044,70.69786071777344,92.50123596191406,-11.52980041503906
39905,-0.00146484375,0.9497528076171876,0.164337158203125,-0.3535546064376831,-1.229719400405884,-0.3431424498558044,70.69786071777344,92.50123596191406,-11.52980041503906
39906,0.029083251953125,0.9582061767578124,0.146453857421875,-0.3189566731452942,-1.1962730884552,-0.3414763808250427,70.53695678710938,92.65719604492188,-11.632080078125
39907,0.048828125,0.9564666748046876,0.12548828125,-0.288217157125473,-1.182607889175415,-0.3141224980354309,70.38641357421875,92.73811340332033,-11.4931640625
39908,0.0572967529296875,0.9564208984375,0.1232452392578125,-0.2832620739936829,-1.15332555770874,-0.2880847752094269,70.22441101074219,92.81364440917967,-11.61831665039062
39909,0.0474853515625,0.9489288330078124,0.115692138671875,-0.246121883392334,-1.093614339828491,-0.2614808678627014,70.0496826171875,92.81854248046876,-11.7943115234375
39910,0.0289154052734375,0.9444427490234376,0.101531982421875,-0.2177754640579224,-1.091099262237549,-0.2437245100736618,70.01309204101562,92.95124816894533,-11.88841247558594
39911,0.0191650390625,0.944488525390625,0.1212005615234375,-0.1849006116390228,-1.087688207626343,-0.2290049493312836,69.77864074707031,92.97557067871094,-12.00071716308594
39912,-0.00079345703125,0.9445343017578124,0.1358642578125,-0.1739025563001633,-1.070133447647095,-0.2116901427507401,69.707275390625,93.07305908203124,-11.97032165527344
39913,-0.0130462646484375,0.95025634765625,0.148468017578125,-0.1832313388586044,-1.024220585823059,-0.1783076822757721,69.61788940429688,93.04254150390624,-12.12615966796875
39914,-0.023590087890625,0.95672607421875,0.14990234375,-0.1832313388586044,-1.024220585823059,-0.1783076822757721,69.50492858886719,93.10174560546876,-12.20353698730469
39915,-0.0391693115234375,0.96002197265625,0.1516571044921875,-0.2008638679981232,-1.016281127929688,-0.1567467302083969,69.39411926269531,93.06770324707033,-12.34941101074219
39916,-0.0485687255859375,0.9689483642578124,0.1700439453125,-0.2117689698934555,-0.9648856520652772,-0.1320102363824844,69.24653625488281,93.1038055419922,-12.2608642578125
39917,-0.0575714111328125,0.983428955078125,0.1728057861328125,-0.1998239010572433,-0.9266932606697084,-0.1274391859769821,69.13079833984375,93.11972045898438,-12.41590881347656
39918,-0.067352294921875,0.9960784912109376,0.1717529296875,-0.1998239010572433,-0.9266932606697084,-0.1274391859769821,68.97299194335938,93.35643005371094,-12.44424438476562
39919,-0.089508056640625,1.024795532226562,0.14874267578125,-0.1584610193967819,-0.870000422000885,-0.1484557837247849,68.95803833007812,93.36904907226562,-12.59858703613281
39920,-0.089508056640625,1.024795532226562,0.14874267578125,-0.1584610193967819,-0.870000422000885,-0.1484557837247849,68.95803833007812,93.36904907226562,-12.59858703613281
39921,-0.0905914306640625,1.032806396484375,0.1396026611328125,-0.1415965408086777,-0.8744065761566162,-0.159932941198349,68.85877990722656,93.3718719482422,-12.72674560546875
39922,-0.0806427001953125,1.039871215820312,0.1374359130859375,-0.1340278387069702,-0.8784058690071106,-0.1700255274772644,68.79800415039062,93.25404357910156,-12.75575256347656
39923,-0.06695556640625,1.034317016601562,0.1402435302734375,-0.1196435764431953,-0.8546504378318787,-0.1651013344526291,68.73387145996094,93.38311767578124,-12.68226623535156
39924,-0.050933837890625,1.015945434570312,0.1295623779296875,-0.1069861054420471,-0.8251535296440125,-0.1572117209434509,68.65235900878906,93.36769104003906,-12.82186889648438
39925,-0.0411834716796875,0.99462890625,0.11456298828125,-0.0526126101613044,-0.7818393707275391,-0.1441023200750351,68.427978515625,93.44476318359376,-12.84825134277344
39926,-0.033416748046875,0.982696533203125,0.1151885986328125,-0.0526126101613044,-0.7818393707275391,-0.1441023200750351,68.32281494140625,93.4194793701172,-12.781494140625
39927,-0.03277587890625,0.97625732421875,0.124359130859375,-0.0318894907832145,-0.7636305689811707,-0.1403973251581192,68.3326416015625,93.3615264892578,-12.83401489257812
39928,-0.0391082763671875,0.9727783203125,0.13629150390625,-0.0331078842282295,-0.7563318610191345,-0.1334278285503387,68.22804260253906,93.37564086914062,-12.91444396972656
39929,-0.0438079833984375,0.96990966796875,0.1599273681640625,-0.0503148362040519,-0.6988587379455566,-0.1300533413887024,68.15946960449219,93.46620178222656,-12.94898986816406
39930,-0.0569305419921875,0.9641265869140624,0.1635589599609375,-0.0503148362040519,-0.6988587379455566,-0.1300533413887024,68.07508850097656,93.53118896484376,-13.11874389648438
39931,-0.079376220703125,0.9591064453125,0.164306640625,-0.0814567729830741,-0.6668739318847656,-0.1201146915555,67.84336853027344,93.6768035888672,-13.45114135742188
39932,-0.079376220703125,0.9591064453125,0.164306640625,-0.0814567729830741,-0.6668739318847656,-0.1201146915555,67.84336853027344,93.6768035888672,-13.45114135742188
39933,-0.0821685791015625,0.9560089111328124,0.1656494140625,-0.082702599465847,-0.6780639886856079,-0.1090242192149162,67.74232482910156,93.69873046875,-13.55497741699219
39934,-0.0777740478515625,0.954315185546875,0.17364501953125,-0.082702599465847,-0.6780639886856079,-0.1090242192149162,67.77006530761719,93.7122039794922,-13.60665893554688
39935,-0.0697784423828125,0.948944091796875,0.179840087890625,-0.0895373374223709,-0.6666427254676819,-0.0803656801581382,67.65298461914062,93.54908752441406,-13.51556396484375
39936,-0.066192626953125,0.945587158203125,0.1780548095703125,-0.0895373374223709,-0.6666427254676819,-0.0803656801581382,67.5389404296875,93.6116943359375,-13.61976623535156
39937,-0.066192626953125,0.945587158203125,0.1780548095703125,-0.0895373374223709,-0.6666427254676819,-0.0803656801581382,67.5389404296875,93.6116943359375,-13.61976623535156
39938,-0.0676116943359375,0.9520111083984376,0.16510009765625,-0.0615453869104385,-0.6267126202583313,-0.0438593327999115,67.43531799316406,93.69786071777344,-13.69236755371094
39939,-0.0723724365234375,0.962921142578125,0.1617584228515625,-0.0449227318167686,-0.6127387881278992,-0.0363742522895336,67.40838623046875,93.69515991210938,-13.70536804199219
39940,-0.076934814453125,0.97344970703125,0.1557159423828125,-0.0323635339736938,-0.6013423204421997,-0.0307893380522728,67.40306091308594,93.62882995605467,-13.49668884277344
39941,-0.084503173828125,0.9816741943359376,0.1551361083984375,-0.0323635339736938,-0.6013423204421997,-0.0307893380522728,67.4569091796875,93.58734130859376,-13.46124267578125
39942,-0.0927581787109375,0.9876556396484376,0.1573944091796875,-0.0195193719118833,-0.575181245803833,-0.0209715943783521,67.39506530761719,93.49472045898438,-13.71815490722656
39943,-0.0977325439453125,0.99078369140625,0.158905029296875,-0.0195193719118833,-0.575181245803833,-0.0209715943783521,67.36424255371094,93.5609893798828,-13.84637451171875
39944,-0.1009368896484375,0.9877166748046876,0.1556396484375,-0.0186040438711643,-0.5615141987800598,-0.0071774856187403,67.38934326171875,93.68423461914062,-14.00807189941406
39945,-0.094268798828125,0.9799957275390624,0.14666748046875,-0.0234142448753118,-0.567253053188324,0.0015827165916562,67.2412109375,93.898681640625,-14.13973999023438
39946,-0.0859832763671875,0.9695587158203124,0.140960693359375,-0.0199404191225767,-0.5738643407821655,0.0139605570584535,67.29753112792969,93.92529296875,-14.13735961914062
39947,-0.076324462890625,0.9599456787109376,0.1340484619140625,-0.0132644064724445,-0.5788620114326477,0.0273796934634447,67.315185546875,93.88386535644533,-14.14059448242188
39948,-0.066497802734375,0.952911376953125,0.12811279296875,0.010735735297203,-0.5854986310005188,0.0451325923204422,67.28709411621094,93.80325317382812,-14.14306640625
39949,-0.066497802734375,0.952911376953125,0.12811279296875,0.010735735297203,-0.5854986310005188,0.0451325923204422,67.28709411621094,93.80325317382812,-14.14306640625
39950,-0.0667266845703125,0.95660400390625,0.123626708984375,0.0172602124512195,-0.5908923149108887,0.0486468970775604,67.29002380371094,93.6465301513672,-13.83695983886719
39951,-0.0684967041015625,0.9651031494140624,0.119659423828125,0.0258028358221054,-0.5963752269744873,0.0504469275474548,67.23056030273438,93.64004516601562,-13.66094970703125
39952,-0.0702972412109375,0.9727325439453124,0.1141510009765625,0.039984967559576,-0.6019684076309204,0.0436358936131,67.21290588378906,93.66720581054688,-14.20489501953125
39953,-0.0782012939453125,0.9795989990234376,0.10833740234375,0.0553077310323715,-0.6142032146453857,0.0426502600312233,67.132568359375,93.76158142089844,-14.75318908691406
39954,-0.0839385986328125,0.9852142333984376,0.1050872802734375,0.0691431164741516,-0.6280410289764404,0.0353201739490032,67.16636657714844,93.71916198730467,-14.97792053222656
39955,-0.0892486572265625,0.980743408203125,0.1069793701171875,0.0852698907256126,-0.6286138892173767,0.032764870673418,67.13706970214844,93.7592315673828,-15.09896850585938
39956,-0.093841552734375,0.9794464111328124,0.1055755615234375,0.0999249964952468,-0.6482743620872498,0.0354349575936794,67.24114990234375,93.67121887207033,-15.24674987792969
39957,-0.0983734130859375,0.979400634765625,0.1162567138671875,0.0864973440766334,-0.6533410549163818,0.0500953905284404,67.23516845703125,93.56829833984376,-15.40916442871094
39958,-0.1078948974609375,0.9773406982421876,0.129425048828125,0.0864973440766334,-0.6533410549163818,0.0500953905284404,67.18914794921875,93.58758544921876,-15.50048828125
39959,-0.119384765625,0.97125244140625,0.1254425048828125,0.0852539092302322,-0.6351567506790161,0.054925300180912,67.1746826171875,93.47561645507812,-15.39772033691406
39960,-0.12994384765625,0.973785400390625,0.1176300048828125,0.0871908292174339,-0.624648928642273,0.0488247983157634,67.1572265625,93.4326171875,-15.60601806640625
39961,-0.133026123046875,0.9798431396484376,0.1166229248046875,0.1010158285498619,-0.6322901248931885,0.0427365452051162,67.19613647460938,93.47541809082033,-15.8055419921875
39962,-0.1346588134765625,0.9933013916015624,0.1312255859375,0.1037959009408951,-0.6441017389297485,0.0364048779010772,67.21885681152344,93.43025207519533,-16.05517578125
39963,-0.1262359619140625,1.011215209960938,0.1491851806640625,0.1133097782731056,-0.6521660685539246,0.0235474035143852,67.20433044433594,93.42538452148438,-16.30790710449219
39964,-0.0974273681640625,1.05059814453125,0.19488525390625,0.133257120847702,-0.6667660474777222,0.0022634204942733,67.12290954589844,93.52743530273438,-16.44454956054688
39965,-0.0974273681640625,1.05059814453125,0.19488525390625,0.133257120847702,-0.6667660474777222,0.0022634204942733,67.12290954589844,93.52743530273438,-16.44454956054688
39966,-0.072662353515625,1.063430786132812,0.2288360595703125,0.1300770491361618,-0.6314520239830017,0.0163526087999343,67.00975036621094,93.561279296875,-16.55482482910156
39967,-0.0540618896484375,1.062408447265625,0.2431640625,0.0967960506677627,-0.5386599898338318,0.0347459949553012,67.01953125,93.48298645019533,-16.64765930175781
39968,-0.0562896728515625,1.038314819335938,0.231109619140625,0.0404792502522468,-0.4151670932769775,0.0553255751729011,67.03530883789062,93.5135498046875,-16.77455139160156
39969,-0.0716705322265625,1.004119873046875,0.193511962890625,-0.0166194569319486,-0.33958500623703,0.0620295479893684,66.94384765625,93.56683349609376,-16.98170471191406
39970,-0.083892822265625,0.986053466796875,0.1570587158203125,-0.0382099710404872,-0.3448908030986786,0.0478330366313457,66.87338256835938,93.53961181640624,-17.15797424316406
39971,-0.07855224609375,0.989105224609375,0.1449127197265625,-0.0349910072982311,-0.4142480492591858,0.0213407091796398,66.85855102539062,93.67276000976562,-17.21456909179688
39972,-0.0511627197265625,1.015792846679688,0.1558837890625,-0.0147198243066668,-0.5038434267044067,-0.0043540019541978,66.88197326660156,93.62811279296876,-17.37629699707031
39973,-0.0131683349609375,1.054916381835938,0.1915435791015625,0.0085623292252421,-0.5637565851211548,-0.0098174773156642,66.88986206054688,93.59095764160156,-17.31684875488281
39974,0.043426513671875,1.124038696289062,0.2395782470703125,0.0151198310777545,-0.5317254066467285,0.0048099351115524,66.77098083496094,93.4607391357422,-17.31689453125
39975,0.0434417724609375,1.121444702148438,0.246856689453125,-0.0345417335629463,-0.4731481075286865,0.0147592388093471,66.77360534667969,93.42919921875,-17.269775390625
39976,0.0434417724609375,1.121444702148438,0.246856689453125,-0.0345417335629463,-0.4731481075286865,0.0147592388093471,66.77360534667969,93.42919921875,-17.269775390625
39977,0.035980224609375,1.095046997070312,0.2262420654296875,-0.1020342260599136,-0.3718803524971008,0.0195814240723848,66.72616577148438,93.47520446777344,-17.34403991699219
39978,0.026397705078125,1.049423217773438,0.171966552734375,-0.1687621176242828,-0.311570942401886,0.018800850957632,66.73880004882812,93.47109985351562,-17.43373107910156
39979,0.0115203857421875,0.973846435546875,0.0846405029296875,-0.1500611305236816,-0.357071578502655,-0.0218198113143444,66.63534545898438,93.58148193359376,-17.42576599121094
39980,0.0115203857421875,0.973846435546875,0.0846405029296875,-0.1500611305236816,-0.357071578502655,-0.0218198113143444,66.63534545898438,93.58148193359376,-17.42576599121094
39981,0.0052947998046875,0.94915771484375,0.0775146484375,-0.077263094484806,-0.4163711071014404,-0.040052343159914,66.66703796386719,93.48536682128906,-17.27729797363281
39982,-0.0017242431640625,0.94000244140625,0.0946502685546875,-0.0085090659558773,-0.4650180041790009,-0.0501502528786659,66.67739868164062,93.39552307128906,-17.2080078125
39983,-0.0047454833984375,0.9332733154296876,0.122406005859375,0.0329941697418689,-0.4932491183280945,-0.05840764939785,66.6605224609375,93.40902709960938,-17.44024658203125
39984,-0.01324462890625,0.9398040771484376,0.1506500244140625,0.0562078803777694,-0.4947735071182251,-0.0677659958600997,66.59266662597656,93.48532104492188,-17.67845153808594
39985,-0.022125244140625,0.9395904541015624,0.158233642578125,0.055571649223566,-0.4820776879787445,-0.067033365368843,66.55838012695312,93.48968505859376,-17.73844909667969
39986,-0.022979736328125,0.9453582763671876,0.1554718017578125,0.0346988588571548,-0.4789532721042633,-0.0724302604794502,66.40727233886719,93.54554748535156,-17.73960876464844
39987,-0.0245208740234375,0.9654998779296876,0.1617584228515625,0.0130875725299119,-0.4501399993896484,-0.0807848572731018,66.38984680175781,93.5207061767578,-17.95053100585938
39988,-0.0170135498046875,0.985504150390625,0.1652374267578125,-0.0141829308122396,-0.4197128415107727,-0.0919794589281082,66.24847412109375,93.47244262695312,-18.01081848144531
39989,0.000244140625,0.9950408935546876,0.17120361328125,-0.0230003912001848,-0.4072591066360474,-0.1022768393158913,66.2388916015625,93.511474609375,-18.00006103515625
39990,0.0207672119140625,1.012008666992188,0.172210693359375,-0.0165864340960979,-0.4279510676860809,-0.1026400923728943,66.08145141601562,93.51202392578124,-17.90853881835938
39991,0.0489501953125,1.031906127929688,0.18853759765625,-0.0306431297212839,-0.4509716928005219,-0.0986613258719444,65.98297119140625,93.56626892089844,-18.018310546875
39992,0.0704193115234375,1.043243408203125,0.2080841064453125,-0.0476873628795146,-0.4347858130931854,-0.0814053788781166,65.97509765625,93.5771942138672,-18.11190795898438
39993,0.08935546875,1.033905029296875,0.202972412109375,-0.0606199391186237,-0.4211637377738953,-0.0561189278960228,65.88832092285156,93.63685607910156,-18.18629455566406
39994,0.1031646728515625,1.013671875,0.193206787109375,-0.0630745738744735,-0.4303114414215088,-0.0326889716088771,65.71537780761719,93.63792419433594,-18.22811889648438
39995,0.1235809326171875,0.9985504150390624,0.1965789794921875,-0.0592239089310169,-0.4494779407978058,-0.0110065788030624,65.69647216796875,93.58351135253906,-18.27061462402344
39996,0.150299072265625,0.99017333984375,0.2043914794921875,-0.0511633194983005,-0.4429222941398621,0.0023246733471751,65.68330383300781,93.55177307128906,-18.36698913574219
39997,0.1819610595703125,0.9852142333984376,0.205352783203125,-0.0518253818154335,-0.4491908550262451,0.0120111228898167,65.68563842773438,93.60987854003906,-18.38284301757812
39998,0.2017822265625,0.9802398681640624,0.20880126953125,-0.0619358047842979,-0.4524990320205688,0.0278401523828506,65.58424377441406,93.630859375,-18.393798828125
39999,0.21575927734375,0.9728546142578124,0.2102508544921875,-0.0619358047842979,-0.4524990320205688,0.0278401523828506,65.62356567382812,93.73280334472656,-18.31838989257812
40000,0.218963623046875,0.950164794921875,0.2025604248046875,-0.0554315671324729,-0.4526092708110809,0.0427091158926487,65.48841857910156,93.71054077148438,-18.23945617675781
40001,0.218963623046875,0.950164794921875,0.2025604248046875,-0.0554315671324729,-0.4526092708110809,0.0427091158926487,65.48841857910156,93.71054077148438,-18.23945617675781
40002,0.21710205078125,0.9356842041015624,0.190704345703125,-0.0554315671324729,-0.4526092708110809,0.0427091158926487,65.45359802246094,93.70379638671876,-18.31068420410156
40003,0.2189178466796875,0.9196014404296876,0.1720733642578125,-0.0303712207823991,-0.4088210463523865,0.0541820116341114,65.46768188476562,93.56056213378906,-18.26919555664062
40004,0.2189178466796875,0.9196014404296876,0.1720733642578125,-0.0303712207823991,-0.4088210463523865,0.0541820116341114,65.46768188476562,93.56056213378906,-18.26919555664062
40005,0.2323150634765625,0.919403076171875,0.172576904296875,-0.0398201160132885,-0.4153764247894287,0.0702991932630538,65.51118469238281,93.60150146484376,-18.34614562988281
40006,0.2407684326171875,0.917388916015625,0.1760101318359375,-0.0565959028899669,-0.4214521646499634,0.0865548625588417,65.46839904785156,93.4972686767578,-18.37821960449219
40007,0.2502899169921875,0.9186553955078124,0.1691436767578125,-0.0611365921795368,-0.410121738910675,0.1012342125177383,65.491455078125,93.58706665039062,-18.34925842285156
40008,0.254425048828125,0.9266510009765624,0.158721923828125,-0.063457004725933,-0.3769744336605072,0.1144722476601601,65.43186950683594,93.43927001953124,-18.408935546875
40009,0.253631591796875,0.9360504150390624,0.1429290771484375,-0.0607498995959758,-0.3177841007709503,0.1327239573001862,65.45343017578125,93.2843780517578,-18.400390625
40010,0.2364959716796875,0.9447021484375,0.1254730224609375,-0.0142875928431749,-0.2564259171485901,0.1514507681131363,65.50331115722656,93.2892608642578,-18.53652954101562
40011,0.192230224609375,0.970458984375,0.0998382568359375,0.0650229454040527,-0.3142774999141693,0.137627899646759,65.58895874023438,93.3054656982422,-18.2471923828125
40012,0.192230224609375,0.970458984375,0.0998382568359375,0.0650229454040527,-0.3142774999141693,0.137627899646759,65.58895874023438,93.3054656982422,-18.2471923828125
40013,0.1651763916015625,0.9781341552734376,0.110015869140625,0.0976645052433013,-0.3381988108158112,0.1117851212620735,65.67117309570312,93.25221252441406,-18.24520874023438
40014,0.1434173583984375,0.987030029296875,0.1224365234375,0.0976645052433013,-0.3381988108158112,0.1117851212620735,65.65998840332031,93.18002319335938,-18.18719482421875
40015,0.1200408935546875,1.009521484375,0.14849853515625,0.1117622181773186,-0.3385149240493774,0.0672472119331359,65.81846618652344,93.13978576660156,-18.55763244628906
40016,0.1200408935546875,1.009521484375,0.14849853515625,0.1117622181773186,-0.3385149240493774,0.0672472119331359,65.81846618652344,93.13978576660156,-18.55763244628906
40017,0.1166839599609375,1.003662109375,0.1782684326171875,0.1158355250954628,-0.2868109941482544,0.0391591191291809,65.86874389648438,93.0685577392578,-18.81672668457031
40018,0.1228790283203125,0.9987335205078124,0.17926025390625,0.1158355250954628,-0.2868109941482544,0.0391591191291809,65.80722045898438,93.13616943359376,-18.79769897460938
40019,0.1217498779296875,0.9983367919921876,0.168792724609375,0.0866094604134559,-0.3255370855331421,0.0292433723807334,65.72805786132812,93.08226013183594,-18.90029907226562
40020,0.131439208984375,0.992889404296875,0.169647216796875,0.0410731360316276,-0.3149635493755341,0.0071109062992036,65.69509887695312,92.99769592285156,-19.0087890625
40021,0.131439208984375,0.992889404296875,0.169647216796875,0.0410731360316276,-0.3149635493755341,0.0071109062992036,65.69509887695312,92.99769592285156,-19.0087890625
40022,0.13922119140625,0.98419189453125,0.103240966796875,0.0807478427886962,-0.3298159837722778,-0.0095580853521823,65.78704833984375,92.91848754882812,-18.98243713378906
40023,0.1770782470703125,0.96258544921875,0.0843658447265625,0.161780372262001,-0.3656443059444427,-0.0298649538308382,65.7335205078125,92.99650573730467,-19.12767028808594
40024,0.1770782470703125,0.96258544921875,0.0843658447265625,0.161780372262001,-0.3656443059444427,-0.0298649538308382,65.7335205078125,92.99650573730467,-19.12767028808594
40025,0.1867523193359375,0.947998046875,0.0988311767578125,0.2005059421062469,-0.3603877425193787,-0.0399138592183589,65.64144897460938,92.98458862304688,-19.41566467285156
40026,0.1876068115234375,0.9435882568359376,0.1113128662109375,0.2238626629114151,-0.3718489110469818,-0.0348618440330028,65.57978820800781,92.96920776367188,-19.43714904785156
40027,0.1787109375,0.9568328857421876,0.1026611328125,0.1958733648061752,-0.420958936214447,-0.0208749212324619,65.51588439941406,92.89976501464844,-19.66079711914062
40028,0.166839599609375,0.9700775146484376,0.13385009765625,0.1250268965959549,-0.4143889248371124,-0.0150772202759981,65.44364929199219,92.82052612304688,-19.72369384765625
40029,0.1494903564453125,0.979278564453125,0.1385345458984375,0.1214412078261375,-0.3458522260189056,-0.0229495242238044,65.56108093261719,92.82533264160156,-19.83299255371094
40030,0.125335693359375,0.9761962890625,0.107818603515625,0.1506734043359756,-0.3383753895759583,-0.0300670880824327,65.48561096191406,92.84434509277344,-19.92213439941406
40031,0.111663818359375,0.9771881103515624,0.11126708984375,0.1554979830980301,-0.3005728721618652,-0.0438542738556861,65.36149597167969,92.94436645507812,-20.08277893066406
40032,0.1026458740234375,0.9857177734375,0.0949249267578125,0.1482491195201874,-0.2671238481998444,-0.0581818148493766,65.35089111328125,92.88572692871094,-20.25990295410156
40033,0.095489501953125,0.99761962890625,0.0858154296875,0.1574767082929611,-0.2343171685934067,-0.0764953047037124,65.27236938476562,92.82940673828124,-20.35299682617188
40034,0.0906829833984375,1.00018310546875,0.104461669921875,0.1574767082929611,-0.2343171685934067,-0.0764953047037124,65.22297668457031,92.85507202148438,-20.39653015136719
40035,0.0857696533203125,0.995697021484375,0.1073150634765625,0.1804270297288895,-0.2209883034229279,-0.0763645470142364,65.10501098632812,92.77864074707033,-20.57093811035156
40036,0.080780029296875,0.99169921875,0.121368408203125,0.1804270297288895,-0.2209883034229279,-0.0763645470142364,65.06790161132812,92.80686950683594,-20.63276672363281
40037,0.080780029296875,0.99169921875,0.121368408203125,0.1804270297288895,-0.2209883034229279,-0.0763645470142364,65.06790161132812,92.80686950683594,-20.63276672363281
40038,0.07257080078125,0.9921112060546876,0.13140869140625,0.141271635890007,-0.1816805750131607,-0.0803252011537551,65.13337707519531,92.7179718017578,-20.76754760742188
40039,0.0671844482421875,0.9946441650390624,0.12030029296875,0.1371914148330688,-0.1638983935117722,-0.0887048318982124,65.08084106445312,92.69255065917967,-20.6812744140625
40040,0.0649871826171875,0.99261474609375,0.1072235107421875,0.1434940546751022,-0.1490494012832642,-0.1046094968914986,65.05033874511719,92.56224060058594,-20.61640930175781
40041,0.0762786865234375,0.999420166015625,0.09564208984375,0.1541911661624908,-0.1655346304178238,-0.1214694380760193,65.00714111328125,92.56484985351562,-20.93473815917969
40042,0.097015380859375,1.006057739257812,0.106414794921875,0.1580982953310013,-0.1907409280538559,-0.1373605281114578,64.96498107910156,92.65765380859376,-21.16268920898438
40043,0.1356658935546875,1.004669189453125,0.1200714111328125,0.1410495340824127,-0.2623618543148041,-0.1101049333810806,64.73524475097656,92.6989288330078,-21.35935974121094
40044,0.1356658935546875,1.004669189453125,0.1200714111328125,0.1410495340824127,-0.2623618543148041,-0.1101049333810806,64.73524475097656,92.6989288330078,-21.35935974121094
40045,0.1436004638671875,0.9990081787109376,0.1240692138671875,0.1410495340824127,-0.2623618543148041,-0.1101049333810806,64.68313598632812,92.67857360839844,-21.444091796875
40046,0.13861083984375,0.991912841796875,0.120361328125,0.1292844861745834,-0.2598544657230377,-0.0908127278089523,64.67584228515625,92.63894653320312,-21.2696533203125
40047,0.0951385498046875,0.9932098388671876,0.078125,0.1673788726329803,-0.1376185864210129,-0.0728281363844871,64.36073303222656,92.63713073730467,-21.63023376464844
40048,0.0951385498046875,0.9932098388671876,0.078125,0.1673788726329803,-0.1376185864210129,-0.0728281363844871,64.36073303222656,92.63713073730467,-21.63023376464844
40049,0.07415771484375,1.007369995117188,0.0713348388671875,0.1673788726329803,-0.1376185864210129,-0.0728281363844871,64.29917907714844,92.71621704101562,-21.75798034667969
40050,0.0637664794921875,1.02001953125,0.088531494140625,0.180183619260788,-0.15025794506073,-0.0778628438711166,64.26295471191406,92.7162628173828,-21.92628479003906
40051,0.0753173828125,1.029251098632812,0.13812255859375,0.1571845561265945,-0.2197115868330002,-0.0827444121241569,64.16270446777344,92.52708435058594,-21.99928283691406
40052,0.0753173828125,1.029251098632812,0.13812255859375,0.1571845561265945,-0.2197115868330002,-0.0827444121241569,64.16270446777344,92.52708435058594,-21.99928283691406
40053,0.0897369384765625,1.025650024414062,0.17059326171875,0.0718169286847114,-0.2960263192653656,-0.0619001202285289,64.10269165039062,92.54820251464844,-22.10008239746094
40054,0.1071929931640625,1.018585205078125,0.187164306640625,0.0718169286847114,-0.2960263192653656,-0.0619001202285289,64.08901977539062,92.57083129882812,-22.21963500976562
40055,0.130096435546875,0.98480224609375,0.1781005859375,-0.0250984281301498,-0.3701865673065186,-0.0240691173821687,63.87786865234375,92.71617126464844,-22.388427734375
40056,0.130096435546875,0.98480224609375,0.1781005859375,-0.0250984281301498,-0.3701865673065186,-0.0240691173821687,63.87786865234375,92.71617126464844,-22.388427734375
40057,0.15118408203125,0.9574127197265624,0.164825439453125,-0.0280473474413156,-0.3386726081371307,-0.0178109556436538,63.85450744628906,92.61611938476562,-22.46051025390625
40058,0.1515960693359375,0.9387969970703124,0.118896484375,0.0109658315777778,-0.2756637930870056,-0.0017971011111512,63.88847351074219,92.46957397460938,-22.33106994628906
40059,0.136993408203125,0.9135894775390624,0.0942230224609375,0.0540264844894409,-0.2563010156154633,0.0148897338658571,63.83200073242188,92.51594543457033,-22.3363037109375
40060,0.136993408203125,0.9135894775390624,0.0942230224609375,0.0540264844894409,-0.2563010156154633,0.0148897338658571,63.83200073242188,92.51594543457033,-22.3363037109375
40061,0.1181793212890625,0.9254913330078124,0.0820770263671875,0.1095328852534294,-0.2424520552158356,0.0067130299285054,63.71603393554688,92.47673034667967,-22.27703857421875
40062,0.09332275390625,0.944427490234375,0.08343505859375,0.0754731893539428,-0.2801046371459961,0.0018034926615655,63.69912719726562,92.64353942871094,-22.35765075683594
40063,0.07086181640625,0.9582672119140624,0.09405517578125,0.0754731893539428,-0.2801046371459961,0.0018034926615655,63.68258666992188,92.56504821777344,-22.31727600097656
40064,0.0402069091796875,0.9788665771484376,0.1201629638671875,-0.0513031333684921,-0.305925577878952,-0.0049904976040124,63.75881958007812,92.37556457519533,-22.61802673339844
40065,0.0402069091796875,0.9788665771484376,0.1201629638671875,-0.0513031333684921,-0.305925577878952,-0.0049904976040124,63.75881958007812,92.37556457519533,-22.61802673339844
40066,0.033172607421875,0.981658935546875,0.113006591796875,-0.0513031333684921,-0.305925577878952,-0.0049904976040124,63.66390991210938,92.43649291992188,-22.66584777832031
40067,0.033721923828125,0.98291015625,0.10430908203125,-0.0437805019319057,-0.3085983097553253,-0.0072065140120685,63.60321044921875,92.462158203125,-22.71914672851562
40068,0.0372314453125,0.988311767578125,0.10101318359375,-0.0299200825393199,-0.2912033498287201,-0.0096867159008979,63.50807189941406,92.48469543457033,-22.83700561523438
40069,0.043701171875,0.9957427978515624,0.096405029296875,-0.0171097442507743,-0.2821542024612427,-0.0175880491733551,63.55076599121094,92.4470672607422,-22.85606384277344
40070,0.0528411865234375,1.003173828125,0.1020660400390625,-0.0039406795985996,-0.2960204780101776,-0.0251008253544569,63.44084167480469,92.44476318359376,-22.90180969238281
40071,0.042236328125,1.01031494140625,0.10693359375,0.0177939105778932,-0.2927631735801697,-0.0266204252839088,63.42947387695312,92.4678955078125,-22.83169555664062
40072,0.046142578125,1.005233764648438,0.1070556640625,0.0036594495177268,-0.2730994522571564,-0.0440018139779567,63.35264587402344,92.53767395019533,-23.06063842773438
40073,0.0524444580078125,0.99615478515625,0.1396331787109375,0.0192253589630127,-0.2837358415126801,-0.0455539040267467,63.23609924316406,92.62890625,-23.01490783691406
40074,0.053802490234375,0.996002197265625,0.1039276123046875,0.0192253589630127,-0.2837358415126801,-0.0455539040267467,63.2744140625,92.62680053710938,-22.93238830566406
40075,0.053466796875,0.9896240234375,0.1024627685546875,0.0076435385271906,-0.3123211562633514,-0.0437887609004974,63.2774658203125,92.532958984375,-22.93424987792969
40076,0.0593719482421875,0.9837188720703124,0.108001708984375,-0.0022503710351884,-0.2957794666290283,-0.0451184771955013,63.16575622558594,92.47914123535156,-23.04090881347656
40077,0.0625,0.9808349609375,0.0999908447265625,0.0069902651011943,-0.2968849241733551,-0.0434726439416408,63.05941772460938,92.45884704589844,-23.05885314941406
40078,0.064117431640625,0.9792022705078124,0.0971221923828125,0.0069902651011943,-0.2968849241733551,-0.0434726439416408,63.078857421875,92.56721496582033,-23.1177978515625
40079,0.0715179443359375,0.979736328125,0.108184814453125,0.0011837751371786,-0.299430638551712,-0.0449680089950561,63.01315307617188,92.60275268554688,-23.13847351074219
40080,0.0715179443359375,0.979736328125,0.108184814453125,0.0011837751371786,-0.299430638551712,-0.0449680089950561,63.01315307617188,92.60275268554688,-23.13847351074219
40081,0.069854736328125,0.978515625,0.1154937744140625,0.0031987228430807,-0.2710005939006805,-0.0404315777122974,62.89768981933594,92.5752410888672,-23.19802856445312
40082,0.0704193115234375,0.9815826416015624,0.11138916015625,0.006803311407566,-0.2122541964054108,-0.0287078116089105,62.9300537109375,92.58309936523438,-23.20204162597656
40083,0.0639495849609375,0.9842681884765624,0.109222412109375,0.006803311407566,-0.2122541964054108,-0.0287078116089105,62.79933166503906,92.63679504394533,-23.158935546875
40084,0.055267333984375,0.9883270263671876,0.1075439453125,0.0121946148574352,-0.1957705616950989,-0.0303027778863906,62.74043273925781,92.6796875,-23.18452453613281
40085,0.0500640869140625,0.9905853271484376,0.11199951171875,0.0164066702127456,-0.1742343902587891,-0.0270878095179796,62.71890258789062,92.69683837890624,-23.31730651855469
40086,0.04705810546875,0.9889373779296876,0.11712646484375,0.0164066702127456,-0.1742343902587891,-0.0270878095179796,62.74775695800781,92.62161254882812,-23.2550048828125
40087,0.0441131591796875,0.984375,0.1154937744140625,0.0093269227072596,-0.1736176013946533,-0.0217750705778598,62.64212036132812,92.6499481201172,-23.19070434570312
40088,0.0441131591796875,0.984375,0.1154937744140625,0.0093269227072596,-0.1736176013946533,-0.0217750705778598,62.64212036132812,92.6499481201172,-23.19070434570312
40089,0.047332763671875,0.984344482421875,0.1136932373046875,-0.0007970841252245,-0.1761963367462158,-0.0223684217780828,62.56036376953125,92.72688293457033,-23.382080078125
40090,0.0516357421875,0.984466552734375,0.1078643798828125,-0.0059335227124392,-0.1744128167629242,-0.0248033497482538,62.60751342773438,92.68875122070312,-23.44773864746094
40091,0.0566864013671875,0.9862060546875,0.105682373046875,-0.0067433901131153,-0.181398019194603,-0.0277141854166984,62.60223388671875,92.6934051513672,-23.49029541015625
40092,0.06195068359375,0.98614501953125,0.103515625,-0.0062339273281395,-0.1786791980266571,-0.0286068767309188,62.57131958007812,92.75050354003906,-23.59483337402344
40093,0.06475830078125,0.985015869140625,0.1005859375,-0.0098094874992966,-0.1590650230646133,-0.0264060404151678,62.43281555175781,92.764892578125,-23.50621032714844
40094,0.0637054443359375,0.98675537109375,0.1005706787109375,-0.0098094874992966,-0.1590650230646133,-0.0264060404151678,62.39643859863281,92.72428894042967,-23.48292541503906
40095,0.06011962890625,0.987274169921875,0.0963897705078125,-0.007962585426867,-0.153658539056778,-0.0277480073273181,62.37211608886719,92.720703125,-23.39332580566406
40096,0.0538787841796875,0.9875640869140624,0.0946807861328125,-0.0047875647433102,-0.1428551524877548,-0.0304479207843542,62.42025756835938,92.76925659179688,-23.42660522460938
40097,0.0497283935546875,0.9864501953125,0.0937042236328125,0.0013385047204792,-0.1197932437062263,-0.0338370576500892,62.36093139648438,92.8054656982422,-23.4261474609375
40098,0.0473785400390625,0.9875946044921876,0.0934906005859375,0.0013385047204792,-0.1197932437062263,-0.0338370576500892,62.29670715332031,92.8364715576172,-23.45648193359375
40099,0.04302978515625,0.9915924072265624,0.097412109375,0.0040871533565223,-0.1069192588329315,-0.0352988690137863,62.368408203125,92.76075744628906,-23.46939086914062
40100,0.0420074462890625,0.992706298828125,0.0961456298828125,-0.0054443003609776,-0.1020219698548317,-0.0407130755484104,62.27719116210938,92.66110229492188,-23.42605590820312
40101,0.0409393310546875,0.9961700439453124,0.104736328125,-0.0107485176995396,-0.0923352539539337,-0.0410739332437515,62.13729858398438,92.61279296875,-23.64047241210938
40102,0.0423431396484375,0.99566650390625,0.1037139892578125,-0.016602411866188,-0.0891391932964325,-0.045896653085947,62.18501281738281,92.59060668945312,-23.62004089355469
40103,0.0456390380859375,0.994354248046875,0.1033935546875,-0.0144327348098158,-0.0719359740614891,-0.0407279878854751,62.17741394042969,92.53239440917967,-23.55451965332031
40104,0.0478515625,0.993499755859375,0.1046905517578125,-0.0077780280262231,-0.0568438395857811,-0.0343204215168952,62.15829467773438,92.64356994628906,-23.63395690917969
40105,0.048675537109375,0.9917755126953124,0.1063232421875,-0.0077780280262231,-0.0568438395857811,-0.0343204215168952,62.07017517089844,92.64004516601562,-23.65083312988281
40106,0.0491790771484375,0.98907470703125,0.1083221435546875,-0.0039188414812088,-0.0504424013197422,-0.0372933112084865,62.12423706054688,92.7165069580078,-23.56138610839844
40107,0.04815673828125,0.9866485595703124,0.10986328125,-0.001807487453334,-0.0448388457298278,-0.0358219146728515,62.06074523925781,92.68536376953124,-23.47195434570312
40108,0.0496063232421875,0.9856414794921876,0.1057281494140625,-0.0082920184358954,-0.039094939827919,-0.0384105071425437,62.04071044921875,92.7267608642578,-23.59272766113281
40109,0.0517578125,0.985595703125,0.1015167236328125,-0.0095066856592893,-0.0403250530362129,-0.0391050577163696,61.93708801269531,92.7476043701172,-23.72903442382812
40110,0.0533447265625,0.9873046875,0.09844970703125,-0.0095066856592893,-0.0403250530362129,-0.0391050577163696,62.04490661621094,92.82643127441406,-23.7357177734375
40111,0.055328369140625,0.9889984130859376,0.0960693359375,-0.0086273103952407,-0.0390858836472034,-0.0388813540339469,61.98762512207031,92.67318725585938,-23.66293334960938
40112,0.05523681640625,0.9909210205078124,0.0964813232421875,-0.0063849287107586,-0.0380621626973152,-0.0391242317855358,61.9378662109375,92.77711486816406,-23.72543334960938
40113,0.0542449951171875,0.9909820556640624,0.099273681640625,-0.007096791639924,-0.0395351573824882,-0.0390794910490512,61.96250915527344,92.79591369628906,-23.67889404296875
40114,0.0525360107421875,0.991851806640625,0.10089111328125,-0.0105639612302184,-0.0405191965401172,-0.0422965921461582,61.98904418945312,92.78556823730467,-23.60263061523438
40115,0.051116943359375,0.9928741455078124,0.101470947265625,-0.0120308296754956,-0.0491731390357017,-0.0459302067756652,61.89236450195312,92.8587646484375,-23.48912048339844
40116,0.053985595703125,0.9908447265625,0.0984954833984375,-0.0155778946354985,-0.0603877082467079,-0.0484839119017124,61.80818176269531,92.76042175292967,-23.53425598144531
40117,0.053985595703125,0.9908447265625,0.0984954833984375,-0.0155778946354985,-0.0603877082467079,-0.0484839119017124,61.80818176269531,92.76042175292967,-23.53425598144531
40118,0.0538330078125,0.9891204833984376,0.094940185546875,-0.0128907645121216,-0.0624359473586082,-0.0497483797371387,61.82652282714844,92.74404907226562,-23.64358520507812
40119,0.051788330078125,0.988739013671875,0.0948486328125,-0.0077764303423464,-0.0603831820189952,-0.0476114600896835,61.75514221191406,92.8298797607422,-23.62001037597656
40120,0.0492401123046875,0.9895172119140624,0.09814453125,-0.0012287824647501,-0.0601440295577049,-0.0489363819360733,61.69450378417969,92.95736694335938,-23.62075805664062
40121,0.0488128662109375,0.9937896728515624,0.1006011962890625,-0.0012287824647501,-0.0601440295577049,-0.0489363819360733,61.63706970214844,92.95578002929688,-23.59599304199219
40122,0.046875,0.997222900390625,0.0995941162109375,-0.0004884237423539,-0.0601584129035472,-0.0496937856078147,61.58082580566406,93.014404296875,-23.64041137695312
40123,0.0469970703125,1.000228881835938,0.1005706787109375,0.0079793632030487,-0.0562920346856117,-0.0561386346817016,61.52864074707031,93.09085083007812,-23.61470031738281
40124,0.04681396484375,0.9979248046875,0.103515625,0.0128279142081737,-0.0622939988970756,-0.0586044564843177,61.61465454101562,93.01155090332033,-23.60722351074219
40125,0.0490570068359375,0.99530029296875,0.1058349609375,0.0128279142081737,-0.0622939988970756,-0.0586044564843177,61.54013061523438,92.96965026855467,-23.60659790039062
40126,0.0521697998046875,0.993499755859375,0.1084442138671875,0.0146401952952146,-0.0726997703313827,-0.0665934085845947,61.49943542480469,92.97381591796876,-23.51507568359375
40127,0.052825927734375,0.9917755126953124,0.10986328125,0.0040245689451694,-0.072509616613388,-0.0718440935015678,61.520751953125,92.88758850097656,-23.46571350097656
40128,0.05255126953125,0.9897003173828124,0.1070098876953125,-0.0001531317684566,-0.0793161243200302,-0.0728297308087348,61.49169921875,92.8456573486328,-23.49331665039062
40129,0.0539093017578125,0.987091064453125,0.103240966796875,-0.0001531317684566,-0.0793161243200302,-0.0728297308087348,61.44305419921875,93.0474853515625,-23.65090942382812
40130,0.0544586181640625,0.98419189453125,0.1016845703125,-0.0010274475207552,-0.0867844298481941,-0.0719583481550216,61.35383605957031,92.9883270263672,-23.6461181640625
40131,0.0544586181640625,0.983367919921875,0.097442626953125,0.0001230380439665,-0.0933254212141037,-0.0649449080228805,61.28170776367188,92.88900756835938,-23.62191772460938
40132,0.0553131103515625,0.9804840087890624,0.097198486328125,0.0048461542464792,-0.0996674746274948,-0.0628748387098312,61.34432983398438,92.81785583496094,-23.74113464355469
40133,0.0542755126953125,0.98052978515625,0.100372314453125,0.004235225263983,-0.0980157777667045,-0.0555356964468956,61.35043334960938,92.7314910888672,-23.58476257324219
40134,0.05059814453125,0.9861602783203124,0.09661865234375,-0.0049449573270976,-0.1210281550884247,-0.0558872334659099,61.29020690917969,92.85589599609376,-23.46211242675781
40135,0.05059814453125,0.9861602783203124,0.09661865234375,-0.0049449573270976,-0.1210281550884247,-0.0558872334659099,61.29020690917969,92.85589599609376,-23.46211242675781
40136,0.051544189453125,0.990631103515625,0.096832275390625,-0.0075913406908512,-0.1330171674489975,-0.058201253414154,61.22599792480469,92.86085510253906,-23.48382568359375
40137,0.051544189453125,0.990631103515625,0.096832275390625,-0.0075913406908512,-0.1330171674489975,-0.058201253414154,61.22599792480469,92.86085510253906,-23.48382568359375
40138,0.0555419921875,0.996002197265625,0.0907135009765625,0.0029108349699527,-0.1943465769290924,-0.0657044425606727,61.13833618164062,92.74267578125,-23.42485046386719
40139,0.0594940185546875,0.9968109130859376,0.0884552001953125,0.0029108349699527,-0.1943465769290924,-0.0657044425606727,61.14805603027344,92.69866943359376,-23.31742858886719
40140,0.0609283447265625,0.998443603515625,0.0861358642578125,0.0105948541313409,-0.2091588079929352,-0.0657097697257995,61.09403991699219,92.7268524169922,-23.17909240722656
40141,0.061126708984375,0.9965362548828124,0.0855560302734375,0.0207753200083971,-0.2288835197687149,-0.0706824287772178,61.03309631347656,92.80137634277344,-23.21488952636719
40142,0.062225341796875,0.9948272705078124,0.087860107421875,0.0289200656116008,-0.2447658032178879,-0.0764468386769294,60.94657897949219,92.88502502441406,-23.27339172363281
40143,0.0608673095703125,0.9925079345703124,0.0915985107421875,0.0359494797885417,-0.2601050734519958,-0.073335200548172,60.83261108398438,92.95486450195312,-23.39079284667969
40144,0.05499267578125,0.9874267578125,0.101409912109375,0.0425317473709583,-0.2728645503520966,-0.0742113813757896,60.77352905273438,93.02117919921876,-23.69960021972656
40145,0.05499267578125,0.9874267578125,0.101409912109375,0.0425317473709583,-0.2728645503520966,-0.0742113813757896,60.77352905273438,93.02117919921876,-23.69960021972656
40146,0.051788330078125,0.9840240478515624,0.1045074462890625,0.0440926253795623,-0.2791195213794708,-0.0722699388861656,60.599853515625,93.04803466796876,-23.74162292480469
40147,0.0452880859375,0.9829254150390624,0.1129302978515625,0.0363273806869983,-0.2949075400829315,-0.069065622985363,60.53129577636719,93.13034057617188,-23.787109375
40148,0.0452880859375,0.9829254150390624,0.1129302978515625,0.0363273806869983,-0.2949075400829315,-0.069065622985363,60.53129577636719,93.13034057617188,-23.787109375
40149,0.0424957275390625,0.9816131591796876,0.11590576171875,0.033439714461565,-0.2931948602199554,-0.0653616935014724,60.54592895507812,93.03933715820312,-23.69425964355469
40150,0.0415496826171875,0.98077392578125,0.1173858642578125,0.0297754723578691,-0.292819082736969,-0.0597829073667526,60.47174072265625,92.95651245117188,-23.68217468261719
40151,0.037353515625,0.9778289794921876,0.11138916015625,0.0312649793922901,-0.2850501239299774,-0.0474740415811538,60.22116088867188,92.99671936035156,-23.96934509277344
40152,0.037353515625,0.9778289794921876,0.11138916015625,0.0312649793922901,-0.2850501239299774,-0.0474740415811538,60.22116088867188,92.99671936035156,-23.96934509277344
40153,0.03118896484375,0.9828948974609376,0.1071319580078125,0.0312649793922901,-0.2850501239299774,-0.0474740415811538,60.21343994140625,93.090576171875,-24.01589965820312
40154,0.027801513671875,0.989013671875,0.10650634765625,0.0288486927747726,-0.2965933084487915,-0.0498269461095333,60.14865112304688,93.00076293945312,-24.013671875
40155,0.025634765625,0.992828369140625,0.1082916259765625,0.0190613083541393,-0.2993233203887939,-0.0481033474206924,60.13980102539062,92.93357849121094,-24.1258544921875
40156,0.0262908935546875,0.9915771484375,0.1056060791015625,0.0116119151934981,-0.2982439398765564,-0.0506349466741085,60.02330017089844,92.94691467285156,-24.18243408203125
40157,0.0272064208984375,0.9884185791015624,0.10009765625,0.0102747417986393,-0.2950729131698608,-0.0500847399234771,59.9630126953125,92.92257690429688,-24.40031433105469
40158,0.02728271484375,0.9862823486328124,0.09869384765625,0.0119788981974124,-0.2940934002399445,-0.051476240158081,59.88438415527344,92.94717407226562,-24.235595703125
40159,0.0308685302734375,0.9814910888671876,0.09307861328125,0.0183654241263866,-0.2734951972961426,-0.0397812351584434,59.84271240234375,93.08615112304688,-24.17362976074219
40160,0.0308685302734375,0.9814910888671876,0.09307861328125,0.0183654241263866,-0.2734951972961426,-0.0397812351584434,59.84271240234375,93.08615112304688,-24.17362976074219
40161,0.0298004150390625,0.9791107177734376,0.090484619140625,0.023798007518053,-0.2618592977523804,-0.0299437846988439,59.8009033203125,93.0909423828125,-24.39199829101562
40162,0.0262908935546875,0.9786224365234376,0.0891876220703125,0.0347065813839435,-0.2513179779052734,-0.0280164536088705,59.62722778320312,93.08843994140624,-24.34268188476562
40163,0.017486572265625,0.9799652099609376,0.0855712890625,0.0427330806851387,-0.2497738748788834,-0.0281557384878397,59.6524658203125,93.15798950195312,-24.46905517578125
40164,0.0111541748046875,0.9824371337890624,0.0879669189453125,0.0460505820810794,-0.2495387196540833,-0.032847162336111,59.59796142578125,93.069580078125,-24.46174621582031
40165,0.0084075927734375,0.9821014404296876,0.0938720703125,0.0474934838712215,-0.2540200352668762,-0.040847297757864,59.46067810058594,93.0601806640625,-24.3482666015625
40166,0.0083465576171875,0.9824981689453124,0.0976409912109375,0.0386006571352481,-0.262258768081665,-0.0475323647260665,59.47758483886719,93.1233367919922,-24.40583801269531
40167,0.009735107421875,0.989593505859375,0.105987548828125,0.0278563983738422,-0.2716123461723328,-0.05311781167984,59.36457824707031,93.10748291015624,-24.4051513671875
40168,0.0113983154296875,0.9914703369140624,0.110809326171875,0.0110843423753976,-0.2692980468273163,-0.0514799691736698,59.43064880371094,93.0309600830078,-24.47303771972656
40169,0.0091400146484375,0.995147705078125,0.1085357666015625,-0.00031292141648,-0.2596597969532013,-0.0499774143099784,59.35638427734375,93.00558471679688,-24.46485900878906
40170,0.0099334716796875,0.9974517822265624,0.1063232421875,-0.0024642229545861,-0.2600033581256866,-0.0507617145776748,59.23397827148438,93.1381378173828,-24.49153137207031
40171,0.0108795166015625,0.9953460693359376,0.1110076904296875,0.0005344964447431,-0.2491552233695984,-0.0489158779382705,59.31448364257812,93.09904479980467,-24.37904357910156
40172,0.0108795166015625,0.9953460693359376,0.1110076904296875,0.0005344964447431,-0.2491552233695984,-0.0489158779382705,59.31448364257812,93.09904479980467,-24.37904357910156
40173,0.010406494140625,0.9959716796875,0.11541748046875,-0.0022335932590067,-0.2355805635452271,-0.0433999374508857,59.1978759765625,93.05752563476562,-24.18638610839844
40174,0.0089263916015625,0.9973297119140624,0.115631103515625,-0.0106561062857508,-0.2186300754547119,-0.0424278825521469,59.172607421875,92.99302673339844,-24.07696533203125
40175,0.0027618408203125,0.9990081787109376,0.11566162109375,-0.0234022624790668,-0.1866124868392944,-0.0466460660099983,59.04945373535156,92.93809509277344,-24.11666870117188
40176,-0.002410888671875,0.9995269775390624,0.11505126953125,-0.0193137768656015,-0.1719035804271698,-0.0460836067795753,58.99075317382812,92.9408721923828,-24.23710632324219
40177,-0.0073394775390625,1.002349853515625,0.112945556640625,-0.0170186646282672,-0.1510582268238068,-0.051931906491518,58.871337890625,93.0480499267578,-24.33877563476562
40178,-0.014251708984375,1.004379272460938,0.1129302978515625,-0.0170186646282672,-0.1510582268238068,-0.051931906491518,58.87216186523438,93.1400146484375,-24.29444885253906
40179,-0.017425537109375,1.006423950195312,0.11077880859375,-0.0058349859900772,-0.1348211914300919,-0.0581221580505371,58.86282348632812,93.14398193359376,-24.4080810546875
40180,-0.0169219970703125,1.007659912109375,0.116668701171875,-0.0005328985280357,-0.1039535626769066,-0.0677114054560661,58.7998046875,93.12399291992188,-24.51969909667969
40181,-0.01336669921875,1.00775146484375,0.1233367919921875,-0.0064805359579622,-0.0894233584403991,-0.0642503574490547,58.70782470703125,93.15467834472656,-24.47122192382812
40182,-0.007049560546875,1.00701904296875,0.12677001953125,-0.0064805359579622,-0.0894233584403991,-0.0642503574490547,58.67578125,93.2009735107422,-24.50053405761719
40183,-0.0029296875,0.9999847412109376,0.1192169189453125,-0.0019172097090631,-0.0288247242569923,-0.0464383400976657,58.60939025878906,93.24368286132812,-24.50497436523438
40184,-0.0029296875,0.9999847412109376,0.1192169189453125,-0.0019172097090631,-0.0288247242569923,-0.0464383400976657,58.60939025878906,93.24368286132812,-24.50497436523438
40185,-0.0048980712890625,0.9996490478515624,0.110870361328125,-0.0019172097090631,-0.0288247242569923,-0.0464383400976657,58.61093139648438,93.36529541015624,-24.46360778808594
40186,-0.0084228515625,0.997406005859375,0.1082916259765625,0.0006290386663749,-0.0160024017095565,-0.0445930324494838,58.5333251953125,93.2990264892578,-24.42520141601562
40187,-0.0106658935546875,0.9951171875,0.107452392578125,0.0005752427969127,0.0015779229579493,-0.0462436601519584,58.48820495605469,93.21742248535156,-24.3912353515625
40188,-0.01953125,0.9969940185546876,0.103851318359375,0.0020173445809632,0.0216722730547189,-0.041486456990242,58.47222900390625,93.22296142578124,-24.57466125488281
40189,-0.0260467529296875,0.99188232421875,0.09521484375,0.0004812332044821,0.0440513454377651,-0.0396579317748546,58.54046630859375,93.2260284423828,-24.64106750488281
40190,-0.029510498046875,0.990203857421875,0.08905029296875,0.0099527658894658,0.0632495433092117,-0.0414848588407039,58.53089904785156,93.19540405273438,-24.83792114257812
40191,-0.0316925048828125,0.9904022216796876,0.0803070068359375,0.0146646965295076,0.065158762037754,-0.0355076603591442,58.49623107910156,93.24868774414062,-24.74345397949219
40192,-0.0286102294921875,0.99176025390625,0.082672119140625,0.0206251163035631,0.0737908706068992,-0.0337824635207653,58.46125793457031,93.195556640625,-24.67481994628906
40193,-0.0265045166015625,0.9963226318359376,0.0832977294921875,0.0188533160835504,0.0731458514928817,-0.0313067883253097,58.54354858398438,93.15243530273438,-24.73696899414062
40194,-0.0248565673828125,1.001693725585938,0.07965087890625,0.0175845865160226,0.0724869817495346,-0.0251298546791076,58.50836181640625,93.1249542236328,-24.71839904785156
40195,-0.018798828125,1.00750732421875,0.085479736328125,0.0183774083852767,0.0565700680017471,-0.0248150676488876,58.57012939453125,93.0976104736328,-24.63153076171875
40196,-0.0035552978515625,1.01727294921875,0.1044158935546875,0.0236741695553064,0.0493196137249469,-0.0238355584442615,58.51614379882812,93.12120056152344,-24.60610961914062
40197,-0.0035552978515625,1.01727294921875,0.1044158935546875,0.0236741695553064,0.0493196137249469,-0.0238355584442615,58.51614379882812,93.12120056152344,-24.60610961914062
40198,0.004425048828125,1.014389038085938,0.112884521484375,0.0177995041012764,0.0598604045808315,-0.0275304280221462,58.5277099609375,93.10499572753906,-24.609619140625
40199,0.0055999755859375,1.006195068359375,0.1013336181640625,0.01893294416368,0.0614061020314693,-0.024542361497879,58.51345825195312,93.1269073486328,-24.58702087402344
40200,0.004058837890625,0.99755859375,0.101409912109375,0.0382078401744365,0.0772532448172569,-0.0287520196288824,58.43266296386719,93.15977478027344,-24.4852294921875
40201,0.002960205078125,0.9901275634765624,0.10028076171875,0.0382078401744365,0.0772532448172569,-0.0287520196288824,58.41653442382812,93.23643493652344,-24.52847290039062
40202,0.002044677734375,0.9855194091796876,0.108154296875,0.0312141124159097,0.0683676078915596,-0.0305661652237176,58.44798278808594,93.30076599121094,-24.51971435546875
40203,-0.000640869140625,0.982696533203125,0.11767578125,0.022897059097886,0.0695846676826477,-0.0300156902521848,58.44108581542969,93.20542907714844,-24.41477966308594
40204,-0.004486083984375,0.9777069091796876,0.11865234375,-0.0168253183364868,0.0523867756128311,-0.0253644790500402,58.48208618164062,93.135009765625,-24.39285278320312
40205,-0.004486083984375,0.9777069091796876,0.11865234375,-0.0168253183364868,0.0523867756128311,-0.0253644790500402,58.48208618164062,93.135009765625,-24.39285278320312
40206,-0.003448486328125,0.976715087890625,0.107879638671875,-0.0346626378595829,0.0502237565815448,-0.0183542389422655,58.43022155761719,93.11335754394533,-24.16749572753906
40207,-0.0057525634765625,0.975799560546875,0.1038818359375,-0.0391482003033161,0.052044291049242,-0.0169768519699573,58.48672485351562,93.29153442382812,-24.39695739746094
40208,-0.0085601806640625,0.975616455078125,0.0996856689453125,-0.0348535887897014,0.0528011620044708,-0.0093892402946949,58.44647216796875,93.18023681640624,-24.47589111328125
40209,-0.0142364501953125,0.9762725830078124,0.1005706787109375,-0.0450428426265716,0.0506426692008972,0.004038683604449,58.38323974609375,93.3798370361328,-24.666015625
40210,-0.0189056396484375,0.97918701171875,0.105865478515625,-0.0450428426265716,0.0506426692008972,0.004038683604449,58.4451904296875,93.34375,-24.56289672851562
40211,-0.0205078125,0.981781005859375,0.1039581298828125,-0.0556342341005802,0.048057273030281,0.0042802323587238,58.39859008789062,93.3288116455078,-24.49638366699219
40212,-0.0213470458984375,0.985260009765625,0.10400390625,-0.0819161683320999,0.019462913274765,-0.0097410446032881,58.49618530273438,93.2550048828125,-24.48941040039062
40213,-0.021697998046875,0.9864501953125,0.10205078125,-0.0819161683320999,0.019462913274765,-0.0097410446032881,58.5328369140625,93.21351623535156,-24.42494201660156
40214,-0.018157958984375,0.98944091796875,0.09954833984375,-0.0907147228717804,-0.0040314933285117,-0.0134401749819517,58.59980773925781,93.2926025390625,-24.42221069335938
40215,-0.00518798828125,0.9898834228515624,0.1018218994140625,-0.1089011803269386,-0.0384970568120479,-0.0101847266778349,58.48538208007812,93.41252136230467,-24.21823120117188
40216,-0.0022125244140625,0.987640380859375,0.101806640625,-0.1193908452987671,-0.0523159354925155,0.0059966398403048,58.46791076660156,93.53927612304688,-24.22264099121094
40217,-0.0022125244140625,0.987640380859375,0.101806640625,-0.1193908452987671,-0.0523159354925155,0.0059966398403048,58.46791076660156,93.53927612304688,-24.22264099121094
40218,-0.0023345947265625,0.9865570068359376,0.098236083984375,-0.1193908452987671,-0.0523159354925155,0.0059966398403048,58.44595336914062,93.4515380859375,-24.20542907714844
40219,-0.0159454345703125,0.990997314453125,0.0872650146484375,-0.1138527989387512,-0.1231501623988152,0.0022453111596405,58.57481384277344,93.38572692871094,-24.12223815917969
40220,-0.0159454345703125,0.990997314453125,0.0872650146484375,-0.1138527989387512,-0.1231501623988152,0.0022453111596405,58.57481384277344,93.38572692871094,-24.12223815917969
40221,-0.02130126953125,0.994598388671875,0.082489013671875,-0.1138527989387512,-0.1231501623988152,0.0022453111596405,58.43765258789062,93.49867248535156,-23.96022033691406
40222,-0.0291595458984375,0.9983978271484376,0.0806427001953125,-0.1142224445939064,-0.1356076300144196,-0.0066384617239236,58.56414794921875,93.51589965820312,-23.95913696289062
40223,-0.0327911376953125,1.000946044921875,0.0760955810546875,-0.1086641624569893,-0.1508326530456543,-0.0159190446138382,58.46405029296875,93.4848175048828,-23.84904479980469
40224,-0.0350494384765625,0.9940185546875,0.0743560791015625,-0.1013420671224594,-0.1868047714233398,-0.0185100343078374,58.39535522460938,93.46377563476562,-23.67324829101562
40225,-0.0350494384765625,0.9940185546875,0.0743560791015625,-0.1013420671224594,-0.1868047714233398,-0.0185100343078374,58.39535522460938,93.46377563476562,-23.67324829101562
40226,-0.030426025390625,0.9893341064453124,0.0753173828125,-0.0947443544864654,-0.1989583671092987,-0.0191406719386577,58.39102172851562,93.44647216796876,-23.66841125488281
40227,-0.0252227783203125,0.98333740234375,0.0751953125,-0.091639906167984,-0.2157392203807831,-0.0114385429769754,58.42298889160156,93.322998046875,-23.64347839355469
40228,-0.0074310302734375,0.9813995361328124,0.0760498046875,-0.0844304636120796,-0.2773527801036835,0.0173880457878112,58.37420654296875,93.55032348632812,-23.6414794921875
40229,-0.0074310302734375,0.9813995361328124,0.0760498046875,-0.0844304636120796,-0.2773527801036835,0.0173880457878112,58.37420654296875,93.55032348632812,-23.6414794921875
40230,-0.00323486328125,0.9862060546875,0.0745391845703125,-0.0844304636120796,-0.2773527801036835,0.0173880457878112,58.28738403320312,93.55584716796876,-23.53556823730469
40231,-0.0009918212890625,0.994293212890625,0.076934814453125,-0.0795283839106559,-0.3099456131458282,0.025808960199356,58.28746032714844,93.55230712890624,-23.50372314453125
40232,0.0045318603515625,1.01263427734375,0.0991058349609375,-0.0615722835063934,-0.3596068918704987,0.0294702742248773,58.28988647460938,93.47010803222656,-23.48526000976562
40233,0.0045318603515625,1.01263427734375,0.0991058349609375,-0.0615722835063934,-0.3596068918704987,0.0294702742248773,58.28988647460938,93.47010803222656,-23.48526000976562
40234,0.0061187744140625,1.020797729492188,0.1096649169921875,-0.0571154840290546,-0.3748931884765625,0.0272332187741994,58.27555847167969,93.404052734375,-23.468017578125
40235,0.009521484375,1.04583740234375,0.1170196533203125,-0.0339427851140499,-0.4863115847110748,-0.038595862686634,58.25518798828125,93.44647216796876,-23.47512817382812
40236,0.009521484375,1.04583740234375,0.1170196533203125,-0.0339427851140499,-0.4863115847110748,-0.038595862686634,58.25518798828125,93.44647216796876,-23.47512817382812
40237,0.009521484375,1.04583740234375,0.1170196533203125,-0.0339427851140499,-0.4863115847110748,-0.038595862686634,58.25518798828125,93.44647216796876,-23.47512817382812
40238,0.0141143798828125,1.067901611328125,0.1341094970703125,-0.0536499135196209,-0.494702935218811,-0.0917695984244346,58.10990905761719,93.23789978027344,-23.07429504394531
40239,0.019561767578125,1.053085327148438,0.15289306640625,-0.055592156946659,-0.5180678963661194,-0.113907128572464,57.90034484863281,93.1287078857422,-23.01609802246094
40240,0.019561767578125,1.053085327148438,0.15289306640625,-0.055592156946659,-0.5180678963661194,-0.113907128572464,57.90034484863281,93.1287078857422,-23.01609802246094
40241,0.029632568359375,1.035537719726562,0.193572998046875,-0.0525700002908706,-0.5142468214035034,-0.1344808489084244,57.89657592773438,93.16827392578124,-23.02133178710938
40242,0.0350799560546875,1.018142700195312,0.2144012451171875,-0.0728827267885208,-0.4940019845962524,-0.1394692063331604,57.78855895996094,93.2557373046875,-23.03057861328125
40243,0.0318450927734375,0.996246337890625,0.221923828125,-0.1069807782769203,-0.4688833355903625,-0.1467188745737076,57.66104125976562,93.3991241455078,-23.12997436523438
40244,0.0276336669921875,0.9772186279296876,0.203948974609375,-0.1198907196521759,-0.4283140599727631,-0.1508323848247528,57.57745361328125,93.37376403808594,-23.11418151855469
40245,0.0225982666015625,0.958770751953125,0.1682586669921875,-0.1160275340080261,-0.4249337017536163,-0.1514363884925842,57.36924743652344,93.35804748535156,-23.11074829101562
40246,0.0221405029296875,0.941162109375,0.1486053466796875,-0.0981787666678428,-0.4334560930728912,-0.1481476575136185,57.21455383300781,93.3900909423828,-23.13981628417969
40247,0.029510498046875,0.9326934814453124,0.138946533203125,-0.0772532448172569,-0.4441896975040436,-0.1437241435050964,57.16026306152344,93.29232788085938,-23.00704956054688
40248,0.036529541015625,0.9289093017578124,0.1258697509765625,-0.0582316145300865,-0.4591113924980164,-0.1330424696207047,57.00653076171875,93.3170928955078,-23.07467651367188
40249,0.04034423828125,0.936370849609375,0.1200408935546875,-0.0523766539990901,-0.4809897840023041,-0.1241919919848442,56.92683410644531,93.3089599609375,-23.05172729492188
40250,0.0526275634765625,0.94366455078125,0.1172332763671875,-0.0552952140569686,-0.4979629218578339,-0.1092708334326744,56.83432006835938,93.32150268554688,-23.07899475097656
40251,0.06536865234375,0.9384307861328124,0.110443115234375,-0.0566986985504627,-0.5022317171096802,-0.0922923758625984,56.62495422363281,93.38890075683594,-22.89129638671875
40252,0.072906494140625,0.9401702880859376,0.10791015625,-0.0595874302089214,-0.4861571192741394,-0.0695271492004394,56.46571350097656,93.35383605957033,-22.85197448730469
40253,0.0777740478515625,0.94989013671875,0.1072235107421875,-0.0595874302089214,-0.4861571192741394,-0.0695271492004394,56.45265197753906,93.38166809082033,-22.91307067871094
40254,0.0835113525390625,0.9616546630859376,0.108062744140625,-0.0624719001352787,-0.4845909178256989,-0.0637811124324798,56.4449462890625,93.44587707519533,-22.96708679199219
40255,0.087371826171875,0.972869873046875,0.1136016845703125,-0.0587488003075122,-0.4925836026668549,-0.063835434615612,56.39262390136719,93.46852111816406,-22.90199279785156
40256,0.090179443359375,0.98114013671875,0.1226348876953125,-0.0580300129950046,-0.4903260469436646,-0.0623722970485687,56.2591552734375,93.53581237792967,-22.78419494628906
40257,0.091827392578125,0.9881134033203124,0.129730224609375,-0.0525476299226284,-0.4892368018627167,-0.0655635669827461,56.13639831542969,93.49388122558594,-22.79798889160156
40258,0.08673095703125,0.99383544921875,0.1417083740234375,-0.0404464937746524,-0.4680628180503845,-0.0653925910592079,56.03573608398438,93.62092590332033,-22.72779846191406
40259,0.0807037353515625,0.9991912841796876,0.13360595703125,-0.017317472025752,-0.4565339982509613,-0.0756612047553062,55.94447326660156,93.64451599121094,-22.69833374023438
40260,0.07391357421875,1.005081176757812,0.14044189453125,-0.017317472025752,-0.4565339982509613,-0.0756612047553062,55.94236755371094,93.54359436035156,-22.76898193359375
40261,0.068389892578125,1.0074462890625,0.1465301513671875,-0.0157712399959564,-0.4350848793983459,-0.0867809653282165,55.8607177734375,93.47640991210938,-22.71705627441406
40262,0.065521240234375,1.006195068359375,0.1435546875,-0.0113831497728824,-0.4309053122997284,-0.0909054055809974,55.76277160644531,93.51580810546876,-22.73741149902344
40263,0.0710906982421875,1.000946044921875,0.1425628662109375,-0.0106486491858959,-0.4297660291194916,-0.0898262932896614,55.60621643066406,93.347900390625,-22.63621520996094
40264,0.0710906982421875,1.000946044921875,0.1425628662109375,-0.0106486491858959,-0.4297660291194916,-0.0898262932896614,55.60621643066406,93.347900390625,-22.63621520996094
40265,0.075408935546875,0.994293212890625,0.1447601318359375,-0.0106486491858959,-0.4297660291194916,-0.0898262932896614,55.44947814941406,93.55120849609376,-22.66241455078125
40266,0.0792388916015625,0.9848480224609376,0.1410675048828125,-0.0174133442342281,-0.4405672550201416,-0.0866536721587181,55.38520812988281,93.5069580078125,-22.78018188476562
40267,0.083984375,0.9684295654296876,0.1329193115234375,-0.0133512252941727,-0.4525850415229797,-0.0776332765817642,55.23060607910156,93.4158172607422,-22.80438232421875
40268,0.083984375,0.9684295654296876,0.1329193115234375,-0.0133512252941727,-0.4525850415229797,-0.0776332765817642,55.23060607910156,93.4158172607422,-22.80438232421875
40269,0.0825653076171875,0.969268798828125,0.12713623046875,-0.0134992972016334,-0.4637812376022339,-0.0677257850766181,55.11158752441406,93.4331512451172,-22.77095031738281
40270,0.0823822021484375,0.9713897705078124,0.1270294189453125,-0.0169052146375179,-0.4649940431118011,-0.0638711228966713,55.03733825683594,93.41047668457033,-22.686767578125
40271,0.0808868408203125,0.9758148193359376,0.1273345947265625,-0.0198272336274385,-0.4679520130157471,-0.0600742548704147,55.02890014648438,93.35115051269533,-22.59803771972656
40272,0.07965087890625,0.979034423828125,0.1282501220703125,-0.0231058523058891,-0.4724509119987488,-0.0578214861452579,54.84609985351562,93.3874053955078,-22.61839294433594
40273,0.0778350830078125,0.981170654296875,0.1292724609375,-0.0181635580956935,-0.4591947495937347,-0.0480839051306247,54.70352172851562,93.49851989746094,-22.5771484375
40274,0.0770263671875,0.9813995361328124,0.13055419921875,-0.0181635580956935,-0.4591947495937347,-0.0480839051306247,54.68899536132812,93.53152465820312,-22.63246154785156
40275,0.0773773193359375,0.982818603515625,0.1281585693359375,-0.0209092758595943,-0.454847127199173,-0.0429005958139896,54.63119506835938,93.6404266357422,-22.53915405273438
40276,0.0775604248046875,0.981201171875,0.128997802734375,-0.017512148246169,-0.4461668431758881,-0.0387846790254116,54.50282287597656,93.49894714355467,-22.49226379394531
40277,0.0775604248046875,0.981201171875,0.128997802734375,-0.017512148246169,-0.4461668431758881,-0.0387846790254116,54.50282287597656,93.49894714355467,-22.49226379394531
40278,0.0739593505859375,0.981536865234375,0.1298828125,-0.0127781126648187,-0.4464435279369354,-0.0380717515945434,54.47981262207031,93.5719757080078,-22.54466247558594
40279,0.068145751953125,0.9844512939453124,0.1331939697265625,-0.0038091193418949,-0.4442413747310638,-0.0356733091175556,54.34284973144531,93.70028686523438,-22.59161376953125
40280,0.06298828125,0.983856201171875,0.140350341796875,0.0026290726382285,-0.4438331127166748,-0.0359545387327671,54.26533508300781,93.69638061523438,-22.67547607421875
40281,0.05694580078125,0.984222412109375,0.149688720703125,0.0029803435318171,-0.440123051404953,-0.0394675135612487,54.20632934570312,93.70518493652344,-22.652587890625
40282,0.051177978515625,0.984130859375,0.1535186767578125,-0.00323121342808,-0.4319500923156738,-0.0399703197181224,54.12669372558594,93.70262145996094,-22.63357543945312
40283,0.0464324951171875,0.983001708984375,0.15185546875,-0.0130215259268879,-0.4248202741146088,-0.0476495437324047,54.11717224121094,93.75299072265624,-22.67091369628906
40284,0.0452880859375,0.9830322265625,0.1459808349609375,-0.0184277426451444,-0.4213288724422455,-0.0485153384506702,53.9287109375,93.65814208984376,-22.63995361328125
40285,0.0457611083984375,0.9831390380859376,0.143829345703125,-0.0210701320320367,-0.41592076420784,-0.0533726774156093,53.88351440429688,93.666015625,-22.56497192382812
40286,0.0462493896484375,0.98358154296875,0.1442413330078125,-0.0253024268895387,-0.4103507697582245,-0.0487246625125408,53.92587280273438,93.68478393554688,-22.57057189941406
40287,0.0465850830078125,0.9825897216796876,0.14556884765625,-0.0261048376560211,-0.3934530317783356,-0.0431642495095729,53.56610107421875,93.7642822265625,-22.61788940429688
40288,0.0465850830078125,0.9825897216796876,0.14556884765625,-0.0261048376560211,-0.3934530317783356,-0.0431642495095729,53.56610107421875,93.7642822265625,-22.61788940429688
40289,0.043914794921875,0.9833831787109376,0.145751953125,-0.0297749396413564,-0.3847775161266327,-0.0382536463439464,53.535400390625,93.75311279296876,-22.60556030273438
40290,0.0409698486328125,0.984283447265625,0.14434814453125,-0.0300724152475595,-0.3796602487564087,-0.042275283485651,53.55393981933594,93.66114807128906,-22.60009765625
40291,0.034820556640625,0.9842987060546876,0.146942138671875,-0.0325709916651248,-0.3607163727283478,-0.0479643307626247,53.43869018554688,93.62222290039062,-22.53482055664062
40292,0.034820556640625,0.9842987060546876,0.146942138671875,-0.0325709916651248,-0.3607163727283478,-0.0479643307626247,53.43869018554688,93.62222290039062,-22.53482055664062
40293,0.034271240234375,0.9840545654296876,0.15374755859375,-0.0286697279661893,-0.3456540703773499,-0.0469717681407928,53.31979370117188,93.6493682861328,-22.55546569824219
40294,0.0354766845703125,0.98175048828125,0.15313720703125,-0.0288532190024852,-0.320276290178299,-0.0426539853215217,53.279541015625,93.56089782714844,-22.43888854980469
40295,0.0358734130859375,0.9833526611328124,0.151763916015625,-0.0220049005001783,-0.3052698969841003,-0.0381218194961547,53.27995300292969,93.60433959960938,-22.55131530761719
40296,0.0370635986328125,0.983001708984375,0.15106201171875,-0.0220041014254093,-0.2991169393062592,-0.0362999513745307,53.20805358886719,93.6536102294922,-22.59550476074219
40297,0.037384033203125,0.9818572998046876,0.15057373046875,-0.021205686032772,-0.288706362247467,-0.0313254334032535,53.07232666015625,93.67898559570312,-22.62608337402344
40298,0.0382232666015625,0.9806976318359376,0.1461334228515625,-0.016300143674016,-0.2782140374183655,-0.0306798815727233,53.04049682617188,93.82810974121094,-22.49929809570312
40299,0.0380859375,0.983306884765625,0.14959716796875,-0.0153762931004166,-0.272089034318924,-0.0236507337540388,53.01750183105469,93.65315246582033,-22.45758056640625
40300,0.0380859375,0.983306884765625,0.14959716796875,-0.0153762931004166,-0.272089034318924,-0.0236507337540388,53.01750183105469,93.65315246582033,-22.45758056640625
40301,0.03399658203125,0.9837188720703124,0.1551513671875,-0.0165925584733486,-0.263828456401825,-0.019939886406064,53.0426025390625,93.71389770507812,-22.50962829589844
40302,0.0311737060546875,0.986083984375,0.1572418212890625,-0.0231660399585962,-0.259422779083252,-0.0249626077711582,53.01168823242188,93.6494598388672,-22.28256225585938
40303,0.0294036865234375,0.9815826416015624,0.1591033935546875,-0.034029871225357,-0.2461091130971909,-0.0302497819066047,52.7294921875,93.80352783203124,-22.55435180664062
40304,0.0294036865234375,0.9815826416015624,0.1591033935546875,-0.034029871225357,-0.2461091130971909,-0.0302497819066047,52.7294921875,93.80352783203124,-22.55435180664062
40305,0.030487060546875,0.9807281494140624,0.159332275390625,-0.0342128314077854,-0.2405873090028763,-0.0272172391414642,52.76138305664062,93.86297607421876,-22.55888366699219
40306,0.032196044921875,0.9819183349609376,0.1588897705078125,-0.0386291518807411,-0.2380780726671219,-0.0247191954404115,52.71183776855469,93.89535522460938,-22.43254089355469
40307,0.0335540771484375,0.9855804443359376,0.1566619873046875,-0.0396075956523418,-0.2269428670406342,-0.0288092773407697,52.65666198730469,93.92510986328124,-22.51921081542969
40308,0.0335540771484375,0.9855804443359376,0.1566619873046875,-0.0396075956523418,-0.2269428670406342,-0.0288092773407697,52.65666198730469,93.92510986328124,-22.51921081542969
40309,0.0303192138671875,0.988525390625,0.1569671630859375,-0.0374046303331852,-0.2314052581787109,-0.0319502092897892,52.60650634765625,93.9276885986328,-22.45587158203125
40310,0.0313873291015625,0.989532470703125,0.1572418212890625,-0.0371204689145088,-0.23920539021492,-0.0349915400147438,52.62882995605469,93.92521667480467,-22.45819091796875
40311,0.033233642578125,0.9869232177734376,0.1571807861328125,-0.0469509959220886,-0.2495656162500381,-0.0433916822075843,52.55897521972656,93.81436157226562,-22.455322265625
40312,0.0356597900390625,0.9825286865234376,0.157745361328125,-0.0571415834128856,-0.2684341073036194,-0.056261409074068,52.43794250488281,93.90335083007812,-22.36524963378906
40313,0.0356597900390625,0.9825286865234376,0.157745361328125,-0.0571415834128856,-0.2684341073036194,-0.056261409074068,52.43794250488281,93.90335083007812,-22.36524963378906
40314,0.037994384765625,0.9804229736328124,0.1602020263671875,-0.0522586777806282,-0.2715170085430145,-0.0618156976997852,52.50173950195312,93.88688659667967,-22.35295104980469
40315,0.04364013671875,0.9763641357421876,0.1651763916015625,-0.0457043722271919,-0.2588869631290436,-0.0578832738101482,52.35882568359375,93.7425537109375,-22.3060302734375
40316,0.04364013671875,0.9763641357421876,0.1651763916015625,-0.0457043722271919,-0.2588869631290436,-0.0578832738101482,52.35882568359375,93.7425537109375,-22.3060302734375
40317,0.040679931640625,0.97747802734375,0.1624603271484375,-0.0457043722271919,-0.2588869631290436,-0.0578832738101482,52.38581848144531,93.7901611328125,-22.19338989257812
40318,0.0364837646484375,0.976654052734375,0.15545654296875,-0.0418688878417015,-0.2532961666584015,-0.0569093562662601,52.25990295410156,93.76406860351562,-22.14060974121094
40319,0.0217437744140625,0.97998046875,0.1483154296875,-0.0211633425205946,-0.2434028089046478,-0.0549740344285965,52.20817565917969,93.9110107421875,-22.28492736816406
40320,0.0217437744140625,0.97998046875,0.1483154296875,-0.0211633425205946,-0.2434028089046478,-0.0549740344285965,52.20817565917969,93.9110107421875,-22.28492736816406
40321,0.01654052734375,0.982818603515625,0.1451416015625,-0.0211633425205946,-0.2434028089046478,-0.0549740344285965,52.08949279785156,93.76271057128906,-22.22822570800781
40322,0.0160675048828125,0.981048583984375,0.1454010009765625,-0.0202908907085657,-0.2428523302078247,-0.0522533506155014,51.96469116210938,93.86253356933594,-22.14344787597656
40323,0.0166015625,0.9815673828125,0.147125244140625,-0.017504159361124,-0.2448398470878601,-0.0555242449045181,51.99647521972656,94.00320434570312,-22.15737915039062
40324,0.0160980224609375,0.9793243408203124,0.1501617431640625,-0.0188069771975278,-0.2416752129793167,-0.0562992244958877,51.8907470703125,94.0600128173828,-22.24494934082031
40325,0.0168304443359375,0.9798583984375,0.150543212890625,-0.0263865999877452,-0.2394227087497711,-0.0519300438463687,51.92874145507812,94.001953125,-22.24263000488281
40326,0.01812744140625,0.9844512939453124,0.149169921875,-0.0313600525259971,-0.2324787825345993,-0.0489691421389579,51.93795776367188,93.95484924316406,-22.24392700195312
40327,0.0187225341796875,0.987762451171875,0.1453857421875,-0.0302242152392864,-0.235569640994072,-0.0499001815915107,51.83245849609375,94.05384826660156,-22.11575317382812
40328,0.01995849609375,0.990020751953125,0.143829345703125,-0.0297528356313705,-0.2488723993301392,-0.0373106189072132,51.76304626464844,94.15476989746094,-22.18109130859375
40329,0.0234832763671875,0.9912872314453124,0.14581298828125,-0.0297528356313705,-0.2488723993301392,-0.0373106189072132,51.60787963867188,94.18594360351562,-22.13531494140625
40330,0.0271148681640625,0.9883575439453124,0.149566650390625,-0.0248547494411468,-0.2569535076618195,-0.0347132384777069,51.66876220703125,93.99085998535156,-22.16300964355469
40331,0.0257568359375,0.989715576171875,0.1557159423828125,-0.0199356246739625,-0.2620529234409332,-0.0289339125156402,51.69573974609375,94.01443481445312,-22.0164794921875
40332,0.0257568359375,0.989715576171875,0.1557159423828125,-0.0199356246739625,-0.2620529234409332,-0.0289339125156402,51.69573974609375,94.01443481445312,-22.0164794921875
40333,0.0254669189453125,0.9890594482421876,0.15850830078125,-0.0177172124385833,-0.266627162694931,-0.0325973592698574,51.59591674804688,94.0364990234375,-21.88003540039062
40334,0.026397705078125,0.98779296875,0.1624298095703125,-0.0194517280906438,-0.2685478329658508,-0.030003972351551,51.615234375,93.9241943359375,-21.68112182617188
40335,0.0260162353515625,0.9880218505859376,0.167144775390625,-0.0284606702625751,-0.2725441753864288,-0.0262875296175479,51.4091796875,93.94181823730467,-21.853271484375
40336,0.0260162353515625,0.9880218505859376,0.167144775390625,-0.0284606702625751,-0.2725441753864288,-0.0262875296175479,51.4091796875,93.94181823730467,-21.853271484375
40337,0.0260162353515625,0.9880218505859376,0.167144775390625,-0.0284606702625751,-0.2725441753864288,-0.0262875296175479,51.4091796875,93.94181823730467,-21.853271484375
40338,0.01611328125,0.987884521484375,0.166290283203125,-0.0286691952496767,-0.2707140445709229,-0.0280468147248029,51.44033813476562,93.9298858642578,-21.68902587890625
40339,0.0089874267578125,0.9849090576171876,0.15863037109375,-0.0325163975358009,-0.2745189070701599,-0.0251567512750625,51.30525207519531,93.92005920410156,-21.39955139160156
40340,0.0089874267578125,0.9849090576171876,0.15863037109375,-0.0325163975358009,-0.2745189070701599,-0.0251567512750625,51.30525207519531,93.92005920410156,-21.39955139160156
40341,0.0066680908203125,0.9837646484375,0.154937744140625,-0.032509472221136,-0.2756344974040985,-0.023341542109847,51.19921875,93.94496154785156,-21.40916442871094
40342,0.003082275390625,0.9818572998046876,0.1521759033203125,-0.0332927107810974,-0.2762883007526398,-0.0198368206620216,51.19268798828125,94.04957580566406,-21.66661071777344
40343,-0.001922607421875,0.97735595703125,0.164520263671875,-0.0341694205999374,-0.2595767080783844,-0.0134204672649502,51.09124755859375,94.12368774414062,-21.8271484375
40344,-0.001922607421875,0.97735595703125,0.164520263671875,-0.0341694205999374,-0.2595767080783844,-0.0134204672649502,51.09124755859375,94.12368774414062,-21.8271484375
40345,-0.0079803466796875,0.9814605712890624,0.1642608642578125,-0.037173468619585,-0.255687952041626,-0.0141075635328888,51.00662231445312,94.09507751464844,-21.87477111816406
40346,-0.0076141357421875,0.983489990234375,0.170501708984375,-0.0415383875370025,-0.2385308146476746,-0.0167398322373628,50.97538757324219,94.21514892578124,-21.75445556640625
40347,-0.006195068359375,0.9837646484375,0.170928955078125,-0.0464692302048206,-0.2201448827981949,-0.0191742274910211,50.88740539550781,94.16183471679688,-21.8157958984375
40348,-0.004638671875,0.985015869140625,0.1659698486328125,-0.0423842072486877,-0.2111854702234268,-0.0201438833028078,50.89402770996094,94.23052978515624,-21.84223937988281
40349,-0.004638671875,0.985015869140625,0.1659698486328125,-0.0423842072486877,-0.2111854702234268,-0.0201438833028078,50.89402770996094,94.23052978515624,-21.84223937988281
40350,-0.004302978515625,0.984222412109375,0.163970947265625,-0.0420337356626987,-0.2104736119508743,-0.0238491408526897,50.83592224121094,94.09635925292967,-21.85343933105469
40351,-0.0001068115234375,0.98028564453125,0.1650390625,-0.0393207743763923,-0.2013418972492218,-0.0281799733638763,50.76705932617188,94.32847595214844,-21.96220397949219
40352,-0.0001068115234375,0.98028564453125,0.1650390625,-0.0393207743763923,-0.2013418972492218,-0.0281799733638763,50.76705932617188,94.32847595214844,-21.96220397949219
40353,0.00152587890625,0.9798126220703124,0.164031982421875,-0.0463374033570289,-0.193149745464325,-0.0255959071218967,50.75129699707031,94.35964965820312,-21.89939880371094
40354,0.0028839111328125,0.9806060791015624,0.1627960205078125,-0.0514054000377655,-0.1846159249544144,-0.0264694243669509,50.64695739746094,94.29403686523438,-21.717529296875
40355,0.0045928955078125,0.9831390380859376,0.1634063720703125,-0.048051681369543,-0.1757036447525024,-0.0248249229043722,50.71823120117188,94.19436645507812,-21.67994689941406
40356,0.0045928955078125,0.9831390380859376,0.1634063720703125,-0.048051681369543,-0.1757036447525024,-0.0248249229043722,50.71823120117188,94.19436645507812,-21.67994689941406
40357,0.0068206787109375,0.98345947265625,0.169647216796875,-0.0438508130609989,-0.1613569408655167,-0.0250907056033611,50.63987731933594,94.25750732421876,-21.62908935546875
40358,0.0077362060546875,0.9840850830078124,0.1728973388671875,-0.0426798202097415,-0.1550393849611282,-0.0222746785730123,50.57183837890625,94.21360778808594,-21.44528198242188
40359,0.0059967041015625,0.98486328125,0.17578125,-0.0435799695551395,-0.1463638693094254,-0.015598933212459,50.54737854003906,94.41134643554688,-21.295654296875
40360,0.0042724609375,0.985748291015625,0.175140380859375,-0.0436364263296127,-0.134674996137619,-0.0197265669703483,50.51824951171875,94.3939971923828,-21.26101684570312
40361,0.0032196044921875,0.9866790771484376,0.171661376953125,-0.041686724871397,-0.1264729797840118,-0.0198000706732273,50.5345458984375,94.40850830078124,-21.38517761230469
40362,0.002777099609375,0.98590087890625,0.1667633056640625,-0.0382046438753604,-0.1161718815565109,-0.0210296511650085,50.53005981445312,94.23040771484376,-21.36936950683594
40363,0.0008544921875,0.985321044921875,0.1683502197265625,-0.0329446345567703,-0.1137710362672806,-0.0193409416824579,50.47451782226562,94.23649597167967,-21.38180541992188
40364,-0.0015106201171875,0.9854736328125,0.16619873046875,-0.0300652235746383,-0.0908462852239608,-0.0260947179049253,50.41899108886719,94.20051574707033,-21.28787231445312
40365,-0.0015106201171875,0.9854736328125,0.16619873046875,-0.0300652235746383,-0.0908462852239608,-0.0260947179049253,50.41899108886719,94.20051574707033,-21.28787231445312
40366,-0.000335693359375,0.9862213134765624,0.1649627685546875,-0.0262414570897817,-0.0839601457118988,-0.0248475596308708,50.42822265625,94.07554626464844,-21.17190551757812
40367,0.0010833740234375,0.9863433837890624,0.1656646728515625,-0.0232033226639032,-0.0787616595625877,-0.0254017636179924,50.45378112792969,94.10501098632812,-21.1544189453125
40368,0.0044708251953125,0.98577880859375,0.167938232421875,-0.0209177993237972,-0.0690009072422981,-0.0257362555712461,50.31924438476562,94.10877990722656,-21.23301696777344
40369,0.005645751953125,0.98468017578125,0.170806884765625,-0.0222576353698968,-0.0639416947960853,-0.0250912383198738,50.3634033203125,94.1129150390625,-21.26724243164062
40370,0.00732421875,0.9833526611328124,0.1713714599609375,-0.0222576353698968,-0.0639416947960853,-0.0250912383198738,50.41648864746094,94.21272277832033,-21.19293212890625
40371,0.01092529296875,0.98394775390625,0.171142578125,-0.0209534857422113,-0.063756339251995,-0.0254726037383079,50.46662902832031,94.01426696777344,-21.04678344726562
40372,0.0201568603515625,0.980865478515625,0.1682281494140625,-0.0177805945277214,-0.0710805654525756,-0.0292500313371419,50.40049743652344,94.15687561035156,-21.16082763671875
40373,0.0201568603515625,0.980865478515625,0.1682281494140625,-0.0177805945277214,-0.0710805654525756,-0.0292500313371419,50.40049743652344,94.15687561035156,-21.16082763671875
40374,0.02203369140625,0.9844207763671876,0.16876220703125,-0.0121136540547013,-0.0696824118494987,-0.0279528051614761,50.33670043945312,94.20054626464844,-21.01113891601562
40375,0.0213775634765625,0.9859619140625,0.1700592041015625,-0.0121136540547013,-0.0696824118494987,-0.0279528051614761,50.32017517089844,94.18267822265624,-20.98860168457031
40376,0.0198974609375,0.9863128662109376,0.16937255859375,-0.0097775291651487,-0.0612143538892269,-0.026829482987523,50.32087707519531,94.2165069580078,-20.95137023925781
40377,0.02001953125,0.9854583740234376,0.1681060791015625,-0.0050000851042568,-0.0572792701423168,-0.029814088717103,50.31947326660156,94.26011657714844,-20.96087646484375
40378,0.019805908203125,0.9845123291015624,0.16607666015625,-0.0050000851042568,-0.0572792701423168,-0.029814088717103,50.30279541015625,94.2877960205078,-21.04801940917969
40379,0.01409912109375,0.986907958984375,0.1674957275390625,0.0072456621564924,-0.0421565063297748,-0.0308069139719009,50.28370666503906,94.34715270996094,-20.99620056152344
40380,0.0127716064453125,0.988494873046875,0.1666412353515625,0.011585016734898,-0.0414523668587207,-0.0325369052588939,50.27549743652344,94.43458557128906,-21.04177856445312
40381,0.0127716064453125,0.988494873046875,0.1666412353515625,0.011585016734898,-0.0414523668587207,-0.0325369052588939,50.27549743652344,94.43458557128906,-21.04177856445312
40382,0.012939453125,0.9881439208984376,0.170684814453125,0.0164945535361766,-0.0417921878397464,-0.0355824939906597,50.23736572265625,94.32632446289062,-21.06135559082031
40383,0.0178680419921875,0.9842987060546876,0.169769287109375,0.0159065276384353,-0.0520474873483181,-0.0347356088459491,50.11068725585938,94.32400512695312,-20.93995666503906
40384,0.0178680419921875,0.9842987060546876,0.169769287109375,0.0159065276384353,-0.0520474873483181,-0.0347356088459491,50.11068725585938,94.32400512695312,-20.93995666503906
40385,0.0188446044921875,0.980072021484375,0.1695404052734375,0.0236539300531148,-0.0508882142603397,-0.0310564525425434,50.09812927246094,94.28524780273438,-20.85675048828125
40386,0.0206756591796875,0.9760589599609376,0.16778564453125,0.0236539300531148,-0.0508882142603397,-0.0310564525425434,50.11112976074219,94.2725830078125,-20.90869140625
40387,0.022369384765625,0.9732818603515624,0.1727142333984375,0.0275978054851293,-0.043722178786993,-0.0220621582120657,50.16433715820312,94.27459716796876,-20.91250610351562
40388,0.0222015380859375,0.97314453125,0.176422119140625,0.0285946261137723,-0.0520733222365379,-0.0163438189774751,50.10934448242188,94.31361389160156,-20.93092346191406
40389,0.0222015380859375,0.97314453125,0.176422119140625,0.0285946261137723,-0.0520733222365379,-0.0163438189774751,50.10934448242188,94.31361389160156,-20.93092346191406
40390,0.020599365234375,0.9750518798828124,0.180755615234375,0.0213417746126651,-0.0519327074289321,-0.0135999647900462,50.10064697265625,94.28419494628906,-20.99215698242188
40391,0.019989013671875,0.9776153564453124,0.1828155517578125,0.0145824048668146,-0.0497499778866767,-0.012834838591516,50.12063598632812,94.21818542480467,-20.924560546875
40392,0.0197906494140625,0.9810943603515624,0.1825714111328125,0.011027617380023,-0.0458620302379131,-0.0140447122976183,50.11456298828125,94.22402954101562,-21.04147338867188
40393,0.0196380615234375,0.9854583740234376,0.18182373046875,0.01151018217206,-0.0406350456178188,-0.01335069257766,50.05079650878906,94.1775360107422,-21.12652587890625
40394,0.02069091796875,0.98797607421875,0.1780548095703125,0.0131794512271881,-0.0441432259976863,-0.0160689819604158,50.08146667480469,94.14094543457033,-21.05882263183594
40395,0.01922607421875,0.985260009765625,0.1761016845703125,0.0184924583882093,-0.0449003614485263,-0.0181382577866315,50.05711364746094,94.05545043945312,-21.02395629882812
40396,0.01922607421875,0.985260009765625,0.1761016845703125,0.0184924583882093,-0.0449003614485263,-0.0181382577866315,50.05711364746094,94.05545043945312,-21.02395629882812
40397,0.017608642578125,0.9815521240234376,0.1774749755859375,0.0219303332269191,-0.046123020350933,-0.0145919919013977,50.01567077636719,94.14175415039062,-21.05572509765625
40398,0.0155181884765625,0.977203369140625,0.1797943115234375,0.019577695056796,-0.0388621762394905,-0.0163211822509765,50.07040405273438,94.25294494628906,-21.00889587402344
40399,0.0138702392578125,0.97503662109375,0.1811065673828125,0.0168207921087741,-0.0335805974900722,-0.015230618417263,50.0311279296875,94.28329467773438,-21.05203247070312
40400,0.0122222900390625,0.9742889404296876,0.1817474365234375,0.0096534267067909,-0.0260824672877788,-0.0146524459123611,50.06919860839844,94.37277221679688,-21.18873596191406
40401,0.0120697021484375,0.9733734130859376,0.180572509765625,0.0062043662182986,-0.0153443347662687,-0.0107913948595523,49.99687194824219,94.57806396484376,-21.27369689941406
40402,0.010986328125,0.9746856689453124,0.1775054931640625,0.0020596887916326,-0.0098363850265741,-0.0084930872544646,50.00628662109375,94.45843505859376,-21.16094970703125
40403,0.0108642578125,0.9770355224609376,0.1753387451171875,-0.0005795038305222,-0.0068283448927104,-0.006539658177644,50.00650024414062,94.29965209960938,-21.227783203125
40404,0.01080322265625,0.9781646728515624,0.1773529052734375,-6.897587445564568e-05,-0.0062043662182986,-0.0060930461622774,49.89830017089844,94.3167724609375,-21.27400207519531
40405,0.009735107421875,0.9789276123046876,0.17730712890625,-6.897587445564568e-05,-0.0062043662182986,-0.0060930461622774,49.9461669921875,94.30624389648438,-21.18597412109375
40406,0.0096282958984375,0.9784698486328124,0.1793060302734375,-0.0034967304673045,-0.0058208713307976,-0.0059231366030871,49.94329833984375,94.25537109375,-21.06338500976562
40407,0.010650634765625,0.9784088134765624,0.182159423828125,-0.0035185683518648,-0.0009001484140753,-0.0040677119977772,49.91169738769531,94.24526977539062,-21.09428405761719
40408,0.0119171142578125,0.978057861328125,0.1837158203125,-0.0071998559869825,0.0055670719593763,-0.0008130630594678,49.85455322265625,94.28752136230467,-21.23466491699219
40409,0.0136260986328125,0.97821044921875,0.184356689453125,-0.0120524019002914,0.016683904454112,0.0014026869321241,49.91036987304688,94.3103485107422,-21.25531005859375
40410,0.012664794921875,0.9790496826171876,0.1820831298828125,-0.0166932269930839,0.0219063647091388,0.0028043086640536,49.93234252929688,94.29347229003906,-21.18695068359375
40411,0.012451171875,0.9792022705078124,0.176727294921875,-0.0165238492190837,0.029985861852765,0.0038069887086749,49.90512084960938,94.31593322753906,-21.21029663085938
40412,0.011627197265625,0.98016357421875,0.1745758056640625,-0.0083609940484166,0.0389932058751583,0.0057524279691278,49.9638671875,94.34333801269533,-21.19288635253906
40413,0.010223388671875,0.98065185546875,0.1775970458984375,-0.0083609940484166,0.0389932058751583,0.0057524279691278,49.8963623046875,94.34161376953124,-21.15435791015625
40414,0.0076141357421875,0.982177734375,0.1793975830078125,-0.0060528325848281,0.0460042431950569,0.0099538303911685,49.9039306640625,94.2965850830078,-21.01643371582031
40415,0.006195068359375,0.9829864501953124,0.1815338134765625,-0.0074869445525109,0.0575277395546436,0.0064254086464643,50.01152038574219,94.38563537597656,-21.04185485839844
40416,0.006195068359375,0.9829864501953124,0.1815338134765625,-0.0074869445525109,0.0575277395546436,0.0064254086464643,50.01152038574219,94.38563537597656,-21.04185485839844
40417,0.0056915283203125,0.9833984375,0.1784210205078125,-0.0071796160191297,0.064813882112503,0.0061340588144958,49.99398803710938,94.35577392578124,-21.05805969238281
40418,0.0055389404296875,0.9842681884765624,0.177032470703125,-0.0062440475448966,0.0842120796442031,0.0070043797604739,49.96879577636719,94.4003448486328,-21.04734802246094
40419,0.00604248046875,0.984466552734375,0.177032470703125,-0.0062440475448966,0.0842120796442031,0.0070043797604739,50.00881958007812,94.33172607421876,-21.02549743652344
40420,0.0069732666015625,0.984222412109375,0.1762542724609375,-0.0035372106358408,0.0968778133392334,0.0082118567079305,50.09565734863281,94.2955322265625,-21.00691223144531
40421,0.00750732421875,0.985382080078125,0.1763458251953125,-0.0035372106358408,0.0968778133392334,0.0082118567079305,50.05294799804688,94.37785339355467,-21.13796997070312
40422,0.0096893310546875,0.9830322265625,0.1776275634765625,0.0008788431296125,0.0990200564265251,0.0102715454995632,50.04762268066406,94.27845764160156,-21.119140625
40423,0.014678955078125,0.982452392578125,0.177642822265625,0.0010860371403396,0.1025689840316772,0.0127730527892708,50.06758117675781,94.39019775390624,-21.01687622070312
40424,0.014678955078125,0.982452392578125,0.177642822265625,0.0010860371403396,0.1025689840316772,0.0127730527892708,50.06758117675781,94.39019775390624,-21.01687622070312
40425,0.017730712890625,0.982177734375,0.1782684326171875,0.0038922098465263,0.0969952568411827,0.0125943552702665,50.021484375,94.54685974121094,-21.02804565429688
40426,0.0199737548828125,0.9812469482421876,0.177764892578125,0.0018602180061861,0.0931198224425315,0.0113562513142824,50.11611938476562,94.41424560546876,-21.0638427734375
40427,0.021636962890625,0.980224609375,0.175140380859375,0.0042389533482491,0.0892356038093566,0.011027617380023,50.11074829101562,94.44607543945312,-21.09146118164062
40428,0.021636962890625,0.980224609375,0.175140380859375,0.0042389533482491,0.0892356038093566,0.011027617380023,50.11074829101562,94.44607543945312,-21.09146118164062
40429,0.0231781005859375,0.9817962646484376,0.1788330078125,0.0040956754237413,0.0912569388747215,0.0104827350005507,50.19210815429688,94.43055725097656,-21.074951171875
40430,0.02325439453125,0.9831390380859376,0.17913818359375,0.0046528088860213,0.0950894951820373,0.0108622349798679,50.22776794433594,94.3999481201172,-21.06062316894531
40431,0.0226593017578125,0.9825439453125,0.178436279296875,0.0149637693539261,0.0932942628860473,0.0126726515591144,50.26710510253906,94.38938903808594,-20.89912414550781
40432,0.0226593017578125,0.9825439453125,0.178436279296875,0.0149637693539261,0.0932942628860473,0.0126726515591144,50.26710510253906,94.38938903808594,-20.89912414550781
40433,0.0231170654296875,0.9828643798828124,0.17877197265625,0.0149637693539261,0.0932942628860473,0.0126726515591144,50.29751586914062,94.52191162109376,-20.82183837890625
40434,0.024078369140625,0.982391357421875,0.1782989501953125,0.0219902526587247,0.0904907509684562,0.0127837061882019,50.32443237304688,94.46240234375,-20.75331115722656
40435,0.0309906005859375,0.9770355224609376,0.19378662109375,0.0269218944013118,0.0983073934912681,0.0141299339011311,50.26951599121094,94.51805114746094,-20.83833312988281
40436,0.0309906005859375,0.9770355224609376,0.19378662109375,0.0269218944013118,0.0983073934912681,0.0141299339011311,50.26951599121094,94.51805114746094,-20.83833312988281
40437,0.0296630859375,0.9752044677734376,0.1956329345703125,0.0149659002199769,0.1015607118606567,0.0152540542185306,50.27862548828125,94.42718505859376,-20.73651123046875
40438,0.028472900390625,0.9723358154296876,0.1973419189453125,-0.0009379653492942,0.104835070669651,0.0161944162100553,50.39604187011719,94.4304656982422,-20.67083740234375
40439,0.028228759765625,0.9732666015625,0.1801910400390625,-0.0466745607554912,0.0857404693961143,0.0129307126626372,50.46910095214844,94.23065185546876,-20.31062316894531
40440,0.028228759765625,0.9732666015625,0.1801910400390625,-0.0466745607554912,0.0857404693961143,0.0129307126626372,50.46910095214844,94.23065185546876,-20.31062316894531
40441,0.0280914306640625,0.9800872802734376,0.1674652099609375,-0.0466745607554912,0.0857404693961143,0.0129307126626372,50.47476196289062,94.1222686767578,-20.26318359375
40442,0.0282745361328125,0.98797607421875,0.1588897705078125,-0.050598993897438,0.0736190900206565,0.0197745040059089,50.50588989257812,94.36984252929688,-20.45730590820312
40443,0.0277252197265625,1.009368896484375,0.1556549072265625,-0.0389516614377498,0.0073862774297595,0.0229535195976495,50.53169250488281,94.31697082519533,-20.4012451171875
40444,0.0277252197265625,1.009368896484375,0.1556549072265625,-0.0389516614377498,0.0073862774297595,0.0229535195976495,50.53169250488281,94.31697082519533,-20.4012451171875
40445,0.024932861328125,1.016067504882812,0.15679931640625,-0.0389516614377498,0.0073862774297595,0.0229535195976495,50.60548400878906,94.3065948486328,-20.36054992675781
40446,0.023773193359375,1.018417358398438,0.1539154052734375,-0.055419847369194,-0.0231836158782243,0.0329305194318294,50.5408935546875,94.2783660888672,-20.21572875976562
40447,0.0263824462890625,1.009811401367188,0.14617919921875,-0.0462191589176654,-0.035812858492136,0.0439331047236919,50.8048095703125,94.10455322265624,-19.78227233886719
40448,0.0263824462890625,1.009811401367188,0.14617919921875,-0.0462191589176654,-0.035812858492136,0.0439331047236919,50.8048095703125,94.10455322265624,-19.78227233886719
40449,0.02398681640625,1.001419067382812,0.1616668701171875,-0.023453926667571,-0.0430934093892574,0.0551024004817009,50.83085632324219,93.95608520507812,-19.42649841308594
40450,0.0220489501953125,0.9878387451171876,0.1904144287109375,0.0027872642967849,-0.0395785681903362,0.0603682696819305,50.81727600097656,93.8173370361328,-19.23690795898438
40451,0.015380859375,0.9722747802734376,0.231109619140625,0.0475446172058582,-0.0035300198942422,0.0522924996912479,50.90074157714844,93.9957275390625,-19.61714172363281
40452,0.015380859375,0.9722747802734376,0.231109619140625,0.0475446172058582,-0.0035300198942422,0.0522924996912479,50.90074157714844,93.9957275390625,-19.61714172363281
40453,0.010711669921875,0.9629974365234376,0.233612060546875,0.0631209090352058,0.0253796577453613,0.0395474098622798,50.94964599609375,94.07247924804688,-19.93862915039062
40454,0.00439453125,0.95330810546875,0.22686767578125,0.0897847488522529,0.0936657711863517,0.0183952525258064,50.88398742675781,94.172607421875,-20.24647521972656
40455,-0.0156097412109375,0.9302825927734376,0.2080535888671875,0.1007644310593605,0.1339575350284576,0.0088755171746015,50.98623657226562,94.19699096679688,-20.52780151367188
40456,-0.0156097412109375,0.9302825927734376,0.2080535888671875,0.1007644310593605,0.1339575350284576,0.0088755171746015,50.98623657226562,94.19699096679688,-20.52780151367188
40457,-0.02685546875,0.9275970458984376,0.1979522705078125,0.1111241206526756,0.1521088480949402,-0.0082182483747601,50.91862487792969,94.2555694580078,-20.57225036621094
40458,-0.0327911376953125,0.932525634765625,0.206085205078125,0.112253300845623,0.1393775939941406,-0.0238877553492784,50.92861938476562,94.25914001464844,-20.29353332519531
40459,-0.0103607177734375,0.9479217529296876,0.235382080078125,0.0737461224198341,0.1303609311580658,-0.0367484278976917,51.03300476074219,94.27156066894533,-20.44502258300781
40460,0.0040435791015625,0.9485626220703124,0.2408905029296875,0.0407556854188442,0.1536875665187836,-0.0313187725841999,51.02700805664062,94.21534729003906,-20.53688049316406
40461,0.0040435791015625,0.9485626220703124,0.2408905029296875,0.0407556854188442,0.1536875665187836,-0.0313187725841999,51.02700805664062,94.21534729003906,-20.53688049316406
40462,0.0027618408203125,0.953948974609375,0.24090576171875,0.0164056047797203,0.2084131240844727,-0.0193470660597086,50.89236450195312,94.15084838867188,-20.51683044433594
40463,-0.039306640625,0.9557037353515624,0.189483642578125,-0.0133637422695756,0.3022440075874329,-0.0002452771295793,50.97088623046875,94.33843994140624,-20.9093017578125
40464,-0.039306640625,0.9557037353515624,0.189483642578125,-0.0133637422695756,0.3022440075874329,-0.0002452771295793,50.97088623046875,94.33843994140624,-20.9093017578125
40465,-0.050689697265625,0.955413818359375,0.1597137451171875,-0.0162442177534103,0.2987214624881744,-0.0024445154704153,50.99851989746094,94.3610382080078,-20.75895690917969
40466,-0.0641937255859375,0.9550323486328124,0.13751220703125,-0.0094784563407301,0.2425276935100555,-0.0080502033233642,50.99102783203125,94.30572509765624,-20.58758544921875
40467,-0.0773468017578125,0.96795654296875,0.12811279296875,-0.0016698020044714,0.094815194606781,-0.0114316185936331,51.05433654785156,94.2628936767578,-20.56462097167969
40468,-0.0773468017578125,0.96795654296875,0.12811279296875,-0.0016698020044714,0.094815194606781,-0.0114316185936331,51.05433654785156,94.2628936767578,-20.56462097167969
40469,-0.061492919921875,0.97833251953125,0.1412506103515625,-0.019383018836379,0.0326463617384433,0.0056096822954714,51.12042236328125,94.36808776855467,-20.70011901855469
40470,-0.042938232421875,0.989471435546875,0.1546630859375,-0.0363145992159843,-0.0019574232865124,0.0277314968407154,51.19876098632812,94.33204650878906,-20.66819763183594
40471,-0.0170745849609375,1.019561767578125,0.1408233642578125,-0.0545207671821117,-0.0821420103311538,0.0737650319933891,51.26248168945312,94.31590270996094,-20.68576049804688
40472,-0.0170745849609375,1.019561767578125,0.1408233642578125,-0.0545207671821117,-0.0821420103311538,0.0737650319933891,51.26248168945312,94.31590270996094,-20.68576049804688
40473,-0.0096435546875,1.034561157226562,0.1315460205078125,-0.04160762950778,-0.1200944483280182,0.0876590088009834,51.25909423828125,94.23739624023438,-20.36552429199219
40474,-0.0103607177734375,1.051193237304688,0.12725830078125,-0.0110521186143159,-0.1811599284410477,0.0992221906781196,51.31169128417969,94.19540405273438,-20.26016235351562
40475,-0.02606201171875,1.031005859375,0.15740966796875,0.0495406538248062,-0.2549606561660767,0.1009745523333549,51.35575866699219,94.3653564453125,-20.75621032714844
40476,-0.02606201171875,1.031005859375,0.15740966796875,0.0495406538248062,-0.2549606561660767,0.1009745523333549,51.35575866699219,94.3653564453125,-20.75621032714844
40477,-0.0396270751953125,0.99603271484375,0.1637725830078125,0.0643441006541252,-0.2904829680919647,0.0871892273426055,51.33210754394531,94.45394897460938,-20.88627624511719
40478,-0.04608154296875,0.965423583984375,0.1722869873046875,0.0605400428175926,-0.3266494870185852,0.0745259001851081,51.399658203125,94.422607421875,-20.88752746582031
40479,-0.0537567138671875,0.9209747314453124,0.172149658203125,0.014200241304934,-0.3965217769145966,0.072255291044712,51.48078918457031,94.27130126953124,-20.92373657226562
40480,-0.0537567138671875,0.9209747314453124,0.172149658203125,0.014200241304934,-0.3965217769145966,0.072255291044712,51.48078918457031,94.27130126953124,-20.92373657226562
40481,-0.0599212646484375,0.9114990234375,0.1636199951171875,0.0014615427935495,-0.4420107007026672,0.0796418339014053,51.3865966796875,94.214111328125,-20.93522644042969
40482,-0.0631103515625,0.9140777587890624,0.15618896484375,-0.0093226619064807,-0.5561569929122925,0.1030307784676552,51.36305236816406,94.22370910644533,-20.96903991699219
40483,-0.0657196044921875,0.9298248291015624,0.1548614501953125,-0.0165656600147485,-0.6186243295669556,0.1114692687988281,51.39302062988281,94.4600830078125,-20.7152099609375
40484,-0.0657196044921875,0.9298248291015624,0.1548614501953125,-0.0165656600147485,-0.6186243295669556,0.1114692687988281,51.39302062988281,94.4600830078125,-20.7152099609375
40485,-0.0677947998046875,0.9371185302734376,0.1576690673828125,-0.028561070561409,-0.6701322793960571,0.120170883834362,51.31924438476562,94.50090026855467,-20.58198547363281
40486,-0.0743560791015625,0.94482421875,0.1548614501953125,-0.0394778996706008,-0.723341703414917,0.1182826980948448,51.39566040039062,94.48916625976562,-20.7174072265625
40487,-0.09930419921875,0.9682769775390624,0.1653900146484375,-0.045551773160696,-0.7865403890609741,0.0976567864418029,51.43939208984375,94.47157287597656,-20.69207763671875
40488,-0.09930419921875,0.9682769775390624,0.1653900146484375,-0.045551773160696,-0.7865403890609741,0.0976567864418029,51.43939208984375,94.47157287597656,-20.69207763671875
40489,-0.12615966796875,0.9811553955078124,0.1736602783203125,-0.0442681275308132,-0.794535219669342,0.0751480162143707,51.39944458007812,94.49246215820312,-20.6939697265625
40490,-0.160064697265625,0.9909820556640624,0.1919403076171875,-0.0369255281984806,-0.7974020838737488,0.0440750494599342,51.33283996582031,94.43287658691406,-20.55352783203125
40491,-0.2147674560546875,0.9926605224609376,0.239990234375,-0.0313209034502506,-0.802241861820221,-0.0526035577058792,51.1671142578125,94.34402465820312,-20.43716430664062
40492,-0.2147674560546875,0.9926605224609376,0.239990234375,-0.0313209034502506,-0.802241861820221,-0.0526035577058792,51.1671142578125,94.34402465820312,-20.43716430664062
40493,-0.22662353515625,0.9969940185546876,0.256561279296875,-0.0388195663690567,-0.809708297252655,-0.1083533689379692,51.12106323242188,94.3019561767578,-20.38031005859375
40494,-0.21826171875,1.009063720703125,0.26947021484375,-0.048175785690546,-0.8553399443626404,-0.1584250628948212,51.11116027832031,94.36207580566406,-20.26020812988281
40495,-0.150726318359375,1.033828735351562,0.3056488037109375,-0.0619182288646698,-0.917374551296234,-0.2309794276952744,50.79939270019531,94.55645751953124,-20.22126770019531
40496,-0.150726318359375,1.033828735351562,0.3056488037109375,-0.0619182288646698,-0.917374551296234,-0.2309794276952744,50.79939270019531,94.55645751953124,-20.22126770019531
40497,-0.1197662353515625,1.053192138671875,0.3035430908203125,-0.0840656086802482,-0.9185210466384888,-0.2558267116546631,50.54859924316406,94.51699829101562,-20.29446411132812
40498,-0.077423095703125,1.069549560546875,0.2964935302734375,-0.1080910488963127,-0.924624502658844,-0.2616553008556366,50.31011962890625,94.46925354003906,-20.16590881347656
40499,0.032623291015625,1.032638549804688,0.2604217529296875,-0.1035807207226753,-0.8798152208328247,-0.2707803547382355,49.91389465332031,94.40992736816406,-20.11067199707031
40500,0.032623291015625,1.032638549804688,0.2604217529296875,-0.1035807207226753,-0.8798152208328247,-0.2707803547382355,49.91389465332031,94.40992736816406,-20.11067199707031
40501,0.0638275146484375,0.98406982421875,0.2133331298828125,-0.0789371579885482,-0.8352352380752563,-0.285569429397583,49.7169189453125,94.5311279296875,-20.0091552734375
40502,0.087860107421875,0.9351043701171876,0.1649627685546875,-0.0481925643980503,-0.8555868268013,-0.289974570274353,49.56207275390625,94.63401794433594,-20.01025390625
40503,0.1110992431640625,0.9055023193359376,0.1377716064453125,-0.0346770212054252,-0.915363907814026,-0.274508535861969,49.33612060546875,94.65089416503906,-20.01872253417969
40504,0.1356964111328125,0.893829345703125,0.132171630859375,-0.0586878135800361,-1.01152241230011,-0.1922485381364822,49.18400573730469,94.59153747558594,-19.99125671386719
40505,0.156585693359375,0.8905029296875,0.1472930908203125,-0.0586878135800361,-1.01152241230011,-0.1922485381364822,49.05290222167969,94.61599731445312,-19.81059265136719
40506,0.172698974609375,0.8842010498046875,0.1692047119140625,-0.0861114487051963,-1.020052433013916,-0.127484992146492,48.87226867675781,94.50726318359376,-19.60539245605469
40507,0.1999053955078125,0.915618896484375,0.1857452392578125,-0.1635817438364029,-1.019031643867493,-0.0370554886758327,48.54299926757812,94.62400817871094,-19.35014343261719
40508,0.1999053955078125,0.915618896484375,0.1857452392578125,-0.1635817438364029,-1.019031643867493,-0.0370554886758327,48.54299926757812,94.62400817871094,-19.35014343261719
40509,0.1941375732421875,0.9418182373046876,0.1774444580078125,-0.2021531015634537,-1.009641885757446,-0.0241069346666336,48.36660766601562,94.57791137695312,-19.31744384765625
40510,0.1773834228515625,0.9649810791015624,0.1881256103515625,-0.2081087231636047,-1.020545125007629,-0.0247918982058763,48.31080627441406,94.68881225585938,-19.18731689453125
40511,0.1378631591796875,1.000564575195312,0.2219696044921875,-0.14349165558815,-1.041431307792664,-0.1084013059735298,48.009521484375,94.6047821044922,-18.83657836914062
40512,0.1378631591796875,1.000564575195312,0.2219696044921875,-0.14349165558815,-1.041431307792664,-0.1084013059735298,48.009521484375,94.6047821044922,-18.83657836914062
40513,0.1199493408203125,1.007553100585938,0.23431396484375,-0.14349165558815,-1.041431307792664,-0.1084013059735298,47.98103332519531,94.7211456298828,-18.81472778320312
40514,0.115509033203125,1.013168334960938,0.24078369140625,-0.1505282521247864,-1.038006663322449,-0.1264956295490265,47.86703491210938,94.618896484375,-18.65634155273438
40515,0.1269073486328125,1.04931640625,0.25030517578125,-0.2251660078763962,-1.008480191230774,-0.1379394978284836,47.70364379882812,94.6195831298828,-18.43843078613281
40516,0.1269073486328125,1.04931640625,0.25030517578125,-0.2251660078763962,-1.008480191230774,-0.1379394978284836,47.70364379882812,94.6195831298828,-18.43843078613281
40517,0.1294403076171875,1.075408935546875,0.242523193359375,-0.2251660078763962,-1.008480191230774,-0.1379394978284836,47.46342468261719,94.67930603027344,-18.45365905761719
40518,0.136016845703125,1.097030639648438,0.2108612060546875,-0.240030437707901,-0.9983064532279968,-0.1195644810795784,47.19879150390625,94.73429870605467,-18.32695007324219
40519,0.14459228515625,1.099258422851562,0.18914794921875,-0.2262296676635742,-1.030323266983032,-0.1042188107967377,47.10758972167969,94.82122802734376,-18.19985961914062
40520,0.14459228515625,1.099258422851562,0.18914794921875,-0.2262296676635742,-1.030323266983032,-0.1042188107967377,47.10758972167969,94.82122802734376,-18.19985961914062
40521,0.1755828857421875,1.078414916992188,0.1897125244140625,-0.085453912615776,-1.072723388671875,-0.0626727044582366,46.86268615722656,94.68147277832033,-17.75633239746094
40522,0.1904449462890625,1.064254760742188,0.1963958740234375,-0.085453912615776,-1.072723388671875,-0.0626727044582366,46.77792358398438,94.64811706542967,-17.55853271484375
40523,0.1893310546875,1.01995849609375,0.1852264404296875,-0.0308066476136446,-0.923878252506256,-0.0356575958430767,46.58818054199219,94.6589813232422,-17.25003051757812
40524,0.1893310546875,1.01995849609375,0.1852264404296875,-0.0308066476136446,-0.923878252506256,-0.0356575958430767,46.58818054199219,94.6589813232422,-17.25003051757812
40525,0.1779022216796875,1.003997802734375,0.1662139892578125,-0.0122891571372747,-0.8718547224998474,-0.0289674699306488,46.50344848632812,94.75062561035156,-17.23526000976562
40526,0.1684417724609375,0.9979705810546876,0.144012451171875,-0.0054094125516712,-0.8249277472496033,-0.0242709852755069,46.33299255371094,94.7100067138672,-17.15376281738281
40527,0.1604766845703125,0.996826171875,0.09881591796875,0.0211761258542537,-0.7951352000236511,-0.01909033767879,46.24711608886719,94.79002380371094,-17.00326538085938
40528,0.16094970703125,1.009170532226562,0.0892181396484375,0.0529801286756992,-0.7965109944343567,-0.008863266557455,46.19131469726562,94.77328491210938,-16.86274719238281
40529,0.16094970703125,1.009170532226562,0.0892181396484375,0.0529801286756992,-0.7965109944343567,-0.008863266557455,46.19131469726562,94.77328491210938,-16.86274719238281
40530,0.162750244140625,1.023529052734375,0.085174560546875,0.0887479782104492,-0.814940869808197,0.0021502361632883,46.04251098632812,94.7077178955078,-16.76591491699219
40531,0.1694793701171875,1.032257080078125,0.1170806884765625,0.2201597988605499,-0.6945910453796387,0.0422281473875045,45.98443603515625,94.53890991210938,-16.66181945800781
40532,0.1694793701171875,1.032257080078125,0.1170806884765625,0.2201597988605499,-0.6945910453796387,0.0422281473875045,45.98443603515625,94.53890991210938,-16.66181945800781
40533,0.177398681640625,1.031524658203125,0.1218719482421875,0.2201597988605499,-0.6945910453796387,0.0422281473875045,45.92764282226562,94.55677795410156,-16.754150390625
40534,0.190826416015625,0.980926513671875,0.10968017578125,0.191406711935997,-0.7219904065132141,0.0435104593634605,45.81292724609375,94.48007202148438,-16.85276794433594
40535,0.1919708251953125,0.9595489501953124,0.125732421875,0.191406711935997,-0.7219904065132141,0.0435104593634605,45.80308532714844,94.46929931640624,-16.88282775878906
40536,0.1919708251953125,0.9595489501953124,0.125732421875,0.191406711935997,-0.7219904065132141,0.0435104593634605,45.80308532714844,94.46929931640624,-16.88282775878906
40537,0.1876220703125,0.9419097900390624,0.110809326171875,0.2263540476560593,-0.6770527958869934,0.0404717922210693,45.86854553222656,94.37893676757812,-16.77153015136719
40538,0.18548583984375,0.94036865234375,0.091949462890625,0.2263540476560593,-0.6770527958869934,0.0404717922210693,45.82003784179688,94.26809692382812,-16.59136962890625
40539,0.172332763671875,0.9440155029296876,0.0767364501953125,0.1933316439390182,-0.6590974926948547,0.0277301650494337,45.70010375976562,94.31723022460938,-16.53829956054688
40540,0.172332763671875,0.9440155029296876,0.0767364501953125,0.1933316439390182,-0.6590974926948547,0.0277301650494337,45.70010375976562,94.31723022460938,-16.53829956054688
40541,0.162384033203125,0.9379730224609376,0.0690460205078125,0.2103729397058487,-0.6455782055854797,0.0117064574733376,45.70329284667969,94.33909606933594,-16.75898742675781
40542,0.1523895263671875,0.93597412109375,0.072357177734375,0.2152361422777176,-0.6332371234893799,-0.0037356161046773,45.69328308105469,94.27497863769533,-16.94046020507812
40543,0.1433868408203125,0.9443511962890624,0.070465087890625,0.1882231682538986,-0.6156424283981323,-0.0624111779034137,45.57260131835938,94.32145690917967,-17.24005126953125
40544,0.149505615234375,0.9568328857421876,0.0741119384765625,0.1882231682538986,-0.6156424283981323,-0.0624111779034137,45.58360290527344,94.3311767578125,-17.31651306152344
40545,0.149505615234375,0.9568328857421876,0.0741119384765625,0.1882231682538986,-0.6156424283981323,-0.0624111779034137,45.58360290527344,94.3311767578125,-17.31651306152344
40546,0.1583099365234375,0.96484375,0.06890869140625,0.185749351978302,-0.6224390864372253,-0.0671255066990852,45.50889587402344,94.28335571289062,-17.23536682128906
40547,0.17034912109375,0.9782867431640624,0.0922698974609375,0.1951172947883606,-0.6063482165336609,-0.056611880660057,45.4232177734375,94.24650573730467,-17.52067565917969
40548,0.17034912109375,0.9782867431640624,0.0922698974609375,0.1951172947883606,-0.6063482165336609,-0.056611880660057,45.4232177734375,94.24650573730467,-17.52067565917969
40549,0.17333984375,0.9812469482421876,0.1034088134765625,0.1951172947883606,-0.6063482165336609,-0.056611880660057,45.27127075195312,94.16500854492188,-17.50152587890625
40550,0.16845703125,0.978668212890625,0.1112060546875,0.1786927878856659,-0.596847414970398,-0.0503790192306041,45.28469848632812,94.17219543457033,-17.51626586914062
40551,0.1446380615234375,0.9776458740234376,0.1236419677734375,0.156121164560318,-0.5583937764167786,-0.0349135100841522,45.15724182128906,94.20620727539062,-17.61436462402344
40552,0.1446380615234375,0.9776458740234376,0.1236419677734375,0.156121164560318,-0.5583937764167786,-0.0349135100841522,45.15724182128906,94.20620727539062,-17.61436462402344
40553,0.1267242431640625,0.9839019775390624,0.13055419921875,0.1494954824447632,-0.5244070291519165,-0.0245887003839016,45.100341796875,94.11312866210938,-17.53840637207031
40554,0.1121826171875,0.990692138671875,0.13775634765625,0.137141078710556,-0.4820537269115448,-0.0187033805996179,45.16387939453125,93.9900360107422,-17.36328125
40555,0.0940399169921875,0.9955596923828124,0.1429595947265625,0.10906682908535,-0.3613052070140839,0.0039934101514518,44.99507141113281,94.08290100097656,-17.6612548828125
40556,0.0940399169921875,0.9955596923828124,0.1429595947265625,0.10906682908535,-0.3613052070140839,0.0039934101514518,44.99507141113281,94.08290100097656,-17.6612548828125
40557,0.0928955078125,0.99273681640625,0.13726806640625,0.1201426535844803,-0.3307211995124817,0.0035481294617056,44.94235229492188,94.03639221191406,-17.75161743164062
40558,0.0937957763671875,0.9854888916015624,0.1101837158203125,0.1340704560279846,-0.3003893792629242,0.0004751079250127,44.83544921875,94.08078002929688,-17.85806274414062
40559,0.1150665283203125,0.9748382568359376,0.1239166259765625,0.1509876549243927,-0.267337441444397,-0.0008008125587366,44.84320068359375,94.09030151367188,-17.730224609375
40560,0.1150665283203125,0.9748382568359376,0.1239166259765625,0.1509876549243927,-0.267337441444397,-0.0008008125587366,44.84320068359375,94.09030151367188,-17.730224609375
40561,0.1250762939453125,0.971649169921875,0.1376953125,0.1426911056041718,-0.2424246221780777,0.0002223739429609,44.80537414550781,94.11369323730467,-17.77207946777344
40562,0.1353912353515625,0.964080810546875,0.144866943359375,0.1256252974271774,-0.2137503623962402,0.0010567422723397,44.81747436523438,94.00204467773438,-17.7713623046875
40563,0.1388092041015625,0.968109130859375,0.14935302734375,0.0953424945473671,-0.1439622342586517,0.0167800448834896,44.71995544433594,94.02713012695312,-17.92196655273438
40564,0.1388092041015625,0.968109130859375,0.14935302734375,0.0953424945473671,-0.1439622342586517,0.0167800448834896,44.71995544433594,94.02713012695312,-17.92196655273438
40565,0.13726806640625,0.9607696533203124,0.14154052734375,0.087857685983181,-0.0888755470514297,0.027215376496315,44.71636962890625,94.12413024902344,-18.0274658203125
40566,0.1343231201171875,0.9539337158203124,0.14691162109375,0.087857685983181,-0.0888755470514297,0.027215376496315,44.74113464355469,94.09603881835938,-18.06517028808594
40567,0.1225128173828125,0.9481048583984376,0.1546173095703125,0.0799278542399406,-0.0314173102378845,0.0331829860806465,44.76754760742188,94.00729370117188,-18.10745239257812
40568,0.1102294921875,0.9554290771484376,0.154876708984375,0.0762708038091659,-0.0122034028172493,0.0315334238111972,44.72752380371094,94.06623840332033,-18.09259033203125
40569,0.1102294921875,0.9554290771484376,0.154876708984375,0.0762708038091659,-0.0122034028172493,0.0315334238111972,44.72752380371094,94.06623840332033,-18.09259033203125
40570,0.100433349609375,0.9646759033203124,0.157745361328125,0.0649856552481651,0.0020261330064386,0.0248651355504989,44.76960754394531,93.95472717285156,-17.99661254882812
40571,0.0950927734375,0.9677734375,0.144256591796875,0.0350828878581523,0.0278808996081352,0.0100899180397391,44.80049133300781,94.04840087890624,-18.47650146484375
40572,0.0950927734375,0.9677734375,0.144256591796875,0.0350828878581523,0.0278808996081352,0.0100899180397391,44.80049133300781,94.04840087890624,-18.47650146484375
40573,0.0891265869140625,0.97100830078125,0.145355224609375,0.0424412004649639,0.0558131970465183,0.005821403581649,44.81101989746094,94.10841369628906,-18.65608215332031
40574,0.082366943359375,0.97259521484375,0.12310791015625,0.0370560213923454,0.0456969141960144,0.0051532168872654,44.88265991210938,94.23695373535156,-18.74473571777344
40575,0.0883026123046875,0.972442626953125,0.150054931640625,0.0417802035808563,0.0896553173661232,0.0072627067565917,44.83576965332031,94.11761474609376,-18.59878540039062
40576,0.0883026123046875,0.972442626953125,0.150054931640625,0.0417802035808563,0.0896553173661232,0.0072627067565917,44.83576965332031,94.11761474609376,-18.59878540039062
40577,0.0880279541015625,0.975738525390625,0.140045166015625,0.0303120985627174,0.0975278913974762,0.0035816852468997,44.78691101074219,94.10147094726562,-18.70375061035156
40578,0.0882720947265625,0.9789886474609376,0.1394805908203125,0.0303120985627174,0.0975278913974762,0.0035816852468997,44.83697509765625,94.20248413085938,-18.79071044921875
40579,0.089599609375,0.975982666015625,0.137847900390625,0.0167986880987882,0.1442061811685562,0.002217347966507,44.78843688964844,94.12767028808594,-18.82127380371094
40580,0.089599609375,0.975982666015625,0.137847900390625,0.0167986880987882,0.1442061811685562,0.002217347966507,44.78843688964844,94.12767028808594,-18.82127380371094
40581,0.0884552001953125,0.974029541015625,0.1392822265625,0.0167986880987882,0.1442061811685562,0.002217347966507,44.84722900390625,94.14244079589844,-18.9658203125
40582,0.0886077880859375,0.9715576171875,0.1391448974609375,0.0002969424531329,0.1640589833259583,0.0090595409274101,44.81326293945312,94.1527099609375,-18.90475463867188
40583,0.089324951171875,0.9744720458984376,0.1452178955078125,-0.0069111692719161,0.1736578047275543,0.013938452117145,44.85519409179688,94.20018005371094,-18.89509582519531
40584,0.089324951171875,0.9744720458984376,0.1452178955078125,-0.0069111692719161,0.1736578047275543,0.013938452117145,44.85519409179688,94.20018005371094,-18.89509582519531
40585,0.089813232421875,0.978271484375,0.1478118896484375,-0.0126843694597482,0.1756852716207504,0.0174375791102647,44.82521057128906,94.3032684326172,-18.88763427734375
40586,0.089447021484375,0.9819488525390624,0.1504669189453125,-0.0178104229271411,0.1724338233470917,0.0195372160524129,44.95964050292969,94.2161865234375,-18.84906005859375
40587,0.0925445556640625,0.9798431396484376,0.14801025390625,-0.0179228074848651,0.1625359207391739,0.013349893502891,44.98539733886719,94.02932739257812,-18.99989318847656
40588,0.0925445556640625,0.9798431396484376,0.14801025390625,-0.0179228074848651,0.1625359207391739,0.013349893502891,44.98539733886719,94.02932739257812,-18.99989318847656
40589,0.0922393798828125,0.9737701416015624,0.1491241455078125,-0.0212688036262989,0.1613984853029251,0.0113485278561711,45.01814270019531,93.96932983398438,-18.96339416503906
40590,0.0910186767578125,0.968170166015625,0.15087890625,-0.0182708837091922,0.1610029935836792,0.0045673213899135,45.05389404296875,93.9570770263672,-18.96250915527344
40591,0.0898590087890625,0.9620513916015624,0.151763916015625,-0.0291831847280263,0.1652768403291702,-0.0135973012074828,45.0863037109375,94.08010864257812,-18.99125671386719
40592,0.0898590087890625,0.9620513916015624,0.151763916015625,-0.0291831847280263,0.1652768403291702,-0.0135973012074828,45.0863037109375,94.08010864257812,-18.99125671386719
40593,0.0904541015625,0.964599609375,0.1517333984375,-0.0386920012533664,0.1687131226062775,-0.0164870973676443,45.07368469238281,94.10107421875,-18.97369384765625
40594,0.0947113037109375,0.9676361083984376,0.1517486572265625,-0.0499116331338882,0.1592146903276443,-0.0240275710821151,45.03981018066406,94.12136840820312,-18.9061279296875
40595,0.0972442626953125,0.971527099609375,0.1605377197265625,-0.070355124771595,0.1517178863286972,-0.0284926276654005,45.12812805175781,94.04621887207033,-18.88885498046875
40596,0.0972442626953125,0.971527099609375,0.1605377197265625,-0.070355124771595,0.1517178863286972,-0.0284926276654005,45.12812805175781,94.04621887207033,-18.88885498046875
40597,0.0938262939453125,0.97491455078125,0.1517181396484375,-0.0622553862631321,0.150441974401474,-0.0311738979071378,45.07644653320312,93.92803955078124,-18.85723876953125
40598,0.088470458984375,0.97344970703125,0.1520233154296875,-0.0719519555568695,0.1380489468574524,-0.0331656746566295,45.19514465332031,94.03436279296876,-18.98179626464844
40599,0.0788726806640625,0.9696044921875,0.161651611328125,-0.0781121104955673,0.1376364231109619,-0.039383091032505,45.11882019042969,94.18154907226562,-18.69857788085938
40600,0.0788726806640625,0.9696044921875,0.161651611328125,-0.0781121104955673,0.1376364231109619,-0.039383091032505,45.11882019042969,94.18154907226562,-18.69857788085938
40601,0.0725860595703125,0.9661865234375,0.16864013671875,-0.0798639357089996,0.1419978886842728,-0.0448455028235912,45.0770263671875,94.20318603515624,-18.63902282714844
40602,0.0693511962890625,0.966064453125,0.17535400390625,-0.0892393290996551,0.1386297792196274,-0.0460955910384655,45.08343505859375,94.06266784667967,-18.49186706542969
40603,0.064788818359375,0.9685211181640624,0.1817169189453125,-0.1115656793117523,0.1502446234226227,-0.0523617416620254,44.9923095703125,94.1920166015625,-18.54629516601562
40604,0.064788818359375,0.9685211181640624,0.1817169189453125,-0.1115656793117523,0.1502446234226227,-0.0523617416620254,44.9923095703125,94.1920166015625,-18.54629516601562
40605,0.0652923583984375,0.9677276611328124,0.1820831298828125,-0.1117835193872452,0.1537501513957977,-0.0582910031080246,45.03195190429688,94.25474548339844,-18.67613220214844
40606,0.066162109375,0.967376708984375,0.183807373046875,-0.1116447746753693,0.1649870872497559,-0.0618678964674472,45.01730346679688,94.35890197753906,-18.63876342773438
40607,0.066009521484375,0.9635009765625,0.192474365234375,-0.1072385683655739,0.1747827231884003,-0.0715034753084182,44.94769287109375,94.3084716796875,-18.53961181640625
40608,0.066009521484375,0.9635009765625,0.192474365234375,-0.1072385683655739,0.1747827231884003,-0.0715034753084182,44.94769287109375,94.3084716796875,-18.53961181640625
40609,0.067718505859375,0.964691162109375,0.19683837890625,-0.1121347919106483,0.1778573542833328,-0.0735874027013778,44.96466064453125,94.31951904296876,-18.42990112304688
40610,0.07086181640625,0.9659271240234376,0.20220947265625,-0.1225078031420708,0.1772208511829376,-0.0756351053714752,45.05372619628906,94.2860107421875,-18.42941284179688
40611,0.0812225341796875,0.9666595458984376,0.19793701171875,-0.1418578028678894,0.1751627624034882,-0.0876190662384033,44.84423828125,94.30514526367188,-18.16580200195312
40612,0.0812225341796875,0.9666595458984376,0.19793701171875,-0.1418578028678894,0.1751627624034882,-0.0876190662384033,44.84423828125,94.30514526367188,-18.16580200195312
40613,0.0870819091796875,0.9668121337890624,0.1966094970703125,-0.1470941156148911,0.1653540730476379,-0.0825180485844612,44.82418823242188,94.4114990234375,-18.08529663085938
40614,0.0916595458984375,0.9650115966796876,0.1980133056640625,-0.1532800942659378,0.1579550057649612,-0.08516576141119,44.87542724609375,94.27751159667967,-17.92440795898438
40615,0.09912109375,0.9753265380859376,0.203460693359375,-0.1515184193849564,0.1578354388475418,-0.074328027665615,44.80824279785156,94.19613647460938,-17.89816284179688
40616,0.09912109375,0.9753265380859376,0.203460693359375,-0.1515184193849564,0.1578354388475418,-0.074328027665615,44.80824279785156,94.19613647460938,-17.89816284179688
40617,0.1015777587890625,0.9762725830078124,0.203399658203125,-0.1558143645524979,0.1634661555290222,-0.0644639432430267,44.78799438476562,94.1938934326172,-17.83714294433594
40618,0.1081390380859375,0.98150634765625,0.2042083740234375,-0.1570151895284653,0.1751819401979446,-0.051219243556261,44.84530639648438,94.26588439941406,-17.981201171875
40619,0.1129150390625,0.9865570068359376,0.1995697021484375,-0.1604109853506088,0.1909063011407852,-0.0378698855638504,44.74607849121094,94.29122924804688,-17.76850891113281
40620,0.1102752685546875,0.9865875244140624,0.1904449462890625,-0.154538169503212,0.1971522122621536,-0.0289408378303051,44.70848083496094,94.35952758789062,-17.60475158691406
40621,0.1071929931640625,0.981658935546875,0.18072509765625,-0.1448607891798019,0.1914005875587463,-0.0331243984401226,44.829345703125,94.31193542480467,-17.55863952636719
40622,0.1122283935546875,0.981536865234375,0.1721649169921875,-0.1232199370861053,0.1841032654047012,-0.0401817746460437,44.75205993652344,94.4396514892578,-17.47084045410156
40623,0.1239471435546875,0.99139404296875,0.1586151123046875,-0.108059361577034,0.1371985971927643,-0.0387322157621383,44.64155578613281,94.31187438964844,-17.55569458007812
40624,0.1239471435546875,0.99139404296875,0.1586151123046875,-0.108059361577034,0.1371985971927643,-0.0387322157621383,44.64155578613281,94.31187438964844,-17.55569458007812
40625,0.1325225830078125,0.991363525390625,0.1495819091796875,-0.0897823497653007,0.1450173705816269,-0.0330058857798576,44.69915771484375,94.33790588378906,-17.48660278320312
40626,0.136566162109375,0.989105224609375,0.1353302001953125,-0.0753922238945961,0.1549224704504013,-0.0266257524490356,44.66441345214844,94.3310089111328,-17.39823913574219
40627,0.12994384765625,0.9947967529296876,0.1275787353515625,-0.0316109247505664,0.2313709110021591,-0.0128643997013568,44.62374877929688,94.48451232910156,-17.33601379394531
40628,0.126068115234375,1.004379272460938,0.124481201171875,-0.0138164795935154,0.275066465139389,-0.0094760600477457,44.65785217285156,94.416259765625,-17.29953002929688
40629,0.126068115234375,1.004379272460938,0.124481201171875,-0.0138164795935154,0.275066465139389,-0.0094760600477457,44.65785217285156,94.416259765625,-17.29953002929688
40630,0.116790771484375,1.015213012695312,0.1343994140625,0.0075681712478399,0.3953888714313507,-0.0063734771683812,44.71110534667969,94.42253112792967,-17.31600952148438
40631,0.1084136962890625,1.036865234375,0.142303466796875,0.005673598498106,0.4265707731246948,-0.0106262788176536,44.72384643554688,94.39869689941406,-17.48030090332031
40632,0.1084136962890625,1.036865234375,0.142303466796875,0.005673598498106,0.4265707731246948,-0.0106262788176536,44.72384643554688,94.39869689941406,-17.48030090332031
40633,0.1085205078125,1.04901123046875,0.1536712646484375,0.0085319690406322,0.4709715247154236,-0.0112196309491992,44.77409362792969,94.35208129882812,-17.3072509765625
40634,0.11871337890625,1.046920776367188,0.16064453125,0.0082946810871362,0.479496568441391,-0.019331619143486,44.76365661621094,94.41514587402344,-17.26373291015625
40635,0.156707763671875,1.037094116210938,0.177581787109375,0.0026067020371556,0.4416373372077942,-0.0165917593985796,44.78054809570312,94.55543518066406,-17.39665222167969
40636,0.1823577880859375,1.034576416015625,0.1711578369140625,-0.0030431940685957,0.4422975182533264,-0.0078579233959317,44.80760192871094,94.65144348144533,-17.34843444824219
40637,0.1823577880859375,1.034576416015625,0.1711578369140625,-0.0030431940685957,0.4422975182533264,-0.0078579233959317,44.80760192871094,94.65144348144533,-17.34843444824219
40638,0.2040252685546875,1.023895263671875,0.1539306640625,0.0066595007665455,0.4597151279449463,0.0101535683497786,44.8575439453125,94.65370178222656,-17.28837585449219
40639,0.2086181640625,0.9889373779296876,0.114776611328125,0.1537187248468399,0.5540000796318054,0.0772079676389694,44.96504211425781,94.56707763671876,-17.28311157226562
40640,0.2086181640625,0.9889373779296876,0.114776611328125,0.1537187248468399,0.5540000796318054,0.0772079676389694,44.96504211425781,94.56707763671876,-17.28311157226562
40641,0.1921234130859375,0.9734344482421876,0.109405517578125,0.1537187248468399,0.5540000796318054,0.0772079676389694,45.05235290527344,94.57017517089844,-17.43734741210938
40642,0.1656494140625,0.9617919921875,0.099761962890625,0.2105913311243057,0.5821001529693604,0.0696342065930366,45.05975341796875,94.59274291992188,-17.62940979003906
40643,0.128082275390625,0.9651031494140624,0.1070404052734375,0.2525307834148407,0.5873245000839233,0.0229268874973058,45.18243408203125,94.57269287109376,-18.12937927246094
40644,0.128082275390625,0.9651031494140624,0.1070404052734375,0.2525307834148407,0.5873245000839233,0.0229268874973058,45.18243408203125,94.57269287109376,-18.12937927246094
40645,0.122833251953125,0.9708251953125,0.1114044189453125,0.2226154953241348,0.5980972647666931,-0.0022999059874564,45.23359680175781,94.57046508789062,-18.25738525390625
40646,0.1180572509765625,0.976806640625,0.116241455078125,0.2226154953241348,0.5980972647666931,-0.0022999059874564,45.37016296386719,94.50628662109376,-18.403564453125
40647,0.1091766357421875,0.98828125,0.1421051025390625,0.2080607861280441,0.6112311482429504,-0.0035063179675489,45.49307250976562,94.47816467285156,-18.77175903320312
40648,0.1091766357421875,0.98828125,0.1421051025390625,0.2080607861280441,0.6112311482429504,-0.0035063179675489,45.49307250976562,94.47816467285156,-18.77175903320312
40649,0.1079864501953125,0.9921722412109376,0.1567535400390625,0.1920685023069382,0.6261121034622192,0.0042751724831759,45.42977905273438,94.53375244140624,-18.98736572265625
40650,0.10809326171875,0.9943695068359376,0.1620635986328125,0.1764517277479172,0.6414002180099487,0.0103794038295745,45.53572082519531,94.50718688964844,-19.11228942871094
40651,0.1071014404296875,0.9944000244140624,0.15496826171875,0.176854133605957,0.6787524223327637,0.026664100587368,45.65206909179688,94.30787658691406,-19.41624450683594
40652,0.1071014404296875,0.9944000244140624,0.15496826171875,0.176854133605957,0.6787524223327637,0.026664100587368,45.65206909179688,94.30787658691406,-19.41624450683594
40653,0.1054229736328125,0.994842529296875,0.1584625244140625,0.176854133605957,0.6787524223327637,0.026664100587368,45.66555786132812,94.36990356445312,-19.52153015136719
40654,0.09912109375,0.9889068603515624,0.1550140380859375,0.1834220290184021,0.7028985023498535,0.027656128630042,45.72402954101562,94.30021667480467,-19.53892517089844
40655,0.086669921875,0.977294921875,0.1356201171875,0.2140284031629562,0.729983389377594,0.0183366630226373,45.87889099121094,94.31222534179688,-19.89755249023438
40656,0.086669921875,0.977294921875,0.1356201171875,0.2140284031629562,0.729983389377594,0.0183366630226373,45.87889099121094,94.31222534179688,-19.89755249023438
40657,0.0788421630859375,0.9727325439453124,0.14105224609375,0.2193493992090225,0.7391723394393921,0.0125791747123003,46.04844665527344,94.32179260253906,-19.98991394042969
40658,0.076416015625,0.9687347412109376,0.1373291015625,0.2187485843896866,0.7383345365524292,0.0032967270817607,46.1263427734375,94.20793151855467,-20.08395385742188
40659,0.0601959228515625,0.9632415771484376,0.149200439453125,0.1958121061325073,0.733276903629303,-0.0221798699349165,46.21682739257812,94.1856689453125,-20.37419128417969
40660,0.0601959228515625,0.9632415771484376,0.149200439453125,0.1958121061325073,0.733276903629303,-0.0221798699349165,46.21682739257812,94.1856689453125,-20.37419128417969
40661,0.0506134033203125,0.9721527099609376,0.1520843505859375,0.1500651389360428,0.7670231461524963,-0.0240840315818786,46.30300903320312,94.10543823242188,-20.55961608886719
40662,0.046295166015625,0.98138427734375,0.16485595703125,0.1500651389360428,0.7670231461524963,-0.0240840315818786,46.31465148925781,94.30290222167967,-20.83721923828125
40663,0.05914306640625,0.9805755615234376,0.2015533447265625,0.0512975417077541,0.7479434609413147,-0.019162243232131,46.51437377929688,94.14120483398438,-21.0826416015625
40664,0.05914306640625,0.9805755615234376,0.2015533447265625,0.0512975417077541,0.7479434609413147,-0.019162243232131,46.51437377929688,94.14120483398438,-21.0826416015625
40665,0.07232666015625,0.9792633056640624,0.2183074951171875,0.0512975417077541,0.7479434609413147,-0.019162243232131,46.46371459960938,93.99508666992188,-21.15077209472656
40666,0.0878753662109375,0.9831390380859376,0.212493896484375,0.0113980630412697,0.7281731963157654,-0.0120998062193393,46.59757995605469,93.98924255371094,-21.13845825195312
40667,0.1298065185546875,1.017593383789062,0.185791015625,-0.0129168638959527,0.651233971118927,0.0229236911982297,46.80680847167969,94.1029052734375,-21.41358947753906
40668,0.1298065185546875,1.017593383789062,0.185791015625,-0.0129168638959527,0.651233971118927,0.0229236911982297,46.80680847167969,94.1029052734375,-21.41358947753906
40669,0.1373748779296875,1.029129028320312,0.1840362548828125,-0.0046189865097403,0.5806553959846497,0.0431575886905193,46.79397583007812,93.99528503417967,-21.45901489257812
40670,0.149932861328125,1.016433715820312,0.1777191162109375,0.0169648695737123,0.5442134737968445,0.0579399988055229,46.91554260253906,94.1567840576172,-21.4677734375
40671,0.1595916748046875,0.9667205810546876,0.135986328125,0.1622674763202667,0.5614002346992493,0.0839798524975776,47.09278869628906,94.05525207519533,-21.33016967773438
40672,0.1595916748046875,0.9667205810546876,0.135986328125,0.1622674763202667,0.5614002346992493,0.0839798524975776,47.09278869628906,94.05525207519533,-21.33016967773438
40673,0.148162841796875,0.9476470947265624,0.1227264404296875,0.1622674763202667,0.5614002346992493,0.0839798524975776,47.12532043457031,94.14443969726562,-21.35955810546875
40674,0.1241302490234375,0.9314727783203124,0.1197662353515625,0.1736580729484558,0.6107723116874695,0.0581581108272075,47.21641540527344,94.12174987792967,-21.29603576660156
40675,0.0783233642578125,0.9165802001953124,0.1114349365234375,0.1387903690338135,0.5946902632713318,0.0411857850849628,47.31150817871094,94.2409210205078,-21.54188537597656
40676,0.0783233642578125,0.9165802001953124,0.1114349365234375,0.1387903690338135,0.5946902632713318,0.0411857850849628,47.31150817871094,94.2409210205078,-21.54188537597656
40677,0.0715484619140625,0.925628662109375,0.1183624267578125,0.1027583330869675,0.5947829484939575,0.0261948518455028,47.41387939453125,94.1766357421875,-21.62875366210938
40678,0.0723876953125,0.9380035400390624,0.1114501953125,0.0604537576436996,0.601854681968689,0.0183076336979866,47.62962341308594,94.10203552246094,-21.68742370605469
40679,0.0770111083984375,0.971710205078125,0.1102447509765625,-0.00843689404428,0.6291832327842712,0.0137230027467012,47.67559814453125,94.00689697265624,-21.88328552246094
40680,0.0770111083984375,0.971710205078125,0.1102447509765625,-0.00843689404428,0.6291832327842712,0.0137230027467012,47.67559814453125,94.00689697265624,-21.88328552246094
40681,0.0699920654296875,0.992095947265625,0.1190185546875,-0.0206703916192054,0.6358898878097534,0.0244414266198873,47.78578186035156,93.99577331542967,-21.90632629394531
40682,0.06524658203125,1.006332397460938,0.128875732421875,-0.0229889396578073,0.6376744508743286,0.0340090990066528,47.89912414550781,93.9774169921875,-21.96971130371094
40683,0.054168701171875,1.008102416992188,0.1458740234375,0.0337454453110694,0.606325626373291,0.0382887981832027,48.05828857421875,94.15985107421876,-21.99137878417969
40684,0.054168701171875,1.008102416992188,0.1458740234375,0.0337454453110694,0.606325626373291,0.0382887981832027,48.05828857421875,94.15985107421876,-21.99137878417969
40685,0.0427093505859375,1.003372192382812,0.1494140625,0.0337454453110694,0.606325626373291,0.0382887981832027,48.09291076660156,94.03793334960938,-21.96653747558594
40686,0.0310516357421875,0.996673583984375,0.1495361328125,0.0554049350321292,0.6102396845817566,0.0294622853398323,48.26426696777344,94.10133361816406,-22.05526733398438
40687,0.0307464599609375,0.98992919921875,0.15521240234375,0.0678757205605506,0.5974226593971252,0.0181691497564315,48.46290588378906,94.10093688964844,-22.13986206054688
40688,0.0307464599609375,0.98992919921875,0.15521240234375,0.0678757205605506,0.5974226593971252,0.0181691497564315,48.46290588378906,94.10093688964844,-22.13986206054688
40689,0.033905029296875,0.987335205078125,0.160980224609375,0.0498794093728065,0.5837856531143188,0.0189017858356237,48.54994201660156,94.10105895996094,-22.22906494140625
40690,0.0404052734375,0.9846038818359376,0.1540985107421875,0.027191674336791,0.5636827945709229,0.0213409755378961,48.63151550292969,94.07005310058594,-22.29025268554688
40691,0.066253662109375,0.967742919921875,0.122100830078125,0.0324713885784149,0.5570192933082581,0.0313749685883522,48.79606628417969,94.03785705566406,-22.37495422363281
40692,0.066253662109375,0.967742919921875,0.122100830078125,0.0324713885784149,0.5570192933082581,0.0313749685883522,48.79606628417969,94.03785705566406,-22.37495422363281
40693,0.0738067626953125,0.958770751953125,0.11279296875,0.0425421334803104,0.5581844449043274,0.0333523638546466,48.88558959960938,94.00138854980467,-22.34852600097656
40694,0.0787353515625,0.953369140625,0.11676025390625,0.0462913326919078,0.550291895866394,0.0344288125634193,48.90017700195312,94.02937316894533,-22.26617431640625
40695,0.065582275390625,0.9593048095703124,0.1222686767578125,0.022915968671441,0.548050582408905,0.0160862915217876,49.10813903808594,93.9873046875,-22.41500854492188
40696,0.065582275390625,0.9593048095703124,0.1222686767578125,0.022915968671441,0.548050582408905,0.0160862915217876,49.10813903808594,93.9873046875,-22.41500854492188
40697,0.0588226318359375,0.966400146484375,0.1247100830078125,0.022915968671441,0.548050582408905,0.0160862915217876,49.24894714355469,93.89039611816406,-22.33772277832031
40698,0.0553741455078125,0.9726715087890624,0.133758544921875,0.0142939845100045,0.533255934715271,0.0116238994523882,49.34100341796875,93.87120056152344,-22.26261901855469
40699,0.049957275390625,0.97760009765625,0.1489410400390625,-0.0160820316523313,0.4871395528316498,0.0208778511732816,49.43157958984375,93.92111206054688,-22.34272766113281
40700,0.049957275390625,0.97760009765625,0.1489410400390625,-0.0160820316523313,0.4871395528316498,0.0208778511732816,49.43157958984375,93.92111206054688,-22.34272766113281
40701,0.047882080078125,0.9801788330078124,0.1436614990234375,-0.0334405153989791,0.4699347317218781,0.0246446263045072,49.53224182128906,93.8286590576172,-22.38005065917969
40702,0.0476226806640625,0.97882080078125,0.1340179443359375,-0.0430009961128234,0.4467178285121918,0.0287075452506542,49.62515258789062,93.9171905517578,-22.30241394042969
40703,0.0486602783203125,0.98486328125,0.1073760986328125,-0.0223122294992208,0.3978589475154877,0.0278244409710168,49.71585083007812,93.96867370605467,-22.26594543457031
40704,0.0486602783203125,0.98486328125,0.1073760986328125,-0.0223122294992208,0.3978589475154877,0.0278244409710168,49.71585083007812,93.96867370605467,-22.26594543457031
40705,0.0460052490234375,0.9872894287109376,0.096466064453125,0.0091351754963397,0.3783654272556305,0.0305760186165571,49.79559326171875,93.98443603515624,-22.38424682617188
40706,0.043975830078125,0.991302490234375,0.095245361328125,0.041977010667324,0.3535306453704834,0.0326500870287418,49.82156372070312,93.94110107421876,-22.29379272460938
40707,0.02752685546875,1.004409790039062,0.1131591796875,0.0653369277715683,0.329653799533844,0.0267194956541061,49.96731567382812,93.91114807128906,-22.50387573242188
40708,0.02752685546875,1.004409790039062,0.1131591796875,0.0653369277715683,0.329653799533844,0.0267194956541061,49.96731567382812,93.91114807128906,-22.50387573242188
40709,0.010406494140625,1.01123046875,0.115966796875,0.0653369277715683,0.329653799533844,0.0267194956541061,49.96572875976562,93.84710693359376,-22.50161743164062
40710,-0.0084228515625,1.01507568359375,0.111358642578125,0.051912996917963,0.3122420608997345,0.0117557253688573,50.03530883789062,93.87071228027344,-22.5404052734375
40711,-0.03125,1.016021728515625,0.108306884765625,0.0319592654705047,0.2803496420383453,-0.0249708630144596,50.06796264648438,93.82170104980467,-22.62547302246094
40712,-0.03125,1.016021728515625,0.108306884765625,0.0319592654705047,0.2803496420383453,-0.0249708630144596,50.06796264648438,93.82170104980467,-22.62547302246094
40713,-0.0366973876953125,1.021499633789062,0.107269287109375,0.0377329960465431,0.2800300419330597,-0.0411405116319656,50.13034057617188,93.82868957519533,-22.63890075683594
40714,-0.0376129150390625,1.0234375,0.10687255859375,0.046884685754776,0.2790367007255554,-0.0592907555401325,50.19125366210938,94.01156616210938,-22.7650146484375
40715,-0.027252197265625,1.017730712890625,0.1191864013671875,0.0716544762253761,0.2712424099445343,-0.0855146348476409,50.23553466796875,93.90138244628906,-22.62570190429688
40716,-0.027252197265625,1.017730712890625,0.1191864013671875,0.0716544762253761,0.2712424099445343,-0.0855146348476409,50.23553466796875,93.90138244628906,-22.62570190429688
40717,-0.02587890625,1.018707275390625,0.1249847412109375,0.0829667896032333,0.2675145268440247,-0.0976402759552002,50.21835327148438,93.87420654296876,-22.69847106933594
40718,-0.0282440185546875,1.0205078125,0.1310272216796875,0.0868984162807464,0.270964115858078,-0.1118967086076736,50.24037170410156,93.728515625,-22.84355163574219
40719,-0.034881591796875,1.021072387695312,0.128173828125,0.0903139188885688,0.2926808595657349,-0.1377131193876266,50.2171630859375,93.82286071777344,-22.99662780761719
40720,-0.034881591796875,1.021072387695312,0.128173828125,0.0903139188885688,0.2926808595657349,-0.1377131193876266,50.2171630859375,93.82286071777344,-22.99662780761719
40721,-0.0366363525390625,1.0174560546875,0.122222900390625,0.0915924981236457,0.2932073771953583,-0.1475116908550262,50.12159729003906,93.8401336669922,-22.9404296875
40722,-0.034332275390625,1.010482788085938,0.120849609375,0.0909203216433525,0.2904989421367645,-0.1627998352050781,50.15138244628906,93.917724609375,-22.99787902832031
40723,-0.021240234375,0.9941253662109376,0.120941162109375,0.0967752784490585,0.2941027283668518,-0.1874077171087265,50.09654235839844,93.86402893066406,-22.97042846679688
40724,-0.021240234375,0.9941253662109376,0.120941162109375,0.0967752784490585,0.2941027283668518,-0.1874077171087265,50.09654235839844,93.86402893066406,-22.97042846679688
40725,-0.0145111083984375,0.9906463623046876,0.1279296875,0.0997910425066947,0.2976841628551483,-0.1920197755098343,50.04031372070312,93.84187316894533,-23.03071594238281
40726,-0.0062713623046875,0.9857635498046876,0.1327362060546875,0.1010989174246788,0.301819771528244,-0.1898365169763565,49.95802307128906,93.9607391357422,-23.01742553710938
40727,0.004180908203125,0.9854736328125,0.1461029052734375,0.0824485346674919,0.2662854790687561,-0.1878545880317688,49.82186889648438,93.8857421875,-23.32640075683594
40728,0.004180908203125,0.9854736328125,0.1461029052734375,0.0824485346674919,0.2662854790687561,-0.1878545880317688,49.82186889648438,93.8857421875,-23.32640075683594
40729,0.00244140625,0.9859161376953124,0.1445465087890625,0.0704744309186935,0.2475615888834,-0.1980459690093994,49.84042358398438,93.84999084472656,-23.21562194824219
40730,0.0006256103515625,0.984466552734375,0.142486572265625,0.0573319979012012,0.2286707311868668,-0.2009813040494919,49.75408935546875,93.73765563964844,-23.0533447265625
40731,-0.007965087890625,0.9720611572265624,0.13671875,0.0448803901672363,0.2056900411844254,-0.1995541155338287,49.71806335449219,93.79356384277344,-23.38359069824219
40732,-0.007965087890625,0.9720611572265624,0.13671875,0.0448803901672363,0.2056900411844254,-0.1995541155338287,49.71806335449219,93.79356384277344,-23.38359069824219
40733,-0.0096282958984375,0.9644012451171876,0.138519287109375,0.0399258434772491,0.1929497420787811,-0.1884407550096512,49.68154907226562,93.80020141601562,-23.44447326660156
40734,-0.0117034912109375,0.959747314453125,0.1433868408203125,0.0303230173885822,0.1825314611196518,-0.1785875856876373,49.62355041503906,93.8870086669922,-23.45571899414062
40735,-0.01519775390625,0.9552764892578124,0.145263671875,0.003720169654116,0.1445358693599701,-0.15248142182827,49.472412109375,93.83946228027344,-23.28079223632812
40736,-0.01519775390625,0.9552764892578124,0.145263671875,0.003720169654116,0.1445358693599701,-0.15248142182827,49.472412109375,93.83946228027344,-23.28079223632812
40737,-0.0149078369140625,0.9541778564453124,0.1379241943359375,-0.0070310113951563,0.1296117901802063,-0.1344763189554214,49.39999389648438,93.78355407714844,-23.40916442871094
40738,-0.01318359375,0.9573974609375,0.130523681640625,-0.0051180627197027,0.1203458532691002,-0.1229240596294403,49.37709045410156,93.7469482421875,-23.29933166503906
40739,-0.0118560791015625,0.9616241455078124,0.1192474365234375,0.003450924064964,0.121891014277935,-0.1022147834300995,49.37197875976562,93.63966369628906,-23.23934936523438
40740,-0.0147857666015625,0.9638824462890624,0.110809326171875,0.013065468519926,0.1282762140035629,-0.0819784924387931,49.27583312988281,93.63348388671876,-23.05171203613281
40741,-0.0237274169921875,0.96142578125,0.111541748046875,0.0221276730298996,0.1562889367341995,-0.0584808848798275,49.2462158203125,93.58912658691406,-23.20692443847656
40742,-0.0322418212890625,0.9583587646484376,0.1141815185546875,0.0327172018587589,0.1657964289188385,-0.0442713238298893,49.21315002441406,93.6949462890625,-23.37644958496094
40743,-0.0357208251953125,0.96038818359375,0.127960205078125,0.028244687244296,0.1454719752073288,-0.0320447534322738,49.24687194824219,93.70851135253906,-23.54005432128906
40744,-0.03863525390625,0.9615936279296876,0.14093017578125,0.0088299764320254,0.1200521066784859,-0.0254915114492178,49.24148559570312,93.75692749023438,-23.69461059570312
40745,-0.0340118408203125,0.96160888671875,0.1478729248046875,-0.018338793888688,0.1092375442385674,-0.0157009325921535,49.11814880371094,93.80119323730467,-23.70706176757812
40746,-0.02532958984375,0.96112060546875,0.1484222412109375,-0.0862374156713485,0.1142552047967911,0.014954182319343,49.18183898925781,93.82640075683594,-23.74758911132812
40747,-0.0175018310546875,0.962432861328125,0.148895263671875,-0.0862374156713485,0.1142552047967911,0.014954182319343,49.25814819335938,93.77859497070312,-23.80105590820312
40748,-0.012786865234375,0.963348388671875,0.1450958251953125,-0.1012778878211975,0.1260008066892624,0.0539828091859817,49.351318359375,93.738525390625,-23.74574279785156
40749,-0.0132293701171875,0.9662017822265624,0.139495849609375,-0.1012778878211975,0.1260008066892624,0.0539828091859817,49.36030578613281,93.75788879394533,-23.71473693847656
40750,-0.014984130859375,0.96661376953125,0.1249542236328125,-0.0920987650752067,0.1342227905988693,0.0614130273461341,49.36624145507812,93.86019897460938,-23.53167724609375
40751,-0.01611328125,0.971221923828125,0.1155853271484375,-0.0507404096424579,0.0956160053610801,0.0728193446993827,49.40251159667969,93.85075378417967,-23.32756042480469
40752,-0.01611328125,0.971221923828125,0.1155853271484375,-0.0507404096424579,0.0956160053610801,0.0728193446993827,49.40251159667969,93.85075378417967,-23.32756042480469
40753,-0.01397705078125,0.9741058349609376,0.1290283203125,-0.0411154776811599,0.074533887207508,0.0803547576069831,49.47569274902344,93.8950653076172,-23.34268188476562
40754,-0.0138397216796875,0.97955322265625,0.13397216796875,-0.0520738549530506,0.0478633977472782,0.0868099927902221,49.55685424804688,93.77293395996094,-23.32659912109375
40755,-0.0142822265625,0.986602783203125,0.13104248046875,-0.10452800989151,0.0289520230144262,0.1223243176937103,49.5958251953125,93.87760925292967,-23.33177185058594
40756,-0.0142822265625,0.986602783203125,0.13104248046875,-0.10452800989151,0.0289520230144262,0.1223243176937103,49.5958251953125,93.87760925292967,-23.33177185058594
40757,-0.0177764892578125,0.9860687255859376,0.12469482421875,-0.10452800989151,0.0289520230144262,0.1223243176937103,49.65142822265625,94.02815246582033,-23.48284912109375
40758,-0.01934814453125,0.9858551025390624,0.121612548828125,-0.10938560962677,0.0091229248791933,0.1296804994344711,49.75509643554688,94.01109313964844,-23.313720703125
40759,-0.024627685546875,0.9954833984375,0.1255340576171875,-0.117906928062439,-0.0085796397179365,0.1259078681468964,49.8359375,94.03665161132812,-23.28070068359375
40760,-0.0301971435546875,1.001861572265625,0.1223602294921875,-0.1186030805110931,-0.0326008200645446,0.1183548718690872,49.91627502441406,93.96664428710938,-23.15914916992188
40761,-0.02801513671875,0.9987335205078124,0.1255645751953125,-0.1186030805110931,-0.0326008200645446,0.1183548718690872,49.94244384765625,93.89498901367188,-22.94126892089844
40762,-0.0204925537109375,0.997711181640625,0.1272735595703125,-0.1181689873337746,-0.0541766844689846,0.1122671514749527,50.04341125488281,93.75790405273438,-22.76722717285156
40763,-0.00885009765625,1.008224487304688,0.1302032470703125,-0.126589372754097,-0.0882126837968826,0.1096013262867928,50.12631225585938,93.83152770996094,-22.84249877929688
40764,-0.00885009765625,1.008224487304688,0.1302032470703125,-0.126589372754097,-0.0882126837968826,0.1096013262867928,50.12631225585938,93.83152770996094,-22.84249877929688
40765,-0.0039215087890625,1.013275146484375,0.1210479736328125,-0.1239485740661621,-0.1028262451291084,0.1075520291924477,50.17701721191406,93.88191223144533,-22.75004577636719
40766,0.0001678466796875,1.0128173828125,0.1071319580078125,-0.1066020801663399,-0.1233704015612602,0.1095267608761787,50.2196044921875,93.82098388671876,-22.54911804199219
40767,-0.001495361328125,1.012161254882812,0.100189208984375,-0.0767887905240058,-0.1397086381912231,0.1075605452060699,50.29545593261719,93.7990264892578,-22.47068786621094
40768,-0.0058746337890625,1.009841918945312,0.0969696044921875,-0.0471842885017395,-0.1544753313064575,0.1058534607291222,50.32923889160156,94.01080322265624,-22.610595703125
40769,-0.0150909423828125,1.004196166992188,0.098358154296875,-0.02909423597157,-0.1689288318157196,0.1008778810501099,50.33908081054688,94.0736846923828,-22.5531005859375
40770,-0.027557373046875,1.001113891601562,0.1043853759765625,-0.024899223819375,-0.1677756905555725,0.0996618792414665,50.3792724609375,94.02818298339844,-22.47541809082031
40771,-0.0462646484375,0.9929351806640624,0.10943603515625,-0.0315374210476875,-0.1815841794013977,0.0953472927212715,50.39051818847656,94.11141967773438,-22.23333740234375
40772,-0.0462646484375,0.9929351806640624,0.10943603515625,-0.0315374210476875,-0.1815841794013977,0.0953472927212715,50.39051818847656,94.11141967773438,-22.23333740234375
40773,-0.0479736328125,0.9908294677734376,0.1113128662109375,-0.0413908511400222,-0.1891808360815048,0.0993675962090492,50.5126953125,94.14665222167967,-22.2073974609375
40774,-0.0460662841796875,0.990020751953125,0.112213134765625,-0.0413908511400222,-0.1891808360815048,0.0993675962090492,50.52244567871094,94.1344757080078,-22.09028625488281
40775,-0.0420684814453125,0.986480712890625,0.1072998046875,-0.0071223578415811,-0.1676166951656342,0.118539959192276,50.67213439941406,94.12881469726562,-22.1661376953125
40776,-0.0420684814453125,0.986480712890625,0.1072998046875,-0.0071223578415811,-0.1676166951656342,0.118539959192276,50.67213439941406,94.12881469726562,-22.1661376953125
40777,-0.03765869140625,0.987823486328125,0.1171417236328125,0.0099301282316446,-0.1638717502355576,0.1283766180276871,50.6783447265625,94.04808044433594,-22.03321838378906
40778,-0.0352935791015625,0.99273681640625,0.1285247802734375,0.014364025555551,-0.1669975072145462,0.1321636289358139,50.63676452636719,94.04005432128906,-22.10203552246094
40779,-0.0267181396484375,1.00469970703125,0.1557769775390625,0.0083056008443236,-0.147303432226181,0.1346800476312637,50.69020080566406,94.13731384277344,-22.20210266113281
40780,-0.0267181396484375,1.00469970703125,0.1557769775390625,0.0083056008443236,-0.147303432226181,0.1346800476312637,50.69020080566406,94.13731384277344,-22.20210266113281
40781,-0.018280029296875,1.012176513671875,0.1597747802734375,0.0020703414920717,-0.1288804858922958,0.1319359242916107,50.70364379882812,94.09776306152344,-22.07278442382812
40782,-0.0093536376953125,1.014511108398438,0.159271240234375,0.0102505069226026,-0.1100756376981735,0.1261544674634933,50.86309814453125,94.10780334472656,-21.95196533203125
40783,0.0095672607421875,1.004562377929688,0.1464996337890625,0.0258547663688659,-0.080667145550251,0.1260287761688232,50.80792236328125,94.07957458496094,-22.00894165039062
40784,0.017852783203125,0.9954071044921876,0.1411895751953125,0.0265274811536073,-0.077095054090023,0.1255880147218704,50.8673095703125,94.08920288085938,-21.97650146484375
40785,0.017852783203125,0.9954071044921876,0.1411895751953125,0.0265274811536073,-0.077095054090023,0.1255880147218704,50.8673095703125,94.08920288085938,-21.97650146484375
40786,0.02557373046875,0.9833526611328124,0.133758544921875,0.0338421203196048,-0.0726648792624473,0.1319798678159714,50.97456359863281,94.11233520507812,-21.89561462402344
40787,0.0309906005859375,0.9716644287109376,0.1204071044921875,0.0311829522252082,-0.1013354063034058,0.1394588202238083,51.02845764160156,94.0563507080078,-21.94306945800781
40788,0.0351409912109375,0.9631500244140624,0.1202392578125,0.0311829522252082,-0.1013354063034058,0.1394588202238083,51.06900024414062,94.14654541015624,-22.14547729492188
40789,0.0317840576171875,0.9605865478515624,0.125091552734375,0.0228437967598438,-0.1070683971047401,0.1420849710702896,51.18434143066406,94.10012817382812,-22.10179138183594
40790,0.02178955078125,0.959625244140625,0.12890625,0.0070856064558029,-0.1093587130308151,0.1423795223236084,51.25712585449219,94.09382629394533,-22.08366394042969
40791,0.00146484375,0.960845947265625,0.1463623046875,-0.0309400726109743,-0.0879303887486457,0.1271893829107285,51.32417297363281,94.0816650390625,-22.13029479980469
40792,-0.009307861328125,0.9703826904296876,0.1394500732421875,-0.0561258532106876,-0.0901751667261123,0.1216361522674561,51.34410095214844,94.09773254394533,-22.03610229492188
40793,-0.009307861328125,0.9703826904296876,0.1394500732421875,-0.0561258532106876,-0.0901751667261123,0.1216361522674561,51.34410095214844,94.09773254394533,-22.03610229492188
40794,-0.0168609619140625,0.9780731201171876,0.1318206787109375,-0.0741884782910347,-0.1029162630438805,0.1170030534267426,51.45382690429688,94.0286102294922,-21.83645629882812
40795,-0.0106353759765625,0.9950408935546876,0.1240997314453125,-0.0651486441493034,-0.1406894773244858,0.1028827056288719,51.52171325683594,94.1484375,-22.02143859863281
40796,-0.0106353759765625,0.9950408935546876,0.1240997314453125,-0.0651486441493034,-0.1406894773244858,0.1028827056288719,51.52171325683594,94.1484375,-22.02143859863281
40797,-0.0027313232421875,1.002792358398438,0.127716064453125,-0.0528807900846004,-0.1626725345849991,0.0966996476054191,51.51602172851562,94.23777770996094,-22.01350402832031
40798,0.003265380859375,1.010787963867188,0.136383056640625,-0.0451965071260929,-0.1919981986284256,0.0825888887047767,51.47833251953125,94.26644897460938,-21.92424011230469
40799,0.0209503173828125,1.0234375,0.1597747802734375,-0.0393865555524826,-0.228264331817627,0.0496620945632457,51.597900390625,94.27903747558594,-21.84451293945312
40800,0.0209503173828125,1.0234375,0.1597747802734375,-0.0393865555524826,-0.228264331817627,0.0496620945632457,51.597900390625,94.27903747558594,-21.84451293945312
40801,0.0317840576171875,1.023345947265625,0.177886962890625,-0.038311168551445,-0.2231302857398987,0.0315587259829044,51.6546630859375,94.2715301513672,-21.83026123046875
40802,0.045562744140625,1.0203857421875,0.1852264404296875,-0.0443687960505485,-0.2036258280277252,0.0171366427093744,51.62327575683594,94.10731506347656,-21.69685363769531
40803,0.0682220458984375,1.013809204101562,0.1795806884765625,-0.0580846071243286,-0.1767880916595459,-0.0102126896381378,51.52531433105469,94.24024963378906,-21.84873962402344
40804,0.0682220458984375,1.013809204101562,0.1795806884765625,-0.0580846071243286,-0.1767880916595459,-0.0102126896381378,51.52531433105469,94.24024963378906,-21.84873962402344
40805,0.07568359375,1.007308959960938,0.1645050048828125,-0.0580846071243286,-0.1767880916595459,-0.0102126896381378,51.56614685058594,94.2104034423828,-21.79843139648438
40806,0.0811309814453125,0.998046875,0.1465606689453125,-0.0400387607514858,-0.1841746270656586,-0.0103652896359562,51.59541320800781,94.2418975830078,-21.69960021972656
40807,0.084716796875,0.9774627685546876,0.143524169921875,-0.0081221088767051,-0.2170462906360626,-0.0066523100249469,51.47544860839844,94.29193115234376,-21.88308715820312
40808,0.084716796875,0.9774627685546876,0.143524169921875,-0.0081221088767051,-0.2170462906360626,-0.0066523100249469,51.47544860839844,94.29193115234376,-21.88308715820312
40809,0.0858612060546875,0.967437744140625,0.1471405029296875,-0.0012990899849683,-0.2241164594888687,-0.0017619474092498,51.48216247558594,94.20468139648438,-21.83375549316406
40810,0.0873260498046875,0.95916748046875,0.15362548828125,-0.0003400856803636,-0.2248400300741196,0.0036408074665814,51.49569702148438,94.17950439453124,-21.60491943359375
40811,0.07891845703125,0.952850341796875,0.1582794189453125,-0.0076858829706907,-0.1967732459306717,0.0148846739903092,51.37367248535156,94.35263061523438,-21.92137145996094
40812,0.07891845703125,0.952850341796875,0.1582794189453125,-0.0076858829706907,-0.1967732459306717,0.0148846739903092,51.37367248535156,94.35263061523438,-21.92137145996094
40813,0.0706787109375,0.9560394287109376,0.162445068359375,-0.0076858829706907,-0.1967732459306717,0.0148846739903092,51.32826232910156,94.41598510742188,-21.94338989257812
40814,0.06585693359375,0.9614715576171876,0.1619720458984375,-0.0210024863481521,-0.1879898756742477,0.0171033535152673,51.38531494140625,94.386962890625,-21.71208190917969
40815,0.062835693359375,0.972198486328125,0.1626739501953125,-0.030924892053008,-0.1720220893621445,0.01716167666018,51.30497741699219,94.47239685058594,-21.46002197265625
40816,0.062835693359375,0.972198486328125,0.1626739501953125,-0.030924892053008,-0.1720220893621445,0.01716167666018,51.30497741699219,94.47239685058594,-21.46002197265625
40817,0.0627288818359375,0.9762115478515624,0.1624755859375,-0.0323246493935585,-0.1714969128370285,0.0188463926315307,51.28683471679688,94.50163269042967,-21.44387817382812
40818,0.06640625,0.9810333251953124,0.16290283203125,-0.0276670474559068,-0.1802760362625122,0.0223564375191927,51.33230590820312,94.4462432861328,-21.3306884765625
40819,0.0874786376953125,0.987091064453125,0.1641387939453125,-0.022921560332179,-0.2044349014759064,0.0265482533723115,51.33186340332031,94.41357421875,-21.58464050292969
40820,0.0874786376953125,0.987091064453125,0.1641387939453125,-0.022921560332179,-0.2044349014759064,0.0265482533723115,51.33186340332031,94.41357421875,-21.58464050292969
40821,0.0971832275390625,0.987548828125,0.16644287109375,-0.0241884272545576,-0.2063542306423187,0.0314974710345268,51.28262329101562,94.255126953125,-21.43344116210938
40822,0.107666015625,0.9838714599609376,0.1651458740234375,-0.0215500332415103,-0.2242932915687561,0.0344519838690757,51.22944641113281,94.3369140625,-21.30198669433594
40823,0.1168670654296875,0.9733428955078124,0.170806884765625,-0.0159810967743396,-0.2185685634613037,0.0329041555523872,51.30973815917969,94.28385925292967,-21.30873107910156
40824,0.1211090087890625,0.9691009521484376,0.1733245849609375,-0.013790912926197,-0.2122089266777039,0.0395625904202461,51.23112487792969,94.26544189453124,-21.34042358398438
40825,0.12689208984375,0.96673583984375,0.17462158203125,-0.0168916322290897,-0.1920453310012817,0.0433173812925815,51.2967529296875,94.28167724609376,-21.28312683105469
40826,0.12884521484375,0.9653167724609376,0.171234130859375,-0.0277701113373041,-0.1763755679130554,0.0442098043859005,51.25161743164062,94.356201171875,-21.28126525878906
40827,0.1247100830078125,0.9697113037109376,0.1600341796875,-0.0454489737749099,-0.1749832630157471,0.0383125022053718,51.32937622070312,94.46998596191406,-20.8267822265625
40828,0.1247100830078125,0.9697113037109376,0.1600341796875,-0.0454489737749099,-0.1749832630157471,0.0383125022053718,51.32937622070312,94.46998596191406,-20.8267822265625
40829,0.1195068359375,0.9690093994140624,0.1578216552734375,-0.0454489737749099,-0.1749832630157471,0.0383125022053718,51.31532287597656,94.17001342773438,-20.14993286132812
40830,0.112823486328125,0.9739837646484376,0.15765380859375,-0.0351055227220058,-0.171269491314888,0.0365782491862773,51.34292602539062,94.05534362792967,-19.84828186035156
40831,0.111358642578125,0.96990966796875,0.1723480224609375,-0.0366528183221817,-0.1580207943916321,0.0199508052319288,51.34994506835938,94.12501525878906,-20.31340026855469
40832,0.111358642578125,0.96990966796875,0.1723480224609375,-0.0366528183221817,-0.1580207943916321,0.0199508052319288,51.34994506835938,94.12501525878906,-20.31340026855469
40833,0.1136474609375,0.970245361328125,0.174560546875,-0.0455472432076931,-0.1546617448329926,0.0112782204523682,51.24774169921875,94.19676208496094,-20.36372375488281
40834,0.11834716796875,0.9715423583984376,0.1746978759765625,-0.0455472432076931,-0.1546617448329926,0.0112782204523682,51.31590270996094,94.2232666015625,-20.63829040527344
40835,0.135009765625,0.9708404541015624,0.1659088134765625,-0.0344953909516334,-0.1330219656229019,0.0270265582948923,51.25758361816406,94.295166015625,-20.91989135742188
40836,0.135009765625,0.9708404541015624,0.1659088134765625,-0.0344953909516334,-0.1330219656229019,0.0270265582948923,51.25758361816406,94.295166015625,-20.91989135742188
40837,0.132537841796875,0.9778594970703124,0.1641082763671875,-0.0221420545130968,-0.1309169977903366,0.0434537343680858,51.30024719238281,94.26945495605467,-20.75175476074219
40838,0.1298980712890625,0.984375,0.161468505859375,-0.0221420545130968,-0.1309169977903366,0.0434537343680858,51.26727294921875,94.31980895996094,-20.51742553710938
40839,0.1201171875,0.9823455810546876,0.165679931640625,-0.0181393232196569,-0.1194979026913643,0.0679225921630859,51.48118591308594,93.9680633544922,-19.65342712402344
40840,0.1201171875,0.9823455810546876,0.165679931640625,-0.0181393232196569,-0.1194979026913643,0.0679225921630859,51.48118591308594,93.9680633544922,-19.65342712402344
40841,0.1138458251953125,0.9758453369140624,0.1740875244140625,-0.0181877929717302,-0.1077150106430054,0.0683532282710075,51.41804504394531,93.99575805664062,-19.79998779296875
40842,0.104095458984375,0.9688873291015624,0.1830596923828125,-0.0308460630476474,-0.080401100218296,0.0601703971624374,51.45762634277344,94.0986785888672,-20.04048156738281
40843,0.09967041015625,0.9649810791015624,0.1874542236328125,-0.04594112560153,-0.0374363213777542,0.0423578433692455,51.50823974609375,94.16331481933594,-20.17521667480469
40844,0.0974578857421875,0.96246337890625,0.1953125,-0.04594112560153,-0.0374363213777542,0.0423578433692455,51.42050170898438,94.37419128417967,-20.31330871582031
40845,0.0962066650390625,0.967254638671875,0.2021484375,-0.0552579276263713,-0.0064304685220122,0.0388145074248313,51.38932800292969,94.5120086669922,-20.62161254882812
40846,0.0928192138671875,0.97747802734375,0.2005615234375,-0.0653537064790725,0.0238635204732418,0.0449088849127292,51.34500122070312,94.49366760253906,-20.74308776855469
40847,0.088653564453125,0.9790496826171876,0.1861114501953125,-0.0691724121570587,0.0814985856413841,0.0533604249358177,51.40023803710938,94.44390869140624,-20.73670959472656
40848,0.089111328125,0.9797515869140624,0.1757659912109375,-0.0683662742376327,0.1072968989610672,0.0514069981873035,51.54893493652344,94.425537109375,-20.50668334960938
40849,0.089111328125,0.9797515869140624,0.1757659912109375,-0.0683662742376327,0.1072968989610672,0.0514069981873035,51.54893493652344,94.425537109375,-20.50668334960938
40850,0.0886993408203125,0.97833251953125,0.1703033447265625,-0.065158762037754,0.1377149820327759,0.0467240959405899,51.573486328125,94.2107391357422,-20.3193359375
40851,0.09417724609375,0.9751129150390624,0.16485595703125,-0.0461885333061218,0.2121018767356873,0.031131288036704,51.61656188964844,94.42811584472656,-20.49270629882812
40852,0.09417724609375,0.9751129150390624,0.16485595703125,-0.0461885333061218,0.2121018767356873,0.031131288036704,51.61656188964844,94.42811584472656,-20.49270629882812
40853,0.102142333984375,0.974456787109375,0.1652374267578125,-0.0450308583676815,0.2590171694755554,0.0260840654373168,51.62919616699219,94.42951965332033,-20.46615600585938
40854,0.1085052490234375,0.980712890625,0.1576690673828125,-0.0347430668771266,0.2963874638080597,0.025319205597043,51.61695861816406,94.40910339355467,-20.5089111328125
40855,0.11749267578125,0.988128662109375,0.14324951171875,0.0075093153864145,0.3797667622566223,0.0282899606972932,51.75828552246094,94.3773193359375,-20.50801086425781
40856,0.11749267578125,0.988128662109375,0.14324951171875,0.0075093153864145,0.3797667622566223,0.0282899606972932,51.75828552246094,94.3773193359375,-20.50801086425781
40857,0.1223907470703125,0.985015869140625,0.14361572265625,0.0075093153864145,0.3797667622566223,0.0282899606972932,51.83154296875,94.31877136230467,-20.50709533691406
40858,0.1279449462890625,0.97833251953125,0.1568450927734375,0.0245607364922761,0.390921413898468,0.0202887598425149,51.79110717773438,94.33306884765624,-20.53959655761719
40859,0.150054931640625,0.973052978515625,0.179840087890625,0.0157784298062324,0.379372626543045,0.0164705868810415,51.94859313964844,94.319091796875,-20.56155395507812
40860,0.150054931640625,0.973052978515625,0.179840087890625,0.0157784298062324,0.379372626543045,0.0164705868810415,51.94859313964844,94.319091796875,-20.56155395507812
40861,0.155059814453125,0.975006103515625,0.1865234375,0.0157784298062324,0.379372626543045,0.0164705868810415,51.99842834472656,94.32296752929688,-20.39356994628906
40862,0.1559906005859375,0.975982666015625,0.1893463134765625,0.0155177069827914,0.3682384788990021,0.0252353157848119,52.09495544433594,94.29763793945312,-20.30210876464844
40863,0.146209716796875,0.9723358154296876,0.2032012939453125,0.0123059349134564,0.3669193983078003,0.020771324634552,52.1517333984375,94.37490844726562,-20.12815856933594
40864,0.146209716796875,0.9723358154296876,0.2032012939453125,0.0123059349134564,0.3669193983078003,0.020771324634552,52.1517333984375,94.37490844726562,-20.12815856933594
40865,0.142059326171875,0.9713287353515624,0.2078094482421875,-0.004366785287857,0.3606098592281342,0.0219625569880008,52.146240234375,94.35934448242188,-19.9573974609375
40866,0.130889892578125,0.9690093994140624,0.2113494873046875,-0.0181443821638822,0.3565128445625305,0.0260734129697084,52.209716796875,94.364013671875,-19.78999328613281
40867,0.1217193603515625,0.9613494873046876,0.2051544189453125,-0.0293600186705589,0.3481308221817017,0.0298740100115537,52.40690612792969,94.41970825195312,-19.74758911132812
40868,0.1217193603515625,0.9613494873046876,0.2051544189453125,-0.0293600186705589,0.3481308221817017,0.0298740100115537,52.40690612792969,94.41970825195312,-19.74758911132812
40869,0.118408203125,0.9617462158203124,0.2047119140625,-0.0234430078417062,0.3518019914627075,0.0322165265679359,52.42681884765625,94.309326171875,-19.85365295410156
40870,0.11688232421875,0.9611053466796876,0.2025146484375,-0.0201292373239994,0.3359644412994385,0.0316420830786228,52.48710632324219,94.383544921875,-19.88652038574219
40871,0.1219482421875,0.9587554931640624,0.21624755859375,-0.0329877771437168,0.3236893713474274,0.0282899606972932,52.47694396972656,94.5874481201172,-20.51666259765625
40872,0.1219482421875,0.9587554931640624,0.21624755859375,-0.0329877771437168,0.3236893713474274,0.0282899606972932,52.47694396972656,94.5874481201172,-20.51666259765625
40873,0.1175079345703125,0.964080810546875,0.218017578125,-0.0503681004047393,0.3229572772979736,0.0335686132311821,52.41578674316406,94.78379821777344,-20.66656494140625
40874,0.112579345703125,0.972747802734375,0.215118408203125,-0.0503681004047393,0.3229572772979736,0.0335686132311821,52.610107421875,94.7674560546875,-20.63255310058594
40875,0.1067657470703125,0.9766845703125,0.20587158203125,-0.058133877813816,0.3152191936969757,0.0365835763514041,52.61885070800781,94.63304138183594,-20.38636779785156
40876,0.099212646484375,0.98004150390625,0.2007293701171875,-0.0600841082632541,0.3031420409679413,0.0350008606910705,52.71356201171875,94.728515625,-20.33078002929688
40877,0.0925750732421875,0.980499267578125,0.2024078369140625,-0.0594697184860706,0.2930121719837189,0.0353779643774032,52.71871948242188,94.61656188964844,-20.45382690429688
40878,0.08514404296875,0.9786224365234376,0.2086639404296875,-0.0596082024276256,0.2841640710830688,0.0347838141024112,52.72895812988281,94.5395965576172,-20.43907165527344
40879,0.0796661376953125,0.9728240966796876,0.2122344970703125,-0.0696959868073463,0.2819810807704926,0.0267202947288751,52.82173156738281,94.7798309326172,-20.227294921875
40880,0.0796661376953125,0.9728240966796876,0.2122344970703125,-0.0696959868073463,0.2819810807704926,0.0267202947288751,52.82173156738281,94.7798309326172,-20.227294921875
40881,0.075347900390625,0.9693450927734376,0.2064056396484375,-0.0653036385774612,0.2852634191513062,0.0247554145753383,52.83772277832031,94.7815399169922,-20.25262451171875
40882,0.07244873046875,0.96453857421875,0.1981353759765625,-0.0689186155796051,0.2723265886306763,0.0238009374588728,52.91552734375,94.6581573486328,-20.27816772460938
40883,0.07489013671875,0.9616241455078124,0.1964874267578125,-0.0689186155796051,0.2723265886306763,0.0238009374588728,53.12178039550781,94.68167114257812,-20.25166320800781
40884,0.0754852294921875,0.9673004150390624,0.1976165771484375,-0.0671468153595924,0.2661440670490265,0.0226051770150661,53.12977600097656,94.6585693359375,-19.99418640136719
40885,0.080413818359375,0.971466064453125,0.2008514404296875,-0.0691305994987487,0.2663659155368805,0.0276880860328674,53.12857055664062,94.63874816894533,-20.07102966308594
40886,0.083770751953125,0.9727935791015624,0.2031402587890625,-0.0598638653755188,0.2771903276443481,0.0318471454083919,53.16763305664062,94.57171630859376,-20.19931030273438
40887,0.0852813720703125,0.9843902587890624,0.20343017578125,-0.0530280657112598,0.2662380635738373,0.0354141816496849,53.29837036132812,94.60255432128906,-20.15386962890625
40888,0.0852813720703125,0.9843902587890624,0.20343017578125,-0.0530280657112598,0.2662380635738373,0.0354141816496849,53.29837036132812,94.60255432128906,-20.15386962890625
40889,0.0849609375,0.9829254150390624,0.2033233642578125,-0.0530280657112598,0.2662380635738373,0.0354141816496849,53.29202270507812,94.5989990234375,-20.15840148925781
40890,0.0838470458984375,0.9854583740234376,0.20159912109375,-0.0482647344470024,0.2495469748973846,0.0293014291673898,53.32183837890625,94.58914184570312,-19.99746704101562
40891,0.089691162109375,0.977935791015625,0.203643798828125,-0.0379282087087631,0.2097436487674713,0.0290329828858375,53.43148803710938,94.73274230957033,-19.96319580078125
40892,0.089691162109375,0.977935791015625,0.203643798828125,-0.0379282087087631,0.2097436487674713,0.0290329828858375,53.43148803710938,94.73274230957033,-19.96319580078125
40893,0.0922393798828125,0.9766845703125,0.2073211669921875,-0.0362091362476348,0.1937156766653061,0.0289197992533445,53.5042724609375,94.76316833496094,-20.0357666015625
40894,0.0943603515625,0.9724884033203124,0.210540771484375,-0.0446785204112529,0.1826803386211395,0.0252398420125246,53.63279724121094,94.63632202148438,-19.86074829101562
40895,0.0962677001953125,0.9695587158203124,0.2102813720703125,-0.0585679709911346,0.159130796790123,0.0209987591952085,53.61677551269531,94.71975708007812,-19.70692443847656
40896,0.095916748046875,0.9715728759765624,0.21173095703125,-0.0628543272614479,0.1528960764408112,0.0178282652050256,53.54460144042969,94.82382202148438,-19.75881958007812
40897,0.0922698974609375,0.96856689453125,0.20794677734375,-0.0628543272614479,0.1528960764408112,0.0178282652050256,53.61314392089844,94.78707885742188,-19.80194091796875
40898,0.088958740234375,0.9698944091796876,0.20391845703125,-0.0700219646096229,0.133857935667038,0.0095218662172555,53.57145690917969,94.86776733398438,-19.75225830078125
40899,0.0821380615234375,0.9736328125,0.1942901611328125,-0.0786764323711395,0.0925781354308128,-0.0077740335837006,53.58905029296875,94.75674438476562,-19.72569274902344
40900,0.0821380615234375,0.9736328125,0.1942901611328125,-0.0786764323711395,0.0925781354308128,-0.0077740335837006,53.58905029296875,94.75674438476562,-19.72569274902344
40901,0.0802764892578125,0.9759674072265624,0.197509765625,-0.0777613744139671,0.075197547674179,-0.008134625852108,53.63671875,94.83064270019533,-19.71363830566406
40902,0.079193115234375,0.97320556640625,0.19989013671875,-0.0701250284910202,0.054520234465599,-0.005962018854916,53.60118103027344,94.96232604980467,-19.75341796875
40903,0.0762939453125,0.972564697265625,0.2093963623046875,-0.0632458180189132,0.0337451808154583,0.004931641742587,53.66389465332031,94.87858581542967,-19.50082397460938
40904,0.070404052734375,0.9703369140625,0.212005615234375,-0.0605379119515419,0.0338322669267654,0.0113687682896852,53.73211669921875,94.86898803710938,-19.46241760253906
40905,0.067291259765625,0.968109130859375,0.214630126953125,-0.0605379119515419,0.0338322669267654,0.0113687682896852,53.66389465332031,94.94320678710938,-19.551513671875
40906,0.0646820068359375,0.9672698974609376,0.2135467529296875,-0.0560885705053806,0.0375154167413711,0.0186178926378488,53.67633056640625,94.90879821777344,-19.50547790527344
40907,0.059600830078125,0.967742919921875,0.20928955078125,-0.0501827411353588,0.0385324768722057,0.0323446244001388,53.67901611328125,94.9547119140625,-19.43948364257812
40908,0.058624267578125,0.970733642578125,0.2102508544921875,-0.0445400364696979,0.0392760336399078,0.0350796915590763,53.76103210449219,94.97946166992188,-19.43551635742188
40909,0.058624267578125,0.970733642578125,0.2102508544921875,-0.0445400364696979,0.0392760336399078,0.0350796915590763,53.76103210449219,94.97946166992188,-19.43551635742188
40910,0.056365966796875,0.9786834716796876,0.2125396728515625,-0.0419897958636283,0.0394880212843418,0.0387415364384651,53.83106994628906,94.99636840820312,-19.45341491699219
40911,0.0554962158203125,0.9805908203125,0.2095489501953125,-0.0430811569094657,0.0222658906131982,0.034723624587059,53.85276794433594,94.91549682617188,-19.53457641601562
40912,0.0554962158203125,0.9805908203125,0.2095489501953125,-0.0430811569094657,0.0222658906131982,0.034723624587059,53.85276794433594,94.91549682617188,-19.53457641601562
40913,0.057708740234375,0.981292724609375,0.20819091796875,-0.0411093533039093,0.0051372377201914,0.0312684401869773,53.87020874023438,94.98646545410156,-19.51789855957031
40914,0.0617218017578125,0.9763336181640624,0.2081146240234375,-0.041262749582529,-0.0032887374982237,0.0245357025414705,53.83290100097656,94.85856628417967,-19.44480895996094
40915,0.06707763671875,0.97271728515625,0.209259033203125,-0.041098166257143,-0.0165182556957006,0.0166157279163599,53.91970825195312,94.95518493652344,-19.47055053710938
40916,0.06707763671875,0.97271728515625,0.209259033203125,-0.041098166257143,-0.0165182556957006,0.0166157279163599,53.91970825195312,94.95518493652344,-19.47055053710938
40917,0.068023681640625,0.9721832275390624,0.2090911865234375,-0.0423266850411891,-0.0149011854082346,0.0174311883747577,53.92201232910156,94.97898864746094,-19.33277893066406
40918,0.0667572021484375,0.9764556884765624,0.208740234375,-0.0327696651220321,-0.025564482435584,0.021868547424674,53.91555786132812,94.93177795410156,-19.33821105957031
40919,0.057403564453125,0.9871368408203124,0.212158203125,-0.0177052281796932,-0.0145057057961821,0.0248558148741722,54.05287170410156,94.92416381835938,-19.27302551269531
40920,0.057403564453125,0.9871368408203124,0.212158203125,-0.0177052281796932,-0.0145057057961821,0.0248558148741722,54.05287170410156,94.92416381835938,-19.27302551269531
40921,0.049407958984375,0.9875946044921876,0.2147674560546875,-0.0089801792055368,0.0017233315156772,0.0217830594629049,54.05691528320312,94.82423400878906,-19.30873107910156
40922,0.0402984619140625,0.9932708740234376,0.215423583984375,0.0143911894410848,0.0210219286382198,0.0169523525983095,54.02761840820312,94.87586975097656,-19.20849609375
40923,0.03533935546875,0.9967803955078124,0.2172698974609375,0.0143911894410848,0.0210219286382198,0.0169523525983095,53.9884033203125,94.96336364746094,-19.11085510253906
40924,0.03167724609375,0.9962005615234376,0.212615966796875,0.0254835225641727,0.027191674336791,0.0140945138409733,53.98207092285156,94.96011352539062,-19.03636169433594
40925,0.0305938720703125,0.994873046875,0.208282470703125,0.0302969198673963,0.016790697351098,0.0102350609377026,53.94915771484375,94.94100952148438,-19.05889892578125
40926,0.0325927734375,0.9940643310546876,0.203338623046875,0.0362184569239616,0.007055246271193,0.0055947685614228,53.91487121582031,94.98489379882812,-19.24566650390625
40927,0.038360595703125,0.9870758056640624,0.2025604248046875,0.0375220738351345,-0.0016871124971657,-0.0022511701099574,54.03474426269531,95.03825378417967,-19.12191772460938
40928,0.0474090576171875,0.977325439453125,0.2039642333984375,0.0401154607534408,-0.0082667181268334,-0.0039822249673306,53.97055053710938,94.90675354003906,-19.04377746582031
40929,0.055511474609375,0.9694671630859376,0.2085418701171875,0.0332551598548889,-0.0160061307251453,-0.0117488009855151,54.02085876464844,95.04264831542967,-19.0589599609375
40930,0.064422607421875,0.967529296875,0.212493896484375,0.0332551598548889,-0.0160061307251453,-0.0117488009855151,53.91485595703125,95.0057373046875,-19.2113037109375
40931,0.06744384765625,0.9720001220703124,0.2082366943359375,0.0340631604194641,0.0113485278561711,-0.0196831580251455,53.938720703125,95.1750030517578,-19.03814697265625
40932,0.06744384765625,0.9720001220703124,0.2082366943359375,0.0340631604194641,0.0113485278561711,-0.0196831580251455,53.938720703125,95.1750030517578,-19.03814697265625
40933,0.0623779296875,0.9782562255859376,0.2047271728515625,0.0487576872110366,0.0409690029919147,-0.0206232536584138,53.90629577636719,95.1635284423828,-18.99797058105469
40934,0.053192138671875,0.9837646484375,0.2057952880859375,0.0702525898814201,0.0786964073777198,-0.0182935204356908,53.82534790039062,95.1230010986328,-19.049072265625
40935,0.0404815673828125,0.986175537109375,0.20721435546875,0.0907829031348228,0.1302024722099304,-0.0137448403984308,53.94261169433594,95.12663269042967,-19.21696472167969
40936,0.0404815673828125,0.986175537109375,0.20721435546875,0.0907829031348228,0.1302024722099304,-0.0137448403984308,53.94261169433594,95.12663269042967,-19.21696472167969
40937,0.0136260986328125,0.9809112548828124,0.2102203369140625,0.1258644610643387,0.1852521449327469,-0.0092848446220159,54.02091979980469,95.05140686035156,-19.35563659667969
40938,0.003631591796875,0.9758453369140624,0.2100677490234375,0.1291798204183578,0.1888916194438934,-0.0128372348845005,53.92250061035156,95.13790893554688,-19.4439697265625
40939,0.009521484375,0.9676513671875,0.198944091796875,0.1238827928900719,0.1692521423101425,-0.0183577015995979,53.98324584960938,95.15371704101562,-19.43220520019531
40940,0.009521484375,0.9676513671875,0.198944091796875,0.1238827928900719,0.1692521423101425,-0.0183577015995979,53.98324584960938,95.15371704101562,-19.43220520019531
40941,0.02093505859375,0.964447021484375,0.19403076171875,0.1182504743337631,0.1636011749505997,-0.0151051832363009,53.98085021972656,95.09959411621094,-19.57762145996094
40942,0.032440185546875,0.963165283203125,0.19061279296875,0.110469788312912,0.1706055551767349,-0.0052530854009091,53.99066162109375,95.02072143554688,-19.70675659179688
40943,0.051025390625,0.9749755859375,0.1879119873046875,0.1178664490580559,0.2254853248596191,0.005977464839816,54.03030395507812,95.03614807128906,-19.74873352050781
40944,0.051025390625,0.9749755859375,0.1879119873046875,0.1178664490580559,0.2254853248596191,0.005977464839816,54.03030395507812,95.03614807128906,-19.74873352050781
40945,0.0529632568359375,0.97998046875,0.1871490478515625,0.1377293765544891,0.2750861644744873,0.0100172143429517,54.12577819824219,95.07878112792967,-19.89921569824219
40946,0.0480499267578125,0.985809326171875,0.188232421875,0.1609353572130203,0.3293035924434662,0.0144061036407947,54.15538024902344,95.19685363769533,-19.98417663574219
40947,0.0240325927734375,0.9965667724609376,0.18853759765625,0.1882482022047043,0.4109334647655487,0.0178378522396087,54.28236389160156,95.1250457763672,-20.24775695800781
40948,0.0240325927734375,0.9965667724609376,0.18853759765625,0.1882482022047043,0.4109334647655487,0.0178378522396087,54.28236389160156,95.1250457763672,-20.24775695800781
40949,0.01190185546875,0.994110107421875,0.1863861083984375,0.1903387904167175,0.437016487121582,0.0195923428982496,54.21368408203125,95.08316040039062,-20.231201171875
40950,0.0077667236328125,0.9962005615234376,0.182708740234375,0.1837818175554276,0.4334267973899841,0.0212195347994566,54.27871704101562,95.16096496582033,-20.24639892578125
40951,0.0088653564453125,0.983978271484375,0.1806640625,0.1695533394813538,0.363796591758728,0.0083870934322476,54.33293151855469,94.9824676513672,-20.34800720214844
40952,0.0088653564453125,0.983978271484375,0.1806640625,0.1695533394813538,0.363796591758728,0.0083870934322476,54.33293151855469,94.9824676513672,-20.34800720214844
40953,0.0245513916015625,0.9855194091796876,0.1790313720703125,0.1695533394813538,0.363796591758728,0.0083870934322476,54.34768676757812,95.01547241210938,-20.52629089355469
40954,0.048553466796875,0.98736572265625,0.1775970458984375,0.1720324754714966,0.3408278822898865,0.0047793090343475,54.380126953125,95.056884765625,-20.71728515625
40955,0.088409423828125,1.000244140625,0.1809234619140625,0.1837426722049713,0.2857465445995331,-0.0174490306526422,54.46337890625,95.02717590332033,-20.95365905761719
40956,0.088409423828125,1.000244140625,0.1809234619140625,0.1837426722049713,0.2857465445995331,-0.0174490306526422,54.46337890625,95.02717590332033,-20.95365905761719
40957,0.1065673828125,1.007232666015625,0.185577392578125,0.1961266398429871,0.275076299905777,-0.0236131846904754,54.57624816894531,94.8958740234375,-20.94439697265625
40958,0.1294097900390625,1.021881103515625,0.175811767578125,0.2097066193819046,0.2491397857666016,-0.0450678765773773,54.59898376464844,95.00428771972656,-20.94227600097656
40959,0.154693603515625,1.01666259765625,0.1854400634765625,0.2193936109542847,0.1558162271976471,-0.0778793543577194,54.51962280273438,94.95425415039062,-21.16139221191406
40960,0.154693603515625,1.01666259765625,0.1854400634765625,0.2193936109542847,0.1558162271976471,-0.0778793543577194,54.51962280273438,94.95425415039062,-21.16139221191406
40961,0.144989013671875,1.00286865234375,0.1869964599609375,0.2193936109542847,0.1558162271976471,-0.0778793543577194,54.53659057617188,95.02719116210938,-21.20228576660156
40962,0.1377716064453125,0.999053955078125,0.18389892578125,0.2073201686143875,0.1161902546882629,-0.0747261717915535,54.5166015625,94.97897338867188,-21.40713500976562
40963,0.1287994384765625,0.9830169677734376,0.1888580322265625,0.1976915001869202,0.0741495937108993,-0.0762521624565124,54.51741027832031,94.89602661132812,-21.576416015625
40964,0.1173858642578125,0.9672088623046876,0.17962646484375,0.1922091245651245,0.0072025191038846,-0.0768250077962875,54.45262145996094,94.91131591796876,-21.53375244140625
40965,0.1080169677734375,0.9647064208984376,0.1920928955078125,0.1883094608783722,-0.0514179170131683,-0.0820685029029846,54.49252319335938,94.95040893554688,-21.68232727050781
40966,0.1044769287109375,0.96649169921875,0.2060394287109375,0.1778605431318283,-0.0783041268587112,-0.0887959152460098,54.47254943847656,94.85205078125,-21.79560852050781
40967,0.0553436279296875,0.983123779296875,0.1932220458984375,0.1903747320175171,-0.0816714242100715,-0.0568638145923614,54.37553405761719,94.80010986328124,-21.90060424804688
40968,0.0553436279296875,0.983123779296875,0.1932220458984375,0.1903747320175171,-0.0816714242100715,-0.0568638145923614,54.37553405761719,94.80010986328124,-21.90060424804688
40969,0.0791778564453125,0.990447998046875,0.2070159912109375,0.1425478309392929,-0.1033040210604668,-0.0398305021226406,54.28459167480469,94.794921875,-21.90800476074219
40970,0.1099700927734375,1.016891479492188,0.262786865234375,0.1162523105740547,-0.0837481617927551,0.0139762694016099,54.16262817382812,94.76564025878906,-21.91441345214844
40971,0.12286376953125,1.016372680664062,0.2385711669921875,-0.2460316121578217,-0.0817135050892829,0.4481711387634277,54.12289428710938,94.92428588867188,-22.80621337890625
40972,0.12286376953125,1.016372680664062,0.2385711669921875,-0.2460316121578217,-0.0817135050892829,0.4481711387634277,54.12289428710938,94.92428588867188,-22.80621337890625
40973,0.117279052734375,1.249649047851562,0.1761627197265625,-0.2460316121578217,-0.0817135050892829,0.4481711387634277,54.10133361816406,94.88943481445312,-22.79316711425781
40974,0.1514739990234375,1.320175170898438,0.1114959716796875,-0.6701173782348633,-0.1731640547513962,0.8399322628974915,54.33006286621094,94.87028503417967,-22.88587951660156
40975,0.0370330810546875,0.9435882568359376,0.181640625,-0.9306927919387816,-0.504938542842865,1.00739848613739,54.93548583984375,94.8435516357422,-22.37739562988281
40976,0.0370330810546875,0.9435882568359376,0.181640625,-0.9306927919387816,-0.504938542842865,1.00739848613739,54.93548583984375,94.8435516357422,-22.37739562988281
40977,-0.0030364990234375,0.58489990234375,0.1702880859375,-0.7942547798156738,-0.5621266961097717,0.2062615603208542,55.29472351074219,94.97341918945312,-21.99519348144531
40978,0.056396484375,0.4621429443359375,0.232696533203125,-0.7942547798156738,-0.5621266961097717,0.2062615603208542,55.75497436523438,94.99880981445312,-21.37437438964844
40979,0.2278594970703125,0.631927490234375,0.24072265625,0.1018267646431923,-0.4865345060825348,-0.319828063249588,56.05996704101562,95.14833068847656,-20.74008178710938
40980,0.2278594970703125,0.631927490234375,0.24072265625,0.1018267646431923,-0.4865345060825348,-0.319828063249588,56.05996704101562,95.14833068847656,-20.74008178710938
40981,0.2535247802734375,0.8143310546875,0.2930755615234375,0.286356121301651,-0.6574247479438782,-0.2453458458185196,55.9444580078125,95.08021545410156,-20.70123291015625
40982,0.2526397705078125,0.87457275390625,0.36981201171875,0.2602270543575287,-0.6715307235717773,-0.1937380433082581,55.77383422851562,95.07455444335938,-20.66415405273438
40983,0.1658477783203125,0.9667816162109376,0.2047271728515625,-0.5400027632713318,-0.4145132899284363,-0.0504732951521873,55.42207336425781,94.93815612792967,-20.92767333984375
40984,0.1658477783203125,0.9667816162109376,0.2047271728515625,-0.5400027632713318,-0.4145132899284363,-0.0504732951521873,55.42207336425781,94.93815612792967,-20.92767333984375
40985,0.10797119140625,0.9615325927734376,0.1427154541015625,-0.5400027632713318,-0.4145132899284363,-0.0504732951521873,55.29627990722656,95.02308654785156,-21.09632873535156
40986,0.046417236328125,0.9693450927734376,0.1357421875,-0.682697594165802,-0.2083177864551544,-0.0215649474412202,55.273681640625,94.9779052734375,-20.92680358886719
40987,0.0239105224609375,0.9659423828125,0.114654541015625,-0.1965010762214661,-0.5779344439506531,0.1824720799922943,55.22467041015625,95.0858917236328,-20.62210083007812
40988,-0.090301513671875,0.98406982421875,0.0279083251953125,-0.1965010762214661,-0.5779344439506531,0.1824720799922943,55.20361328125,95.1824951171875,-20.296142578125
40989,-0.0557708740234375,1.250473022460938,0.0946044921875,0.0870414227247238,-1.001977920532227,0.2977057099342346,55.20730590820312,95.2463836669922,-20.16436767578125
40990,-0.0509796142578125,1.331161499023438,0.1028900146484375,0.2187754809856415,-1.118535161018372,0.4803772568702698,55.32525634765625,95.16607666015624,-20.03018188476562
40991,0.0128936767578125,1.189132690429688,0.0493927001953125,0.3671082258224487,-0.1306320428848267,0.1167268827557564,55.48136901855469,94.9674072265625,-20.17596435546875
40992,0.0128936767578125,1.189132690429688,0.0493927001953125,0.3671082258224487,-0.1306320428848267,0.1167268827557564,55.48136901855469,94.9674072265625,-20.17596435546875
40993,0.0648193359375,0.8761749267578125,0.18328857421875,0.3671082258224487,-0.1306320428848267,0.1167268827557564,55.67701721191406,94.85401916503906,-20.13995361328125
40994,-0.02557373046875,0.6570892333984375,-0.0146484375,0.3945909738540649,-0.0009954896522685,-0.3098366856575012,55.82896423339844,94.94607543945312,-20.31068420410156
40995,0.12103271484375,0.75909423828125,-0.076080322265625,-0.8625320792198181,-0.0594236440956592,0.2270943969488144,55.84994506835938,95.03282165527344,-20.55166625976562
40996,0.12103271484375,0.75909423828125,-0.076080322265625,-0.8625320792198181,-0.0594236440956592,0.2270943969488144,55.84994506835938,95.03282165527344,-20.55166625976562
40997,0.308746337890625,1.06365966796875,0.0550689697265625,-0.8625320792198181,-0.0594236440956592,0.2270943969488144,55.79695129394531,95.00645446777344,-20.42527770996094
40998,0.38104248046875,1.25555419921875,0.310333251953125,-0.5106816291809082,-0.5492843985557556,0.2912121415138245,55.98246765136719,94.97686767578124,-19.89035034179688
40999,0.3953857421875,1.270278930664062,0.460052490234375,0.3472572863101959,-0.9869847893714904,0.2618198990821838,56.12673950195312,94.93000793457033,-19.42424011230469
41000,0.3953857421875,1.270278930664062,0.460052490234375,0.3472572863101959,-0.9869847893714904,0.2618198990821838,56.12673950195312,94.93000793457033,-19.42424011230469
41001,0.307342529296875,1.0994873046875,0.2866363525390625,0.3472572863101959,-0.9869847893714904,0.2618198990821838,56.28297424316406,95.00218200683594,-19.55917358398438
41002,0.2462005615234375,1.052947998046875,0.3076629638671875,-0.0274079218506813,-0.9977506399154664,0.3023654520511627,56.30191040039062,94.99264526367188,-19.73220825195312
41003,0.2286834716796875,0.92034912109375,0.4055938720703125,-0.3032083511352539,0.1286381334066391,0.3639231026172638,56.431884765625,94.97682189941406,-19.95571899414062
41004,0.2286834716796875,0.92034912109375,0.4055938720703125,-0.3032083511352539,0.1286381334066391,0.3639231026172638,56.431884765625,94.97682189941406,-19.95571899414062
41005,0.1688690185546875,0.8831329345703125,0.216094970703125,-0.3032083511352539,0.1286381334066391,0.3639231026172638,56.61155700683594,94.98287963867188,-19.76040649414062
41006,0.1361083984375,0.8785552978515625,0.3140411376953125,-0.1020278334617615,0.1281001716852188,0.3932106792926788,56.8101806640625,95.00180053710938,-19.63754272460938
41007,0.1793975830078125,0.9274444580078124,0.3988189697265625,0.1054422706365585,0.3975090086460114,0.445467472076416,56.92276000976562,95.04647827148438,-19.56181335449219
41008,0.1438446044921875,0.9448394775390624,0.34832763671875,0.2776334881782532,0.5933791995048523,0.4913598895072937,57.19474792480469,95.19874572753906,-19.72071838378906
41009,0.09185791015625,0.88385009765625,0.316070556640625,0.4207256436347961,0.5387228727340698,0.4759982228279114,57.38716125488281,95.11424255371094,-19.70657348632812
41010,0.0384979248046875,0.829071044921875,0.3674163818359375,0.5378296375274658,-0.0052972938865423,0.3469254672527313,57.63351440429688,94.98583984375,-19.69505310058594
41011,0.0199737548828125,0.835418701171875,0.2593231201171875,0.3700182735919952,-0.4421353340148926,0.0469531267881393,57.87336730957031,94.97865295410156,-19.97093200683594
41012,0.0120849609375,0.7601470947265625,0.020538330078125,0.3700182735919952,-0.4421353340148926,0.0469531267881393,57.93626403808594,95.01190185546876,-20.07130432128906
41013,0.031219482421875,0.8407440185546875,-0.10333251953125,0.44090735912323,-0.8461291193962097,-0.2240504026412964,58.00633239746094,95.02357482910156,-20.35484313964844
41014,0.16522216796875,1.017974853515625,0.1637420654296875,0.8565192222595215,-1.019402980804443,-0.4877166748046875,57.96665954589844,94.91154479980467,-20.53889465332031
41015,0.4018707275390625,1.084564208984375,0.3931427001953125,0.8776791095733643,0.5729242563247681,-0.8533647060394287,57.517822265625,94.62576293945312,-21.16105651855469
41016,0.4018707275390625,1.084564208984375,0.3931427001953125,0.8776791095733643,0.5729242563247681,-0.8533647060394287,57.517822265625,94.62576293945312,-21.16105651855469
41017,0.43548583984375,1.0068359375,0.2196197509765625,0.0705023929476738,0.7450725436210632,-0.6814579367637634,57.03079223632812,94.71810913085938,-21.75875854492188
41018,0.4757843017578125,0.98858642578125,0.2372589111328125,0.0705023929476738,0.7450725436210632,-0.6814579367637634,56.7249755859375,94.74957275390624,-22.16128540039062
41019,0.4446258544921875,1.044967651367188,0.3014068603515625,-0.0714368969202041,0.7215020060539246,-0.5416083931922913,56.31402587890625,94.74037170410156,-22.24504089355469
41020,0.35791015625,1.118728637695312,0.2583160400390625,-0.1074817180633545,0.7085958123207092,-0.4810838103294373,55.99819946289062,94.65769958496094,-22.25486755371094
41021,0.2642364501953125,1.16168212890625,0.175567626953125,-0.1796898692846298,0.4013383686542511,-0.759061336517334,55.85478210449219,94.69117736816406,-22.17329406738281
41022,0.22064208984375,1.219146728515625,0.104248046875,-0.1796898692846298,0.4013383686542511,-0.759061336517334,55.73257446289062,94.73487854003906,-22.13165283203125
41023,0.1826629638671875,1.245025634765625,0.0453338623046875,-0.1956448704004288,0.2241939604282379,-1.092090129852295,55.59109497070312,94.86293029785156,-22.10098266601562
41024,0.144012451171875,1.20947265625,0.065887451171875,-0.1138964742422104,0.0967491790652275,-1.540683627128601,55.223876953125,94.91642761230467,-22.13557434082031
41025,0.109893798828125,1.096267700195312,0.1468353271484375,0.0932527184486389,0.1242878660559654,-1.99666154384613,54.60269165039062,94.80218505859376,-22.09408569335938
41026,0.1236724853515625,0.988555908203125,0.1072540283203125,0.3442793488502502,0.2280627340078354,-2.382350206375122,53.81448364257812,94.78303527832033,-22.057861328125
41027,0.240753173828125,1.091751098632812,-0.0794219970703125,0.6618053913116455,-1.309165716171265,-3.085683107376099,51.67019653320312,94.64073181152344,-22.48014831542969
41028,0.240753173828125,1.091751098632812,-0.0794219970703125,0.6618053913116455,-1.309165716171265,-3.085683107376099,51.67019653320312,94.64073181152344,-22.48014831542969
41029,0.144989013671875,1.22283935546875,0.1827850341796875,0.6978070735931396,-1.382654905319214,-3.402966022491455,50.32994079589844,94.60989379882812,-22.7010498046875
41030,0.017791748046875,1.229049682617188,0.1250457763671875,0.5226602554321289,-1.186766386032104,-3.587773323059082,48.76010131835938,94.386962890625,-23.07754516601562
41031,-0.052093505859375,1.123123168945312,0.1535491943359375,0.1647833585739136,-0.8478274345397949,-3.798084735870361,45.31101989746094,93.88713073730467,-23.63336181640625
41032,-0.052093505859375,1.123123168945312,0.1535491943359375,0.1647833585739136,-0.8478274345397949,-3.798084735870361,45.31101989746094,93.88713073730467,-23.63336181640625
41033,-0.158599853515625,1.03521728515625,0.1400299072265625,0.2646987736225128,-0.6109717488288879,-3.83656120300293,43.34416198730469,93.64170837402344,-23.74630737304688
41034,-0.2919158935546875,0.9397125244140624,0.0998992919921875,1.309575080871582,-0.593543529510498,-3.516303300857544,41.46807861328125,93.24891662597656,-23.78495788574219
41035,-0.3515167236328125,0.9203033447265624,0.1760711669921875,1.309575080871582,-0.593543529510498,-3.516303300857544,39.67959594726562,92.85647583007812,-23.88948059082031
41036,-0.3515167236328125,0.9203033447265624,0.1760711669921875,1.309575080871582,-0.593543529510498,-3.516303300857544,39.67959594726562,92.85647583007812,-23.88948059082031
41037,-0.3221282958984375,1.021514892578125,0.33526611328125,1.970176458358765,-0.2636247277259827,-3.250092506408691,36.31005859375,91.43898010253906,-24.34071350097656
41038,-0.18475341796875,1.10614013671875,0.2737274169921875,1.722134709358215,-0.8058009147644043,-3.517840623855591,34.84716796875,90.64398193359376,-24.939697265625
41039,-0.1889495849609375,1.1417236328125,0.131744384765625,1.538196563720703,-0.6995362639427185,-3.590873241424561,33.43580627441406,89.81051635742188,-25.54856872558594
41040,-0.3009490966796875,1.040985107421875,0.2956085205078125,1.538196563720703,-0.6995362639427185,-3.590873241424561,31.95904541015625,88.83480834960938,-26.22677612304688
41041,-0.4179534912109375,1.032669067382812,0.3050994873046875,1.581507802009583,0.0058421762660145,-3.54840874671936,30.39480590820312,87.80574035644531,-26.99238586425781
41042,-0.573150634765625,1.077285766601562,0.2032928466796875,1.77981960773468,0.7896277904510498,-3.501278877258301,28.8634033203125,86.82020568847656,-27.66082763671875
41043,-0.6885528564453125,1.13201904296875,-0.0587005615234375,1.680972099304199,1.09422492980957,-3.364543437957764,27.49562072753906,85.80088806152344,-28.46542358398438
41044,-0.610687255859375,1.188400268554688,-0.2503814697265625,1.384442925453186,0.7421771883964539,-3.229554653167725,26.26364135742188,84.64921569824219,-29.37187194824219
41045,-0.50653076171875,1.124038696289062,-0.2122344970703125,0.7904464602470398,0.0620990581810474,-2.697303056716919,25.12705993652344,83.47811889648438,-30.17420959472656
41046,-0.48309326171875,1.015228271484375,-0.0113372802734375,0.7904464602470398,0.0620990581810474,-2.697303056716919,24.08816528320312,82.30490112304688,-30.7655029296875
41047,-0.4341278076171875,0.83599853515625,-0.053436279296875,0.283698558807373,0.0900252312421798,-2.158384561538696,22.29347229003906,80.27194213867188,-31.56781005859375
41048,-0.4341278076171875,0.83599853515625,-0.053436279296875,0.283698558807373,0.0900252312421798,-2.158384561538696,22.29347229003906,80.27194213867188,-31.56781005859375
41049,-0.5135040283203125,0.9152374267578124,-0.1436920166015625,0.0278398860245943,-0.0011206581257283,-1.981030702590942,21.470703125,79.42167663574219,-31.94732666015625
41050,-0.538787841796875,0.9523162841796876,-0.3171234130859375,-0.3119650781154633,-0.2381592988967896,-1.833364248275757,20.74629211425781,78.62298583984375,-32.10916137695312
41051,-0.3245086669921875,1.148910522460938,-1.144317626953125,-1.435872554779053,-2.399975061416626,-0.7134960293769836,19.53048706054688,77.39472961425781,-31.89004516601562
41052,-0.3245086669921875,1.148910522460938,-1.144317626953125,-1.435872554779053,-2.399975061416626,-0.7134960293769836,19.53048706054688,77.39472961425781,-31.89004516601562
41053,-0.25909423828125,1.2099609375,-0.4107208251953125,-1.873958110809326,-4.007744789123535,0.0221870616078376,19.00550842285156,77.18692016601562,-31.57188415527344
41054,-0.671142578125,0.93743896484375,0.6496429443359375,-1.997463464736938,-2.710511445999146,0.0879873782396316,18.37579345703125,77.097900390625,-30.39862060546875
41055,-0.65777587890625,0.9993896484375,0.07330322265625,-1.529782056808472,-0.9484390020370485,-0.6369239687919617,17.41792297363281,77.40803527832031,-27.4234619140625
41056,-0.65777587890625,0.9993896484375,0.07330322265625,-1.529782056808472,-0.9484390020370485,-0.6369239687919617,17.41792297363281,77.40803527832031,-27.4234619140625
41057,-0.61181640625,0.9616546630859376,0.144073486328125,-1.818795680999756,-0.8303321003913879,-0.4026121497154236,17.18292236328125,77.64385986328125,-26.45297241210938
41058,-0.5818634033203125,0.8625640869140625,-0.0518341064453125,-1.895834565162659,-1.20084011554718,0.1104154586791992,16.88493347167969,77.63017272949219,-25.51470947265625
41059,-0.646453857421875,0.832489013671875,-0.223602294921875,-1.586944103240967,-1.935460329055786,0.5972293019294739,16.6336669921875,77.69271850585938,-24.63436889648438
41060,-0.646453857421875,0.832489013671875,-0.223602294921875,-1.586944103240967,-1.935460329055786,0.5972293019294739,16.6336669921875,77.69271850585938,-24.63436889648438
41061,-0.6826324462890625,0.7419891357421875,-0.17962646484375,-0.5337121486663818,-2.816259384155273,1.623053669929504,16.6680908203125,78.07659912109375,-22.64532470703125
41062,-0.7275848388671875,0.699981689453125,-0.1260223388671875,-0.5337121486663818,-2.816259384155273,1.623053669929504,16.72659301757812,78.54826354980469,-21.45707702636719
41063,-0.77581787109375,0.6474151611328125,-0.0209197998046875,-0.2770707607269287,-3.195358276367188,1.654715180397034,16.99781799316406,79.02738952636719,-20.34757995605469
41064,-0.733978271484375,0.5980224609375,0.244720458984375,-0.1400899887084961,-3.142641067504883,1.542478680610657,17.34175109863281,79.64271545410156,-19.28468322753906
41065,-0.75238037109375,0.6122283935546875,0.3611602783203125,-0.1400899887084961,-3.142641067504883,1.542478680610657,17.72193908691406,80.14564514160156,-18.18023681640625
41066,-1.121078491210938,0.777099609375,-0.333465576171875,0.4295825362205505,-4.073964595794678,1.022133231163025,18.17086791992188,80.58029174804688,-16.98092651367188
41067,-1.3193359375,0.7904510498046875,0.87139892578125,0.4849075675010681,-0.9393262267112732,-1.712689518928528,18.79322814941406,81.59632873535156,-14.93385314941406
41068,-1.3193359375,0.7904510498046875,0.87139892578125,0.4849075675010681,-0.9393262267112732,-1.712689518928528,18.79322814941406,81.59632873535156,-14.93385314941406
41069,-1.3714599609375,0.6478729248046875,0.55621337890625,0.4849075675010681,-0.9393262267112732,-1.712689518928528,18.87434387207031,81.57560729980469,-13.90696716308594
41070,-1.355819702148438,0.5684814453125,0.2212371826171875,0.4416599571704865,-1.653662443161011,-3.060245513916016,18.66438293457031,81.331787109375,-13.197998046875
41071,-1.335174560546875,0.5097198486328125,0.181121826171875,0.4416599571704865,-1.653662443161011,-3.060245513916016,18.16487121582031,80.72584533691406,-12.24807739257812
41072,-1.278457641601562,0.47845458984375,0.3369140625,0.1959029287099838,-2.106781244277954,-3.740741968154907,17.54145812988281,79.96304321289062,-11.9110107421875
41073,-1.18963623046875,0.42608642578125,0.4893951416015625,-0.0566132105886936,-2.158460855484009,-4.478270530700684,16.74130249023438,79.09567260742188,-11.56573486328125
41074,-1.088836669921875,0.3679962158203125,0.545379638671875,-0.24015773832798,-2.137821435928345,-5.260767936706543,15.75830078125,77.71781921386719,-10.97247314453125
41075,-1.01385498046875,0.3454437255859375,0.5605316162109375,-0.4104847311973572,-2.192383527755737,-5.981038093566895,14.56974792480469,76.08950805664062,-10.11683654785156
41076,-0.911651611328125,0.3770751953125,0.599273681640625,-0.8955067992210388,-2.478191137313843,-7.378767013549805,13.30612182617188,74.25730895996094,-9.273590087890623
41077,-0.71612548828125,0.3715667724609375,0.6713714599609375,-1.222651958465576,-2.645610332489014,-8.210837364196777,11.92002868652344,71.93473815917969,-8.20001220703125
41078,-0.4090576171875,0.349609375,0.7180633544921875,-1.222651958465576,-2.645610332489014,-8.210837364196777,10.57624816894531,69.28913879394531,-7.112350463867188
41079,0.12359619140625,0.0418701171875,0.5954132080078125,-1.965558528900146,-3.535919904708862,-9.599190711975098,8.073883056640625,62.59652709960938,-4.410629272460938
41080,0.12359619140625,0.0418701171875,0.5954132080078125,-1.965558528900146,-3.535919904708862,-9.599190711975098,8.073883056640625,62.59652709960938,-4.410629272460938
41081,0.30059814453125,-0.1060028076171875,0.6053924560546875,-2.367633819580078,-4.038394451141357,-9.801462173461914,7.153060913085938,58.59672546386719,-3.061630249023438
41082,0.4053192138671875,-0.25091552734375,0.594818115234375,-2.722870588302612,-4.348456382751465,-9.552379608154297,6.68524169921875,54.05473327636719,-1.383270263671875
41083,0.505615234375,-0.2621002197265625,0.51776123046875,-3.07678484916687,-4.423871994018555,-9.24256420135498,6.862106323242188,49.14772033691406,0.5271759033203125
41084,0.5922393798828125,-0.15252685546875,0.35028076171875,-3.64495062828064,-4.902166843414307,-8.833833694458008,7.426376342773438,44.2315673828125,2.497695922851562
41085,0.647064208984375,-0.0828399658203125,0.065399169921875,-4.013498306274414,-5.921955585479736,-8.622655868530273,8.61724853515625,39.49986267089844,4.3316650390625
41086,0.685272216796875,-0.144256591796875,-0.2194366455078125,-4.013498306274414,-5.921955585479736,-8.622655868530273,10.20423889160156,34.80784606933594,5.974029541015625
41087,0.703826904296875,-0.238372802734375,-0.2987823486328125,-4.597231864929199,-7.099351406097412,-8.338889122009277,12.37098693847656,30.30708312988281,7.50750732421875
41088,0.6220703125,-0.38226318359375,-0.06646728515625,-4.593262672424316,-6.872913360595703,-6.882671356201172,15.05485534667969,25.96922302246094,9.015472412109377
41089,0.2755584716796875,-0.8775177001953125,0.76263427734375,-4.593262672424316,-6.872913360595703,-6.882671356201172,21.94290161132812,18.14054870605469,11.520751953125
41090,0.091339111328125,-1.029251098632812,0.4882354736328125,-2.836761236190796,-5.129497528076172,-5.263374805450439,25.71067810058594,14.88829040527344,12.30963134765625
41091,0.18798828125,-0.7647857666015625,0.0973358154296875,-1.074614524841309,-4.679286003112793,-3.847359418869019,29.01577758789062,12.62345886230469,12.69686889648438
41092,0.256866455078125,-0.33441162109375,-0.1531829833984375,0.4193320274353027,-6.011132717132568,-2.917650938034058,31.80184936523438,11.07598876953125,13.05526733398438
41093,0.2152862548828125,-0.1497802734375,-0.0655059814453125,1.391920566558838,-7.983551979064941,-2.270315408706665,34.41139221191406,10.47584533691406,13.96705627441406
41094,0.0938262939453125,-0.2805938720703125,0.2276458740234375,2.072362422943115,-9.5449857711792,-1.6475750207901,37.23062133789062,10.3160400390625,15.44822692871094
41095,0.05072021484375,-0.4616241455078125,1.362197875976562,2.94538950920105,-9.870092391967772,-0.6843360066413879,43.75424194335938,11.09959411621094,19.10794067382812
41096,0.05072021484375,-0.4616241455078125,1.362197875976562,2.94538950920105,-9.870092391967772,-0.6843360066413879,43.75424194335938,11.09959411621094,19.10794067382812
41097,0.048004150390625,-0.3384552001953125,1.967269897460938,2.864779710769653,-7.221116542816162,-0.6262572407722473,47.06062316894531,11.9659423828125,20.79096984863281
41098,-0.045013427734375,-0.11553955078125,2.213150024414062,2.183556318283081,-3.833317995071411,-0.8043835759162903,50.0184326171875,12.88188171386719,22.08395385742188
41099,-0.0290679931640625,0.0906524658203125,1.649429321289062,-0.0643994957208633,1.203244924545288,-1.892123222351074,53.21701049804688,14.30641174316406,23.530029296875
41100,-0.0290679931640625,0.0906524658203125,1.649429321289062,-0.0643994957208633,1.203244924545288,-1.892123222351074,53.21701049804688,14.30641174316406,23.530029296875
41101,-0.0030059814453125,0.2161102294921875,1.477447509765625,-1.108136296272278,1.68393886089325,-2.712467670440674,53.74653625488281,14.43742370605469,23.87063598632812
41102,0.0981292724609375,0.2806854248046875,1.454498291015625,-1.67009174823761,1.305216550827026,-3.707145929336548,54.1778564453125,14.34077453613281,23.79795837402344
41103,0.17547607421875,0.239959716796875,1.600814819335938,-1.827599048614502,0.7700881958007812,-4.666277885437012,54.70918273925781,13.82174682617188,23.33404541015625
41104,0.2901153564453125,0.1658935546875,1.757659912109375,-1.778295755386353,0.6506770849227905,-5.279064655303955,55.70999145507812,13.34645080566406,22.76113891601562
41105,0.4268646240234375,0.1154632568359375,1.555511474609375,-1.694514036178589,0.4316147863864899,-5.70235538482666,57.01329040527344,12.80183410644531,22.34828186035156
41106,0.4721221923828125,-0.0515594482421875,1.19873046875,-1.809744715690613,-0.2761178612709045,-5.715877532958984,58.73118591308594,12.44459533691406,21.68356323242188
41107,0.43670654296875,-0.38153076171875,0.7349395751953125,-2.672696352005005,-2.044656276702881,-4.298588275909424,62.49920654296875,12.28561401367188,20.22988891601562
41108,0.37054443359375,-0.3951416015625,0.7152252197265625,-3.195863962173462,-2.209695100784302,-3.467132568359375,64.54518127441406,12.27281188964844,19.16423034667969
41109,0.37054443359375,-0.3951416015625,0.7152252197265625,-3.195863962173462,-2.209695100784302,-3.467132568359375,64.54518127441406,12.27281188964844,19.16423034667969
41110,0.2932281494140625,-0.399932861328125,0.9119110107421876,-3.398675441741943,-1.59468412399292,-2.827104806900024,66.40853881835938,11.95805358886719,18.01976013183594
41111,0.2457427978515625,-0.6962890625,1.531082153320312,-2.090880155563354,1.275007247924805,-2.031480073928833,69.1466064453125,11.04220581054688,15.244140625
41112,0.2457427978515625,-0.6962890625,1.531082153320312,-2.090880155563354,1.275007247924805,-2.031480073928833,69.1466064453125,11.04220581054688,15.244140625
41113,0.35772705078125,-0.7583770751953125,1.270523071289062,-0.5772505402565002,3.211710691452026,-1.705761313438416,69.85246276855469,10.75312805175781,14.32200622558594
41114,0.37969970703125,-0.4718017578125,0.5657958984375,0.5176543593406677,3.397531032562256,-1.774175763130188,69.88078308105469,10.73500061035156,14.25279235839844
41115,0.248931884765625,-0.3650054931640625,0.3729705810546875,1.870481848716736,1.209874868392944,-2.029406070709229,69.69532775878906,11.52236938476562,15.50909423828125
41116,0.248931884765625,-0.3650054931640625,0.3729705810546875,1.870481848716736,1.209874868392944,-2.029406070709229,69.69532775878906,11.52236938476562,15.50909423828125
41117,0.2215576171875,-0.4076690673828125,0.4644927978515625,2.037188529968262,0.1281153559684753,-1.978237628936768,69.74812316894531,12.34686279296875,16.31065368652344
41118,0.2157135009765625,-0.43365478515625,0.5827484130859375,1.815858006477356,-0.5069697499275208,-1.83896279335022,70.23115539550781,13.20402526855469,17.11703491210938
41119,0.24761962890625,-0.42315673828125,0.620361328125,1.310964226722717,-0.9257206320762634,-1.720003962516785,70.85343933105469,13.90985107421875,17.81077575683594
41120,0.2891845703125,-0.414642333984375,0.7301483154296875,0.8035289645195007,-1.148885011672974,-1.646241307258606,71.66734313964844,14.67715454101562,18.11431884765625
41121,0.3999786376953125,-0.4429473876953125,1.1165771484375,1.320186495780945,0.7950494289398193,-2.009334802627563,72.33929443359375,15.31033325195312,18.48445129394531
41122,0.6055755615234375,-0.448455810546875,1.423812866210938,1.320186495780945,0.7950494289398193,-2.009334802627563,72.97618103027344,15.89422607421875,18.68086242675781
41123,0.897308349609375,-0.497772216796875,1.403884887695312,1.658709406852722,2.246105670928955,-2.380159139633179,73.47628784179688,16.6009521484375,18.99153137207031
41124,0.9557037353515624,-0.52166748046875,1.0927734375,1.385400056838989,2.633893251419067,-2.107616901397705,73.57844543457031,17.42221069335938,19.64488220214844
41125,0.6444244384765625,-0.445343017578125,0.6318511962890625,1.385400056838989,2.633893251419067,-2.107616901397705,73.47251892089844,18.4244384765625,20.52981567382812
41126,0.52435302734375,-0.4327850341796875,0.679962158203125,1.146416783332825,2.208697080612183,-1.550369620323181,73.12767028808594,19.42576599121094,21.52250671386719
41127,0.5052642822265625,-0.4107818603515625,0.7736053466796875,0.9324887990951538,2.058465480804443,-0.8671897053718567,72.91400146484375,20.30229187011719,22.36672973632812
41128,0.508636474609375,-0.39166259765625,0.8350982666015625,0.7614965438842773,2.111143589019775,-0.1821314543485641,72.49517822265625,20.85098266601562,23.16175842285156
41129,0.5217132568359375,-0.4036712646484375,0.894561767578125,0.4299902617931366,2.071447134017944,0.4138067662715912,71.98310852050781,21.3048095703125,23.75982666015625
41130,0.41937255859375,-0.342742919921875,0.924591064453125,-0.2632971405982971,1.614290833473206,0.7659464478492737,71.34732055664062,21.44009399414062,24.34519958496094
41131,0.2617645263671875,-0.1837310791015625,1.082901000976562,-0.9611966013908386,1.256526231765747,0.8053947687149048,70.5262451171875,21.28997802734375,24.83583068847656
41132,0.150054931640625,-0.10955810546875,1.214035034179688,-1.320539116859436,1.180846452713013,0.6823490262031555,69.89387512207031,20.930419921875,24.91908264160156
41133,0.1376495361328125,-0.1140899658203125,1.2581787109375,-1.262492775917053,1.34356689453125,0.5589562058448792,69.21788024902344,20.46684265136719,24.88758850097656
41134,0.1543121337890625,-0.1209564208984375,1.193862915039062,-0.4112354815006256,1.722366690635681,0.6060041785240173,68.61541748046875,19.85676574707031,24.77005004882812
41135,0.143768310546875,-0.13323974609375,1.078506469726562,0.062834620475769,1.825328707695007,0.7549542188644409,68.03269958496094,19.41938781738281,24.692138671875
41136,0.143768310546875,-0.13323974609375,1.078506469726562,0.062834620475769,1.825328707695007,0.7549542188644409,68.03269958496094,19.41938781738281,24.692138671875
41137,0.22369384765625,-0.1014404296875,0.9851226806640624,0.4410003125667572,1.942984819412231,0.8496500849723816,66.65635681152344,18.70991516113281,24.94740295410156
41138,0.33746337890625,-0.1273345947265625,1.05267333984375,0.8273663520812988,2.884793758392334,0.8675244450569153,65.80046081542969,18.49542236328125,25.41363525390625
41139,0.2748870849609375,-0.2614288330078125,0.8986663818359375,1.181727170944214,4.519591331481934,1.30864405632019,63.47370910644531,18.72268676757812,26.58308410644531
41140,0.2748870849609375,-0.2614288330078125,0.8986663818359375,1.181727170944214,4.519591331481934,1.30864405632019,63.47370910644531,18.72268676757812,26.58308410644531
41141,0.0637664794921875,-0.24554443359375,0.874053955078125,1.168426275253296,4.792211532592773,1.736716866493225,61.74183654785156,18.93382263183594,27.17768859863281
41142,-0.061920166015625,-0.156890869140625,0.7886962890625,1.048505425453186,4.820392608642578,2.014878273010254,59.69583129882812,19.137939453125,28.02534484863281
41143,0.00604248046875,0.1252288818359375,0.8170166015625,1.011088848114014,3.886904954910278,0.2028013169765472,55.22688293457031,19.60577392578125,29.12948608398438
41144,0.00604248046875,0.1252288818359375,0.8170166015625,1.011088848114014,3.886904954910278,0.2028013169765472,55.22688293457031,19.60577392578125,29.12948608398438
41145,0.0374908447265625,0.2052001953125,0.915985107421875,1.011088848114014,3.886904954910278,0.2028013169765472,53.10568237304688,19.98783874511719,29.27772521972656
41146,-0.1553497314453125,0.15545654296875,0.80816650390625,1.216265916824341,3.888223648071289,-0.9056974053382874,51.238037109375,20.26701354980469,29.7646484375
41147,-0.2259674072265625,0.1323089599609375,0.7794189453125,1.261250734329224,4.161478042602539,-1.600898861885071,49.63774108886719,20.71357727050781,30.14405822753906
41148,-0.1056671142578125,0.0772247314453125,0.8491363525390625,1.24911630153656,4.801846981048584,-1.991206884384155,48.30453491210938,21.058349609375,30.35292053222656
41149,-0.1096954345703125,-0.09100341796875,0.7892608642578125,1.334631204605103,4.888820171356201,-1.937653183937073,46.95254516601562,21.39491271972656,30.70068359375
41150,-0.018096923828125,-0.1852264404296875,1.112518310546875,1.328101873397827,5.140429973602295,-1.315229773521423,45.42558288574219,21.79362487792969,30.78373718261719
41151,-0.053680419921875,-0.33685302734375,1.369903564453125,0.7649219036102295,6.492474555969238,-0.461604118347168,43.6409912109375,22.17933654785156,30.89848327636719
41152,-0.059539794921875,-0.3773193359375,1.2320556640625,-0.082083947956562,7.819913387298584,0.0867649912834167,41.58590698242188,22.46975708007812,30.61955261230469
41153,-0.2480621337890625,-0.2954559326171875,0.85296630859375,-1.060009479522705,8.027486801147461,0.5053209662437439,38.85238647460938,22.78477478027344,29.92167663574219
41154,-0.5212249755859375,-0.2117462158203125,0.5259246826171875,-1.870903134346008,7.002288341522217,0.7920648455619812,35.8033447265625,22.71885681152344,28.66732788085938
41155,-0.81964111328125,-0.1230926513671875,0.4752044677734375,-2.292102813720703,5.34904670715332,0.8019196391105652,32.75694274902344,22.33221435546875,26.95704650878906
41156,-1.002471923828125,0.0115509033203125,0.682373046875,-2.237860918045044,4.140644550323486,0.5648626089096069,30.01708984375,21.7852783203125,25.064208984375
41157,-1.056411743164062,0.05609130859375,0.7961883544921875,-1.76935863494873,3.352252721786499,0.3325395882129669,27.99040222167969,21.1937255859375,23.29298400878906
41158,-1.00860595703125,-0.035400390625,0.73956298828125,-1.256344676017761,2.964543342590332,0.2145000547170639,26.53260803222656,20.62747192382812,21.62812805175781
41159,-0.924835205078125,-0.1662445068359375,0.546875,-0.7115857005119324,2.314998626708984,0.1575424820184708,24.21934509277344,19.83821105957031,18.91128540039062
41160,-0.924835205078125,-0.1662445068359375,0.546875,-0.7115857005119324,2.314998626708984,0.1575424820184708,24.21934509277344,19.83821105957031,18.91128540039062
41161,-1.028533935546875,-0.1407012939453125,0.56072998046875,-0.4554173350334167,2.033912658691406,0.0054256580770015,23.36817932128906,19.73551940917969,17.9014892578125
41162,-1.076522827148438,-0.128265380859375,0.49945068359375,-0.137554407119751,1.594673156738281,-0.140192523598671,22.63307189941406,19.61557006835938,17.18930053710938
41163,-1.122390747070312,-0.1319580078125,0.4374237060546875,0.2152385413646698,0.7817336320877075,-0.3188786506652832,22.13291931152344,19.45130920410156,16.45451354980469
41164,-1.121841430664062,-0.167510986328125,0.4822540283203125,0.5120773911476135,-0.0880888476967811,-0.4227858781814575,21.77311706542969,19.34237670898438,15.92179870605469
41165,-1.144607543945312,-0.17926025390625,0.5088348388671875,0.6302050948143005,-1.074448108673096,-0.4332225322723389,21.69731140136719,19.25218200683594,15.75514221191406
41166,-1.071426391601562,-0.1854705810546875,0.649200439453125,0.5405220985412598,-1.995768904685974,-0.4243057370185852,21.83699035644531,19.40994262695312,15.93862915039062
41167,-0.8769989013671875,-0.19757080078125,0.829681396484375,0.3771440982818604,-2.312044382095337,-0.3163627684116364,22.28364562988281,19.32025146484375,16.42530822753906
41168,-0.7847137451171875,-0.149993896484375,0.888946533203125,0.0448007620871067,-1.814163684844971,-0.2677472829818726,22.94746398925781,19.44558715820312,17.16383361816406
41169,-0.7527008056640625,-0.10986328125,0.9207916259765624,0.0448007620871067,-1.814163684844971,-0.2677472829818726,23.66790771484375,19.48867797851562,17.993896484375
41170,-0.681915283203125,-0.1528167724609375,0.9257965087890624,-0.0513675846159458,-1.415273308753967,-0.512863278388977,24.35566711425781,19.38644409179688,18.68978881835938
41171,-0.3925323486328125,-0.3805389404296875,0.9938201904296876,-0.1876215636730194,0.0664778277277946,-1.002159237861633,25.36666870117188,19.16990661621094,19.79374694824219
41172,-0.3925323486328125,-0.3805389404296875,0.9938201904296876,-0.1876215636730194,0.0664778277277946,-1.002159237861633,25.36666870117188,19.16990661621094,19.79374694824219
41173,-0.3629608154296875,-0.4072723388671875,0.9569244384765624,-0.2735303342342377,0.7417569160461426,-1.18948221206665,25.76960754394531,18.94691467285156,19.95878601074219
41174,-0.45703125,-0.366729736328125,0.8032379150390625,-0.6305446624755859,0.6390777230262756,-1.77373743057251,26.03851318359375,18.67335510253906,19.95573425292969
41175,-0.570831298828125,-0.33782958984375,0.62005615234375,-0.6305446624755859,0.6390777230262756,-1.77373743057251,26.16937255859375,18.28462219238281,19.71937561035156
41176,-0.6846160888671875,-0.4011077880859375,0.5948333740234375,-0.950929880142212,0.1076747998595238,-1.889849424362183,26.27333068847656,17.8121337890625,19.43731689453125
41177,-0.842742919921875,-0.476776123046875,0.687530517578125,-1.324387550354004,-0.4102586209774017,-1.73136305809021,26.48445129394531,17.345947265625,18.75396728515625
41178,-1.010025024414062,-0.5039520263671875,0.7548370361328125,-1.707868933677673,-0.9914069771766664,-1.379573345184326,26.93153381347656,16.72396850585938,18.42486572265625
41179,-1.042770385742188,-0.5322265625,0.8110198974609375,-2.063676834106445,-1.675463557243347,-1.028581023216248,27.48942565917969,15.92301940917969,18.13824462890625
41180,-0.9427490234375,-0.579254150390625,0.750274658203125,-2.468606472015381,-3.180734634399414,-0.4935002624988556,28.17390441894531,15.25341796875,17.77890014648438
41181,-0.8290557861328125,-0.6375579833984375,0.8019866943359375,-2.468606472015381,-3.180734634399414,-0.4935002624988556,28.97154235839844,14.54606628417969,17.46791076660156
41182,-0.74267578125,-0.606536865234375,0.9690093994140624,-2.366345882415771,-3.124485492706299,-0.1748474389314651,29.77911376953125,13.72189331054688,17.32347106933594
41183,-0.634429931640625,-0.4831695556640625,1.06036376953125,-2.098379135131836,-2.742456912994385,0.0060395165346562,30.76968383789062,13.05558776855469,17.1947021484375
41184,-0.542449951171875,-0.433074951171875,1.147918701171875,-1.965039491653442,-1.206566214561462,-0.1783020943403244,31.56797790527344,12.59420776367188,16.99830627441406
41185,-0.489013671875,-0.426788330078125,1.096633911132812,-1.965039491653442,-1.206566214561462,-0.1783020943403244,32.29208374023438,12.11862182617188,16.90483093261719
41186,-0.515228271484375,-0.432373046875,0.947662353515625,-2.345751523971558,-0.4952100217342377,-0.3675718903541565,32.83523559570312,11.81156921386719,16.66569519042969
41187,-0.555328369140625,-0.4566802978515625,0.7821197509765625,-2.881624937057495,-0.1932791769504547,-0.4535341858863831,33.22315979003906,11.48345947265625,16.14056396484375
41188,-0.583709716796875,-0.4433135986328125,0.654327392578125,-3.305648326873779,-0.2315275073051453,-0.3432250022888184,33.33901977539062,10.99998474121094,15.32907104492188
41189,-0.589630126953125,-0.4331817626953125,0.601654052734375,-3.486136913299561,-0.2504015862941742,-0.091159738600254,33.40158081054688,10.48699951171875,14.43528747558594
41190,-0.5427398681640625,-0.483245849609375,0.55999755859375,-3.426985025405884,-0.1621904969215393,0.1575233191251755,33.37260437011719,9.920639038085938,13.19795227050781
41191,-0.4598541259765625,-0.483551025390625,0.44256591796875,-2.980228185653687,0.558875560760498,0.7040290236473083,33.21250915527344,8.78546142578125,10.77580261230469
41192,-0.4598541259765625,-0.483551025390625,0.44256591796875,-2.980228185653687,0.558875560760498,0.7040290236473083,33.21250915527344,8.78546142578125,10.77580261230469
41193,-0.481231689453125,-0.4363861083984375,0.3611602783203125,-2.704203605651855,0.9610581398010254,0.8252891302108765,33.05279541015625,8.451522827148438,9.4837646484375
41194,-0.517791748046875,-0.3907928466796875,0.311004638671875,-2.368692398071289,1.246628046035767,0.7777663469314575,32.59718322753906,8.055038452148438,8.4110107421875
41195,-0.5721893310546875,-0.323516845703125,0.2658233642578125,-1.997515201568604,1.392916083335876,0.5639962553977966,32.04859924316406,7.820892333984375,7.177001953125
41196,-0.6619415283203125,-0.2883758544921875,0.2696380615234375,-1.607177495956421,1.312937378883362,0.390956848859787,31.361572265625,7.685562133789062,5.932266235351562
41197,-0.8393402099609375,-0.24932861328125,0.29412841796875,-1.261207580566406,0.8925142288208008,0.3532182574272156,30.88583374023438,7.453598022460938,4.950027465820312
41198,-1.022537231445312,-0.1996002197265625,0.3157806396484375,-1.059288263320923,0.2411724030971527,0.3298170566558838,30.5897216796875,7.1593017578125,4.095367431640625
41199,-1.150726318359375,-0.1592254638671875,0.3333892822265625,-1.04265022277832,-0.5356035232543945,0.1369874179363251,30.30140686035156,6.943618774414062,3.457366943359375
41200,-1.147232055664062,-0.1743011474609375,0.368865966796875,-1.239125967025757,-1.897688627243042,-0.6615324020385742,30.02827453613281,6.84088134765625,3.074234008789062
41201,-1.091659545898438,-0.24176025390625,0.41387939453125,-1.214714407920837,-1.986943960189819,-0.9808725714683532,30.02877807617188,6.63714599609375,2.892044067382812
41202,-0.9212799072265624,-0.36663818359375,0.550018310546875,-1.214714407920837,-1.986943960189819,-0.9808725714683532,30.22087097167969,6.112396240234375,3.057891845703125
41203,-0.6595458984375,-0.494873046875,0.630218505859375,-0.929419219493866,-1.599496722221375,-1.136005163192749,30.76101684570312,5.365509033203125,3.3546142578125
41204,-0.4830322265625,-0.53643798828125,0.5613250732421875,0.3530563414096832,-0.6475926041603088,-1.207521438598633,31.50535583496094,4.485671997070312,3.661666870117188
41205,-0.381500244140625,-0.5117950439453125,0.4552764892578125,0.3530563414096832,-0.6475926041603088,-1.207521438598633,32.51298522949219,3.36627197265625,4.035781860351562
41206,-0.3237762451171875,-0.4737701416015625,0.40496826171875,0.9921236634254456,-0.0987862348556518,-1.296576261520386,33.57220458984375,2.405227661132812,4.548873901367188
41207,-0.2566986083984375,-0.3740692138671875,0.33111572265625,2.239064931869507,1.859792947769165,-0.991570770740509,35.83554077148438,0.5130462646484375,6.153457641601562
41208,-0.2566986083984375,-0.3740692138671875,0.33111572265625,2.239064931869507,1.859792947769165,-0.991570770740509,35.83554077148438,0.5130462646484375,6.153457641601562
41209,-0.29132080078125,-0.324798583984375,0.3647308349609375,2.239064931869507,1.859792947769165,-0.991570770740509,37.00552368164062,-0.10980224609375,6.796463012695312
41210,-0.3395843505859375,-0.2881011962890625,0.4449462890625,2.485369443893433,2.512822866439819,-0.7118576169013977,38.02310180664062,-0.222808837890625,7.171661376953125
41211,-0.3630828857421875,-0.287872314453125,0.493682861328125,2.564367055892944,3.221693277359009,-0.3760039806365967,38.80680847167969,-0.13250732421875,7.358551025390625
41212,-0.3867340087890625,-0.2256927490234375,0.4944000244140625,2.389015913009644,3.919957160949707,0.0802943035960197,39.14297485351562,0.2706756591796875,7.54913330078125
41213,-0.39013671875,-0.108489990234375,0.4929656982421875,1.956403970718384,4.440072536468506,0.5469733476638794,39.16995239257812,0.714324951171875,7.609512329101562
41214,-0.370391845703125,-0.0687103271484375,0.5225830078125,1.3359215259552,4.826085567474365,1.017808794975281,38.73858642578125,1.264022827148438,7.628036499023438
41215,-0.3794708251953125,-0.0777435302734375,0.614654541015625,0.6312072277069092,5.155075073242188,1.569849252700806,37.9534912109375,1.89215087890625,7.263214111328125
41216,-0.4535064697265625,-0.064117431640625,0.6812286376953125,0.0434848926961422,5.425066471099854,2.191047668457031,36.76699829101562,2.513641357421875,6.44091796875
41217,-0.509185791015625,-0.0001983642578125,0.74566650390625,-0.3491414785385132,5.631464004516602,2.616130113601685,35.22093200683594,3.019561767578125,5.407028198242188
41218,-0.635772705078125,0.0809173583984375,0.6552581787109375,-0.7646358609199524,6.060093402862549,2.957183599472046,31.62838745117188,4.089569091796875,2.56805419921875
41219,-0.7208709716796875,0.1328887939453125,0.591796875,-1.180897235870361,5.950104236602783,2.950467586517334,29.60023498535156,4.9000244140625,0.722442626953125
41220,-0.7208709716796875,0.1328887939453125,0.591796875,-1.180897235870361,5.950104236602783,2.950467586517334,29.60023498535156,4.9000244140625,0.722442626953125
41221,-0.6529388427734375,0.139801025390625,0.5057220458984375,-1.611385345458984,6.175188064575195,3.102506637573242,27.77210998535156,5.72003173828125,-1.493698120117188
41222,-0.6358184814453125,-0.0184173583984375,0.3789825439453125,-2.010470151901245,6.183196544647217,3.419367074966431,25.92996215820312,6.605697631835938,-3.755905151367188
41223,-0.6485748291015625,-0.25982666015625,0.3038330078125,-2.3638596534729,5.970114707946777,3.841765642166138,24.1168212890625,7.6973876953125,-6.385757446289062
41224,-0.685455322265625,-0.2863616943359375,0.0636444091796875,-2.108510971069336,4.019968509674072,4.065820693969727,22.49665832519531,8.7935791015625,-9.045455932617188
41225,-0.8639984130859375,-0.0919036865234375,0.09906005859375,-2.108510971069336,4.019968509674072,4.065820693969727,21.05572509765625,10.03030395507812,-11.88027954101562
41226,-1.0655517578125,-0.115692138671875,0.292510986328125,-1.634263157844543,3.382569313049316,3.61894965171814,19.61964416503906,11.46177673339844,-14.5343017578125
41227,-1.147933959960938,-0.23724365234375,0.3079681396484375,-1.120487689971924,3.063785791397095,3.240637540817261,18.3116455078125,12.96595764160156,-16.72636413574219
41228,-1.094390869140625,-0.3028411865234375,0.2041778564453125,-0.728563666343689,2.777374267578125,3.072161912918091,17.24052429199219,14.44474792480469,-18.72470092773438
41229,-1.015838623046875,-0.3172760009765625,0.084747314453125,-0.6221207976341248,2.601662397384644,3.157111883163452,16.33198547363281,15.72554016113281,-20.37025451660156
41230,-0.9075469970703124,-0.371551513671875,-0.028717041015625,-0.6519783139228821,2.789699077606201,4.308242797851562,15.54817199707031,17.03350830078125,-21.65525817871094
41231,-0.8462371826171875,-0.498748779296875,-0.1237030029296875,-0.6519783139228821,2.789699077606201,4.308242797851562,15.00112915039062,18.27212524414062,-22.82749938964844
41232,-1.062637329101562,-0.477508544921875,-0.262542724609375,-0.3939651548862457,3.06047248840332,5.061121463775635,14.34158325195312,19.72216796875,-24.06455993652344
41233,-1.2779541015625,-0.3289031982421875,-0.640167236328125,0.4028595685958862,0.9960909485816956,4.560498237609863,13.53802490234375,21.24913024902344,-25.29698181152344
41234,-1.75262451171875,-0.0722198486328125,-0.965118408203125,0.4028595685958862,0.9960909485816956,4.560498237609863,12.786376953125,23.17643737792969,-26.44906616210938
41235,-2.025863647460938,-0.0316162109375,-0.9538726806640624,2.540093183517456,-1.774679660797119,-0.0741999298334121,12.04991149902344,25.248291015625,-27.42507934570312
41236,-2.025863647460938,-0.0316162109375,-0.9538726806640624,2.540093183517456,-1.774679660797119,-0.0741999298334121,12.04991149902344,25.248291015625,-27.42507934570312
41237,-1.749862670898438,-0.2946929931640625,0.0052947998046875,3.097378730773926,-3.224020957946777,-2.036296844482422,10.87428283691406,28.16055297851562,-27.96879577636719
41238,-1.648117065429688,-0.5612335205078125,0.5095977783203125,3.480095863342285,-3.672141551971436,-3.211233377456665,10.60420227050781,28.17428588867188,-27.08341979980469
41239,-1.548660278320312,-0.82684326171875,0.619720458984375,3.846927165985107,-3.692999362945557,-3.51411247253418,10.61149597167969,27.25399780273438,-25.26986694335938
41240,-1.409011840820312,-1.1650390625,0.5275115966796875,4.113832473754883,-3.215692758560181,-2.920475721359253,10.72344970703125,25.71095275878906,-23.12741088867188
41241,-1.392959594726562,-1.450759887695312,0.469512939453125,4.172981739044189,-1.845513105392456,-1.547971367835999,11.07798767089844,23.90858459472656,-21.07424926757812
41242,-1.283309936523438,-1.505035400390625,0.521820068359375,3.444384098052979,-0.1778986304998398,0.0848437845706939,11.52668762207031,22.380859375,-19.05311584472656
41243,-1.095184326171875,-1.330123901367188,-0.061065673828125,1.347295522689819,0.5850213766098022,1.362815976142883,11.92007446289062,21.25360107421875,-17.23170471191406
41244,-1.105087280273438,-0.848358154296875,-0.5978546142578125,0.079666331410408,0.5573577880859375,1.949577927589417,12.03363037109375,20.75874328613281,-16.15185546875
41245,-0.972991943359375,-0.4069366455078125,-0.416778564453125,-0.7889332175254822,0.4472153186798096,1.685496807098389,11.91911315917969,20.9876708984375,-15.68824768066406
41246,-0.886505126953125,-0.301849365234375,-0.1587371826171875,0.2107958495616913,1.312739729881287,0.1979716718196869,11.64486694335938,21.58409118652344,-15.55220031738281
41247,-0.791717529296875,-0.1722869873046875,0.1493988037109375,0.2107958495616913,1.312739729881287,0.1979716718196869,11.3006591796875,22.21826171875,-15.84761047363281
41248,-0.7138519287109375,-0.2850494384765625,0.1834716796875,2.6868577003479,3.109768152236938,0.1190387755632401,11.074951171875,22.71635437011719,-16.20484924316406
41249,-0.7286376953125,-0.499725341796875,-0.1011505126953125,2.6868577003479,3.109768152236938,0.1190387755632401,11.17745971679688,23.00962829589844,-17.41709899902344
41250,-0.8726654052734375,-0.3192596435546875,-0.2205657958984375,2.530114650726318,3.986246347427368,0.4392665922641754,11.40473937988281,22.98971557617188,-18.02507019042969
41251,-0.8293304443359375,-0.0851898193359375,-0.554473876953125,1.532504320144653,4.452844142913818,0.4536449909210205,11.60446166992188,22.99642944335938,-18.91128540039062
41252,-0.8293304443359375,-0.0851898193359375,-0.554473876953125,1.532504320144653,4.452844142913818,0.4536449909210205,11.60446166992188,22.99642944335938,-18.91128540039062
41253,-0.8736572265625,0.10211181640625,-0.7342681884765625,-1.036423683166504,4.485741138458252,-1.487626314163208,11.79817199707031,22.88595581054688,-20.02760314941406
41254,-0.982574462890625,-0.0685882568359375,-0.7140960693359375,-1.5612872838974,4.226722240447998,-2.357434749603271,12.2427978515625,22.61419677734375,-21.1573486328125
41255,-1.112106323242188,-0.1893768310546875,-0.7325897216796875,-0.6207202672958374,2.560187339782715,-1.860469937324524,14.03823852539062,21.65463256835938,-24.54489135742188
41256,-1.0509033203125,-0.144134521484375,-0.6361083984375,-0.0361846350133419,1.666037917137146,-1.215766906738281,15.19407653808594,20.859130859375,-25.88525390625
41257,-0.9005126953125,0.0023193359375,-0.56683349609375,0.1385719925165176,1.113215208053589,-0.7833887934684753,16.32048034667969,19.89678955078125,-26.32733154296875
41258,-0.6545562744140625,-0.06915283203125,-0.43511962890625,-0.0043446808122098,1.098876714706421,-0.502768337726593,17.31581115722656,19.13380432128906,-26.85333251953125
41259,-0.4518280029296875,0.1842498779296875,-0.3435821533203125,-0.2232298851013184,2.111355781555176,-0.2228357344865799,17.87179565429688,18.81414794921875,-27.6431884765625
41260,-0.4954681396484375,0.4797821044921875,-0.4182891845703125,-0.7260773181915283,2.988399505615234,-0.5900739431381226,18.2935791015625,18.79139709472656,-28.85694885253906
41261,-0.4777984619140625,0.246673583984375,-0.5115966796875,-1.295815825462341,3.855080366134644,-1.074267029762268,18.73388671875,18.79246520996094,-29.92327880859375
41262,-0.4777984619140625,0.246673583984375,-0.5115966796875,-1.295815825462341,3.855080366134644,-1.074267029762268,18.73388671875,18.79246520996094,-29.92327880859375
41263,-0.54986572265625,-0.0831298828125,-0.764434814453125,-1.571462154388428,4.934297561645508,-1.678674578666687,20.27145385742188,18.73759460449219,-32.39720153808594
41264,-0.597412109375,-0.1590118408203125,-0.7940216064453125,-1.472471833229065,5.100797176361084,-1.762865662574768,21.43144226074219,18.668701171875,-34.48739624023438
41265,-0.67041015625,-0.19720458984375,-0.8619232177734375,-1.444142818450928,4.979693412780762,-1.706635594367981,22.89642333984375,18.63700866699219,-36.48553466796875
41266,-0.67041015625,-0.19720458984375,-0.8619232177734375,-1.444142818450928,4.979693412780762,-1.706635594367981,22.89642333984375,18.63700866699219,-36.48553466796875
41267,-0.82659912109375,-0.2789154052734375,-0.74810791015625,-1.426372766494751,4.165811538696289,-1.303778409957886,26.26469421386719,18.08695983886719,-38.98847961425781
41268,-0.7066650390625,-0.297088623046875,-0.64642333984375,-1.158072352409363,3.782029151916504,-0.8319611549377441,28.25958251953125,17.65078735351562,-39.24566650390625
41269,-0.635986328125,-0.0455322265625,-0.630859375,-0.7463122606277466,3.584518432617188,-0.6947097778320312,29.96484375,17.85209655761719,-40.74717712402344
41270,-0.5751800537109375,0.161834716796875,-0.931884765625,-0.0111711621284484,2.783799409866333,-0.7186148762702942,31.47976684570312,18.03817749023438,-42.09091186523438
41271,-0.5323028564453125,-0.1953582763671875,-1.064865112304688,0.1358718127012253,1.602412343025208,-0.6057985424995422,34.258544921875,18.08692932128906,-43.1650390625
41272,-0.5323028564453125,-0.1953582763671875,-1.064865112304688,0.1358718127012253,1.602412343025208,-0.6057985424995422,34.258544921875,18.08692932128906,-43.1650390625
41273,-0.4735870361328125,-0.16644287109375,-1.000808715820312,-0.3124090433120728,0.9067767858505248,-0.5753738284111023,35.30516052246094,17.96873474121094,-43.94967651367188
41274,-0.4735870361328125,-0.16644287109375,-1.000808715820312,-0.3124090433120728,0.9067767858505248,-0.5753738284111023,35.30516052246094,17.96873474121094,-43.94967651367188
41275,-0.5252227783203125,-0.123046875,-0.7259674072265625,-0.2232251018285751,0.3025566637516022,-0.3950320184230804,36.74880981445312,17.80099487304688,-45.40495300292969
41276,-0.5138702392578125,-0.12933349609375,-0.7440338134765625,0.1760503947734833,0.3428891897201538,-0.3469078838825226,37.1046142578125,17.73976135253906,-45.47651672363281
41277,-0.5275726318359375,-0.19970703125,-0.885833740234375,0.4070433974266052,0.4259044229984283,-0.2436342239379883,37.25265502929688,17.81011962890625,-45.65916442871094
41278,-0.540496826171875,-0.21087646484375,-0.94952392578125,0.4825064539909363,0.5669318437576294,-0.1219970136880875,37.44084167480469,17.70222473144531,-45.64215087890625
41279,-0.54437255859375,-0.15863037109375,-0.9748382568359376,0.4602437615394592,0.7397577166557312,-0.0860656425356864,37.52418518066406,17.65103149414062,-45.92424011230469
41280,-0.554840087890625,-0.1399078369140625,-1.000686645507812,0.3287110328674316,0.8954336047172546,-0.1013695001602173,37.69058227539062,17.4801025390625,-46.15080261230469
41281,-0.5421600341796875,-0.133331298828125,-1.047164916992188,0.1546830534934998,0.9769726395606996,-0.1188166663050652,37.88336181640625,17.3814697265625,-46.23130798339844
41282,-0.5421600341796875,-0.133331298828125,-1.047164916992188,0.1546830534934998,0.9769726395606996,-0.1188166663050652,37.88336181640625,17.3814697265625,-46.23130798339844
41283,-0.4872894287109375,-0.0371856689453125,-0.9989013671875,-0.3301360905170441,1.420692801475525,-0.325469970703125,38.46318054199219,17.21875,-46.37448120117188
41284,-0.4505157470703125,-0.0326995849609375,-0.9774627685546876,-0.6241751909255981,1.777607798576355,-0.5151232481002808,38.84547424316406,17.15782165527344,-46.67315673828125
41285,-0.4224395751953125,-0.0623626708984375,-0.9635162353515624,-0.9312219619750975,2.086111068725586,-0.6789721250534058,39.34095764160156,17.14704895019531,-46.94874572753906
41286,-0.432037353515625,-0.1055145263671875,-0.93060302734375,-1.180834174156189,2.291511297225952,-0.7738403081893921,40.0081787109375,17.25978088378906,-47.00434875488281
41287,-0.4461212158203125,-0.198822021484375,-0.903839111328125,-1.223809123039246,2.293556213378906,-0.8799169659614563,41.94808959960938,17.34703063964844,-46.83827209472656
41288,-0.4768218994140625,-0.2617950439453125,-0.8551177978515625,-1.028592467308044,1.979628324508667,-0.990601658821106,41.94808959960938,17.34703063964844,-46.83827209472656
41289,-0.47784423828125,-0.280120849609375,-0.7565765380859375,-0.8321864604949951,1.484146118164062,-1.041587114334106,44.12191772460938,17.89143371582031,-46.80564880371094
41290,-0.47784423828125,-0.280120849609375,-0.7565765380859375,-0.8321864604949951,1.484146118164062,-1.041587114334106,44.12191772460938,17.89143371582031,-46.80564880371094
41291,-0.4297637939453125,-0.26708984375,-0.5984954833984375,-0.7431961297988892,0.7922148108482361,-1.0316321849823,45.86470031738281,18.54981994628906,-47.96963500976562
41292,-0.428985595703125,-0.2561798095703125,-0.5562896728515625,-0.885847270488739,0.5925581455230713,-1.033531546592712,46.51641845703125,18.65324401855469,-48.26409912109375
41293,-0.3968353271484375,-0.2618560791015625,-0.544281005859375,-1.11807918548584,0.4703733623027802,-1.145480394363403,47.05024719238281,19.21829223632812,-49.37503051757812
41294,-0.3968353271484375,-0.2618560791015625,-0.544281005859375,-1.11807918548584,0.4703733623027802,-1.145480394363403,47.05024719238281,19.21829223632812,-49.37503051757812
41295,-0.3605499267578125,-0.3560943603515625,-0.5347900390625,-1.272236227989197,0.4513038098812103,-1.595893979072571,47.91984558105469,20.44322204589844,-51.126220703125
41296,-0.438385009765625,-0.393951416015625,-0.57965087890625,-1.101737499237061,0.4184225499629974,-1.626261711120605,48.41920471191406,20.97320556640625,-51.37159729003906
41297,-0.450469970703125,-0.4147186279296875,-0.621826171875,-0.8601528406143188,0.1924799680709839,-1.534437298774719,49.00923156738281,21.39006042480469,-51.38047790527344
41298,-0.450469970703125,-0.4147186279296875,-0.621826171875,-0.8601528406143188,0.1924799680709839,-1.534437298774719,49.00923156738281,21.39006042480469,-51.38047790527344
41299,-0.291290283203125,-0.3803863525390625,-0.6268768310546875,0.1289974004030228,-0.1979759335517883,-1.305934309959412,49.94792175292969,22.18142700195312,-52.01988220214844
41300,-0.1991119384765625,-0.318450927734375,-0.6700439453125,0.6336206197738647,-0.1581462323665619,-1.173284888267517,50.17643737792969,22.21824645996094,-51.90101623535156
41301,-0.1541748046875,-0.2279052734375,-0.7017364501953125,0.9168853163719176,-0.2238354980945587,-1.23813796043396,50.54380798339844,21.83833312988281,-51.30528259277344
41302,-0.1086578369140625,-0.2011260986328125,-0.709503173828125,1.06589937210083,-0.2414491027593613,-1.335508704185486,50.72265625,21.435302734375,-51.28620910644531
41303,-0.0849151611328125,-0.20758056640625,-0.7892913818359375,1.136557459831238,-0.2122179865837097,-1.392966985702515,50.82743835449219,21.13337707519531,-51.42765808105469
41304,-0.0230712890625,-0.287841796875,-0.844268798828125,1.422565340995789,-0.1223432198166847,-1.323056578636169,50.97982788085938,20.72708129882812,-51.53518676757812
41305,0.007843017578125,-0.3679962158203125,-0.9396820068359376,1.919602751731873,0.0971848741173744,-1.07619035243988,51.09175109863281,20.17939758300781,-51.27296447753906
41306,0.0527496337890625,-0.405548095703125,-1.073501586914062,2.377852916717529,0.1663847118616104,-1.002356290817261,51.35014343261719,19.45486450195312,-50.95832824707031
41307,-0.00225830078125,-0.467315673828125,-1.098052978515625,2.759084224700928,0.0633472800254821,-1.007597923278809,51.65092468261719,18.67366027832031,-50.63038635253906
41308,-0.1360626220703125,-0.5361480712890625,-1.10394287109375,3.054057836532593,-0.0313137136399745,-0.9506102800369264,52.06863403320312,17.64079284667969,-50.01579284667969
41309,-0.2493896484375,-0.5705108642578125,-1.0963134765625,3.128331899642944,-0.2188820093870163,-0.8151845335960388,52.37673950195312,16.442626953125,-49.41212463378906
41310,-0.307952880859375,-0.560577392578125,-1.017715454101562,3.049439191818237,-0.5505046844482422,-0.8256619572639465,52.59663391113281,15.49552917480469,-48.71559143066406
41311,-0.3141326904296875,-0.56390380859375,-0.8322296142578125,2.964913368225098,-0.7098826169967651,-0.95586097240448,52.74620056152344,14.40022277832031,-47.84016418457031
41312,-0.361083984375,-0.5540618896484375,-0.7423095703125,2.870534420013428,-0.5081822872161865,-1.123167634010315,52.84002685546875,13.22697448730469,-46.78176879882812
41313,-0.4246368408203125,-0.5628814697265625,-0.741180419921875,2.635417222976685,-0.2963221967220306,-1.343811869621277,52.972412109375,12.17591857910156,-45.8026123046875
41314,-0.4246368408203125,-0.5628814697265625,-0.741180419921875,2.635417222976685,-0.2963221967220306,-1.343811869621277,52.972412109375,12.17591857910156,-45.8026123046875
41315,-0.3953094482421875,-0.657806396484375,-0.662200927734375,2.484400272369385,-0.0852467194199562,-1.686362028121948,53.52703857421875,10.50965881347656,-44.27757263183594
41316,-0.3964080810546875,-0.5886688232421875,-0.86553955078125,2.586828231811523,-0.2565740048885345,-1.658210039138794,53.93865966796875,9.639724731445312,-43.3853759765625
41317,0.05096435546875,-0.34710693359375,-0.560211181640625,2.378775596618652,0.406201034784317,-1.702546358108521,54.52931213378906,8.928466796875,-42.491455078125
41318,-0.05450439453125,-0.4102783203125,-0.9742431640625,1.215338587760925,-0.1972467601299286,-1.828296303749084,55.06578063964844,8.158599853515625,-41.37841796875
41319,-0.0311279296875,-0.5401153564453125,-0.4852142333984375,1.642264366149902,-0.0687588229775428,-1.81043016910553,55.66249084472656,7.58380126953125,-40.73077392578125
41320,-0.0202484130859375,-0.5503997802734375,-0.7315826416015625,2.404617071151733,0.0788271725177764,-1.597514748573303,56.33123779296875,7.192138671875,-39.95982360839844
41321,-0.0705718994140625,-0.6026458740234375,-0.8194732666015625,2.317583799362183,0.0328255891799926,-0.911026120185852,57.01441955566406,6.700546264648438,-39.01991271972656
41322,-0.0341339111328125,-0.56085205078125,-0.6266021728515625,2.29552960395813,-0.0820195004343986,-0.3590380549430847,57.50520324707031,6.12603759765625,-38.30056762695312
41323,0.0033111572265625,-0.4486846923828125,-0.5047454833984375,2.639883279800415,-0.152083545923233,-0.2381630390882492,57.97248840332031,5.472946166992188,-36.97966003417969
41324,-0.0395965576171875,-0.481903076171875,-0.6132354736328125,2.690719366073608,-0.238044261932373,-0.1315106153488159,58.2799072265625,4.491836547851562,-34.6650390625
41325,-0.077911376953125,-0.56109619140625,-0.6813201904296875,2.43958592414856,-0.2904355525970459,0.0957193374633789,58.53416442871094,3.56109619140625,-32.89047241210938
41326,-0.0604400634765625,-0.5797882080078125,-0.722320556640625,2.263578414916992,-0.3222012221813202,0.1604067236185074,58.37831115722656,3.031631469726562,-32.0533447265625
41327,-0.043548583984375,-0.59783935546875,-0.77825927734375,2.0694739818573,-0.167688861489296,-0.0259058997035026,58.26876831054688,2.608627319335938,-31.19697570800781
41328,-0.1068267822265625,-0.6433868408203125,-0.832855224609375,1.680827498435974,0.1320491135120392,-0.3828291296958923,58.12826538085938,2.205581665039062,-30.95672607421875
41329,-0.1720733642578125,-0.71783447265625,-0.7813568115234375,1.254807233810425,0.3804016709327698,-0.7967541217803955,58.11300659179688,2.092681884765625,-30.99385070800781
41330,-0.1720733642578125,-0.71783447265625,-0.7813568115234375,1.254807233810425,0.3804016709327698,-0.7967541217803955,58.11300659179688,2.092681884765625,-30.99385070800781
41331,-0.227691650390625,-0.791015625,-0.6531219482421875,1.015264391899109,0.4832324385643005,-1.130396008491516,58.35504150390625,1.783859252929688,-30.37232971191406
41332,-0.2324676513671875,-0.8184356689453125,-0.4182586669921875,0.71064293384552,0.3161526322364807,-1.360388159751892,59.21369934082031,1.532730102539062,-29.35560607910156
41333,-0.173004150390625,-0.78399658203125,-0.2918548583984375,0.6739083528518677,0.1706425845623016,-1.411001563072205,59.80496215820312,1.60302734375,-28.86799621582031
41334,-0.13775634765625,-0.7272491455078125,-0.2090606689453125,0.6482898592948914,0.0204568058252334,-1.435406804084778,60.50048828125,1.470321655273438,-28.03533935546875
41335,-0.1449737548828125,-0.7065887451171875,-0.20526123046875,0.5595037937164307,-0.2770507633686066,-1.381521224975586,61.29728698730469,1.367050170898438,-27.27243041992188
41336,-0.1449737548828125,-0.7065887451171875,-0.20526123046875,0.5595037937164307,-0.2770507633686066,-1.381521224975586,61.29728698730469,1.367050170898438,-27.27243041992188
41337,-0.16290283203125,-0.7416839599609375,-0.243438720703125,0.303505539894104,-1.003708362579346,-1.075374603271484,62.41616821289062,1.401214599609375,-26.2861328125
41338,-0.16290283203125,-0.7416839599609375,-0.243438720703125,0.303505539894104,-1.003708362579346,-1.075374603271484,62.41616821289062,1.401214599609375,-26.2861328125
41339,-0.1580657958984375,-0.829254150390625,-0.3990631103515625,0.0879285261034965,-1.231220602989197,-1.148961424827576,63.03520202636719,1.691009521484375,-26.11283874511719
41340,-0.148712158203125,-0.938232421875,-0.3906707763671875,0.1304187327623367,-1.331153154373169,-1.157462239265442,63.30339050292969,1.924652099609375,-26.47842407226562
41341,-0.124298095703125,-0.91204833984375,-0.425689697265625,0.2479237914085388,-1.534914970397949,-1.174769639968872,63.51243591308594,2.162918090820312,-26.49755859375
41342,0.055755615234375,-0.84661865234375,-0.6055908203125,-0.3255943357944489,-1.295403361320496,-1.436674952507019,64.07131958007812,2.648483276367188,-26.27149963378906
41343,0.055755615234375,-0.84661865234375,-0.6055908203125,-0.3255943357944489,-1.295403361320496,-1.436674952507019,64.07131958007812,2.648483276367188,-26.27149963378906
41344,0.104400634765625,-0.7549285888671875,-0.5957183837890625,-0.8896412253379822,-1.224060773849487,-1.508250117301941,64.38198852539062,2.741897583007812,-26.11679077148438
41345,0.195465087890625,-0.647064208984375,-0.6244049072265625,-1.404725313186646,-1.03374195098877,-1.491327881813049,64.79167175292969,3.004409790039062,-26.04446411132812
41346,0.195465087890625,-0.647064208984375,-0.6244049072265625,-1.404725313186646,-1.03374195098877,-1.491327881813049,64.79167175292969,3.004409790039062,-26.04446411132812
41347,0.2252044677734375,-0.8292999267578125,-0.93267822265625,-2.498811006546021,-0.4778344929218292,-0.8820647597312927,65.86474609375,3.371231079101562,-26.35844421386719
41348,0.1002197265625,-0.991729736328125,-1.173019409179688,-2.261695384979248,-0.4440091252326965,-0.2719401717185974,66.3211669921875,3.3699951171875,-26.54583740234375
41349,0.111602783203125,-1.0986328125,-1.1134033203125,-1.430798411369324,-0.2998764514923096,0.4866934716701508,66.701416015625,3.476455688476562,-27.1107177734375
41350,0.111602783203125,-1.0986328125,-1.1134033203125,-1.430798411369324,-0.2998764514923096,0.4866934716701508,66.701416015625,3.476455688476562,-27.1107177734375
41351,0.029815673828125,-1.162322998046875,-1.111984252929688,-0.4794190526008606,-0.0458346009254455,1.332542419433594,66.79293823242188,3.536239624023438,-28.12287902832031
41352,-0.2114715576171875,-0.7603912353515625,-0.947998046875,0.0876174643635749,0.3292908072471619,2.379081249237061,66.05499267578125,3.127960205078125,-29.60140991210938
41353,-0.24652099609375,-0.6464996337890625,-0.7282562255859375,0.3090015053749084,1.374876379966736,2.306696653366089,65.305908203125,2.853958129882812,-29.76206970214844
41354,-0.24652099609375,-0.6464996337890625,-0.7282562255859375,0.3090015053749084,1.374876379966736,2.306696653366089,65.305908203125,2.853958129882812,-29.76206970214844
41355,-0.86883544921875,-0.7275238037109375,-1.717605590820312,-0.9422266483306884,-0.634580135345459,1.825069665908813,63.48710632324219,2.135177612304688,-30.01628112792969
41356,-1.005584716796875,-0.775604248046875,-1.326416015625,-1.549048662185669,-1.605239987373352,1.483541250228882,62.60337829589844,2.089157104492188,-30.38250732421875
41357,-0.834716796875,-0.721038818359375,-0.9209747314453124,-1.382611513137817,-1.308952689170837,1.791267156600952,61.56248474121094,2.333587646484375,-31.14639282226562
41358,-0.7356109619140625,-0.6552276611328125,-0.9073486328125,-0.7254661321640015,-0.9249515533447266,2.331274032592773,60.53074645996094,2.54193115234375,-32.11996459960938
41359,-0.7356109619140625,-0.6552276611328125,-0.9073486328125,-0.7254661321640015,-0.9249515533447266,2.331274032592773,60.53074645996094,2.54193115234375,-32.11996459960938
41360,-0.5311126708984375,-0.4789276123046875,-0.79840087890625,0.900719404220581,-0.6482389569282532,3.511778354644775,58.22393798828125,2.562957763671875,-31.95524597167969
41361,-0.5233612060546875,-0.4946441650390625,-0.83721923828125,1.29517650604248,-1.01792323589325,3.627332925796509,56.89988708496094,2.513336181640625,-32.06819152832031
41362,-0.5233612060546875,-0.4946441650390625,-0.83721923828125,1.29517650604248,-1.01792323589325,3.627332925796509,56.89988708496094,2.513336181640625,-32.06819152832031
41363,-0.3816375732421875,-0.49102783203125,-0.8856658935546875,1.551563262939453,-0.3810048699378967,3.435778617858887,53.92172241210938,2.430557250976562,-32.83621215820312
41364,-0.324066162109375,-0.30059814453125,-1.139266967773438,1.140929579734802,-0.7377417087554932,3.673835754394531,52.41188049316406,2.481796264648438,-33.23005676269531
41365,-0.538482666015625,-0.293670654296875,-1.1170654296875,0.425069272518158,-1.865565061569214,3.951038360595703,51.14811706542969,2.426589965820312,-32.81538391113281
41366,-0.526458740234375,-0.551544189453125,-0.9980621337890624,-0.3657481670379639,-2.567724227905273,4.307182788848877,49.62364196777344,2.593231201171875,-32.12504577636719
41367,-0.4651947021484375,-0.7540435791015625,-0.7770538330078125,-1.182016849517822,-3.369043111801147,4.929038047790527,47.77873229980469,2.820220947265625,-31.95675659179688
41368,-0.5058746337890625,-0.896514892578125,-0.3213348388671875,-1.79794979095459,-3.455278158187866,5.705792903900146,45.53501892089844,3.452972412109375,-32.11790466308594
41369,-0.4439544677734375,-0.952301025390625,-0.038726806640625,-2.29421854019165,-2.717244625091553,6.443462371826172,42.75321960449219,4.349578857421875,-32.23329162597656
41370,-0.592437744140625,-0.825347900390625,-0.4032135009765625,-2.592919111251831,-2.150451183319092,6.812613010406494,39.6220703125,5.949783325195312,-34.27043151855469
41371,-0.8544769287109375,-0.4874114990234375,-0.89141845703125,-2.642433404922485,-2.68596076965332,6.416048049926758,36.29219055175781,7.54144287109375,-34.91450500488281
41372,-1.10699462890625,-0.2632293701171875,-0.921295166015625,-2.607080221176147,-3.977766513824463,5.092944145202637,33.06402587890625,9.289596557617188,-35.26028442382812
41373,-1.027236938476562,-0.32855224609375,-0.539306640625,-2.62894082069397,-4.891726016998291,3.437948703765869,30.11660766601562,11.09580993652344,-35.29731750488281
41374,-1.027236938476562,-0.32855224609375,-0.539306640625,-2.62894082069397,-4.891726016998291,3.437948703765869,30.11660766601562,11.09580993652344,-35.29731750488281
41375,-0.8100128173828125,-0.2746429443359375,-0.510589599609375,-4.556042671203613,-4.939042091369629,1.254752039909363,25.03175354003906,14.57716369628906,-34.49430847167969
41376,-0.840545654296875,-0.460845947265625,-0.5870819091796875,-5.474483489990234,-4.475453853607178,1.488261222839355,23.08963012695312,16.15774536132812,-34.17398071289062
41377,-0.8221893310546875,-0.793975830078125,-0.5412445068359375,-6.041926383972168,-3.124478340148926,2.125763177871704,21.40959167480469,17.71733093261719,-34.07533264160156
41378,-0.8221893310546875,-0.793975830078125,-0.5412445068359375,-6.041926383972168,-3.124478340148926,2.125763177871704,21.40959167480469,17.71733093261719,-34.07533264160156
41379,-0.7046356201171875,-0.9578857421875,-0.6902618408203125,-5.495291233062744,-2.211823701858521,2.550901889801025,19.92341613769531,19.54434204101562,-34.3936767578125
41380,-0.709930419921875,-0.7529754638671875,-0.3455047607421875,-4.093178749084473,-0.9917092323303224,2.274394035339355,18.61289978027344,21.62648010253906,-35.0457763671875
41381,-0.9698028564453124,0.1192779541015625,-0.3685760498046875,-1.687997817993164,0.417742908000946,0.154816746711731,16.59666442871094,25.5975341796875,-36.53915405273438
41382,-0.9698028564453124,0.1192779541015625,-0.3685760498046875,-1.687997817993164,0.417742908000946,0.154816746711731,16.59666442871094,25.5975341796875,-36.53915405273438
41383,-0.915924072265625,0.041656494140625,-0.5091400146484375,-1.428457260131836,0.577408492565155,-0.9435119032859802,16.27847290039062,26.76614379882812,-36.85464477539062
41384,-0.96392822265625,0.0699310302734375,-0.5233154296875,-1.739566206932068,0.5529451966285706,-1.224767565727234,16.22286987304688,27.47564697265625,-37.06134033203125
41385,-1.249008178710938,0.064239501953125,-0.6285858154296875,-2.743502616882324,-0.9251036047935486,-0.9882410168647766,16.61398315429688,28.00509643554688,-38.13525390625
41386,-1.249008178710938,0.064239501953125,-0.6285858154296875,-2.743502616882324,-0.9251036047935486,-0.9882410168647766,16.61398315429688,28.00509643554688,-38.13525390625
41387,-1.204864501953125,-0.00341796875,-0.3834075927734375,-2.843133687973022,-2.114822149276733,-0.6653271317481995,16.80873107910156,28.35533142089844,-38.89154052734375
41388,-1.013046264648438,0.0953826904296875,0.0197296142578125,-1.53335177898407,-3.341683864593506,0.6423808336257935,16.36981201171875,29.21685791015625,-38.93559265136719
41389,-0.690155029296875,0.03326416015625,-0.0213775634765625,-0.4456264674663544,-2.528157234191895,0.9946280717849731,15.87782287597656,29.65208435058594,-38.27191162109375
41390,-0.690155029296875,0.03326416015625,-0.0213775634765625,-0.4456264674663544,-2.528157234191895,0.9946280717849731,15.87782287597656,29.65208435058594,-38.27191162109375
41391,-0.428070068359375,0.2839813232421875,-0.3558349609375,1.244039535522461,-1.135660529136658,0.3409908711910248,14.19282531738281,30.78956604003906,-36.56297302246094
41392,-0.4473114013671875,0.32427978515625,-0.3343353271484375,1.438914656639099,-0.6156818270683289,-0.7318989634513855,13.57777404785156,31.12698364257812,-35.86248779296875
41393,-0.4980010986328125,0.346466064453125,-0.4817657470703125,1.259735107421875,-0.5560880303382874,-1.888458728790283,13.17454528808594,31.15727233886719,-35.03074645996094
41394,-0.4980010986328125,0.346466064453125,-0.4817657470703125,1.259735107421875,-0.5560880303382874,-1.888458728790283,13.17454528808594,31.15727233886719,-35.03074645996094
41395,-0.4943084716796875,0.2554168701171875,-0.52435302734375,0.9674355983734132,-0.7195531129837036,-2.493764877319336,13.04510498046875,30.58561706542969,-33.98710632324219
41396,-0.5565643310546875,0.1334228515625,-0.54034423828125,0.366522878408432,-1.05381977558136,-2.304154872894287,13.28144836425781,29.54156494140625,-32.66497802734375
41397,-0.51898193359375,0.0288848876953125,-0.3809051513671875,-0.6293704509735107,-0.6543237566947937,-0.6062129735946655,13.85435485839844,27.41038513183594,-31.18832397460938
41398,-0.51898193359375,0.0288848876953125,-0.3809051513671875,-0.6293704509735107,-0.6543237566947937,-0.6062129735946655,13.85435485839844,27.41038513183594,-31.18832397460938
41399,-0.51129150390625,0.022674560546875,-0.4425201416015625,-0.8962351679801941,0.0803635492920875,0.9915390610694884,13.88505554199219,26.66987609863281,-32.05633544921875
41400,-0.5272369384765625,-0.201019287109375,-0.360443115234375,-0.6748668551445007,0.6704236268997192,1.732672810554504,13.74617004394531,26.97467041015625,-32.81112670898438
41401,-0.55657958984375,-0.3560028076171875,-0.2988433837890625,-0.0940676406025886,1.119706869125366,2.439969539642334,13.56752014160156,27.46568298339844,-33.02383422851562
41402,-0.55657958984375,-0.3560028076171875,-0.2988433837890625,-0.0940676406025886,1.119706869125366,2.439969539642334,13.56752014160156,27.46568298339844,-33.02383422851562
41403,-0.524658203125,-0.2482147216796875,-0.09405517578125,2.159302949905396,2.087790250778198,3.433017492294312,13.246337890625,28.94854736328125,-33.75091552734375
41404,-0.551544189453125,-0.034759521484375,-0.1732635498046875,3.332563638687134,2.098928689956665,3.856167554855347,13.08560180664062,29.88578796386719,-34.02122497558594
41405,-0.740692138671875,0.3547515869140625,-0.043212890625,3.994997262954712,2.023889064788818,3.821520328521729,13.01573181152344,30.71444702148438,-34.44879150390625
41406,-0.90618896484375,0.58245849609375,0.1171875,3.59575080871582,2.314614057540894,3.168220996856689,12.91961669921875,31.46958923339844,-34.79200744628906
41407,-1.041366577148438,0.6284942626953125,-0.1777801513671875,2.417856216430664,2.280750036239624,2.418122529983521,12.80087280273438,31.99630737304688,-34.94146728515625
41408,-1.041366577148438,0.6284942626953125,-0.1777801513671875,2.417856216430664,2.280750036239624,2.418122529983521,12.80087280273438,31.99630737304688,-34.94146728515625
41409,-1.438247680664062,0.3431854248046875,-0.6478118896484375,0.1010603010654449,0.5325323343276978,1.548784494400024,12.98867797851562,32.75682067871094,-35.37046813964844
41410,-1.438247680664062,0.3431854248046875,-0.6478118896484375,0.1010603010654449,0.5325323343276978,1.548784494400024,12.98867797851562,32.75682067871094,-35.37046813964844
41411,-1.527236938476562,-0.15972900390625,-0.4990234375,-1.288505554199219,-0.367756187915802,0.6867671608924866,13.16314697265625,33.56390380859375,-35.86477661132812
41412,-1.535980224609375,-0.0558624267578125,-0.37286376953125,-1.690618276596069,-0.4934142231941223,-0.2238216400146484,13.06504821777344,34.19490051269531,-36.03627014160156
41413,-1.582321166992188,0.2471466064453125,-0.294891357421875,-2.050449848175049,-0.5129775404930115,-1.396277189254761,12.95210266113281,34.75648498535156,-36.01225280761719
41414,-1.582321166992188,0.2471466064453125,-0.294891357421875,-2.050449848175049,-0.5129775404930115,-1.396277189254761,12.95210266113281,34.75648498535156,-36.01225280761719
41415,-1.598342895507812,0.2525177001953125,-0.584442138671875,-3.713766574859619,-1.015993237495422,-3.304486274719238,12.69970703125,35.19766235351562,-35.97549438476562
41416,-1.560516357421875,-0.0325775146484375,-0.723968505859375,-4.059545516967773,-1.798370361328125,-3.517266750335693,12.725341796875,35.21002197265625,-36.31320190429688
41417,-1.47222900390625,-0.422576904296875,-0.420989990234375,-3.798215389251709,-1.818794965744019,-3.208505392074585,12.84672546386719,34.99722290039062,-36.44174194335938
41418,-1.16900634765625,-0.4724884033203125,-0.0679473876953125,-2.864454030990601,-0.8208211064338684,-2.341601371765137,12.82781982421875,34.69560241699219,-36.33729553222656
41419,-1.16900634765625,-0.4724884033203125,-0.0679473876953125,-2.864454030990601,-0.8208211064338684,-2.341601371765137,12.82781982421875,34.69560241699219,-36.33729553222656
41420,-0.9799652099609376,-0.04522705078125,-0.4424896240234375,-1.793521046638489,0.138133630156517,-1.56454610824585,12.75816345214844,34.3897705078125,-36.26803588867188
41421,-0.95709228515625,-0.00537109375,-0.55316162109375,-0.957489252090454,-0.1210864782333374,-1.895347476005554,12.87673950195312,33.95704650878906,-36.39179992675781
41422,-0.95709228515625,-0.00537109375,-0.55316162109375,-0.957489252090454,-0.1210864782333374,-1.895347476005554,12.87673950195312,33.95704650878906,-36.39179992675781
41423,-1.0986328125,0.023223876953125,-0.73797607421875,-1.215415000915527,-0.8630508780479431,-3.016904592514038,13.04290771484375,33.71440124511719,-36.54450988769531
41424,-0.8377685546875,-0.4275665283203125,-0.554412841796875,-1.975725173950195,-4.576850891113281,-4.963653564453125,13.45980834960938,32.69700622558594,-36.65036010742188
41425,-0.851318359375,-0.360595703125,-0.1786041259765625,-1.304617404937744,-5.323977470397949,-4.080394268035889,13.60102844238281,31.61250305175781,-36.20404052734375
41426,-0.851318359375,-0.360595703125,-0.1786041259765625,-1.304617404937744,-5.323977470397949,-4.080394268035889,13.60102844238281,31.61250305175781,-36.20404052734375
41427,-0.663360595703125,-0.151275634765625,0.3571624755859375,-0.3683026731014252,-4.838555812835693,-3.249277591705322,13.50743103027344,30.31144714355469,-35.0924072265625
41428,-0.5553131103515625,0.2220916748046875,-0.2965850830078125,0.8072115778923035,-3.250637292861938,-0.9858665466308594,12.98838806152344,27.69004821777344,-31.73800659179688
41429,-0.3952484130859375,0.376251220703125,-0.4283294677734375,0.6971758604049683,-1.864573359489441,0.0853484496474266,12.75914001464844,26.65350341796875,-29.9996337890625
41430,-0.3952484130859375,0.376251220703125,-0.4283294677734375,0.6971758604049683,-1.864573359489441,0.0853484496474266,12.75914001464844,26.65350341796875,-29.9996337890625
41431,-0.8062591552734375,0.7536163330078125,-1.155120849609375,-1.160670876502991,-1.250779151916504,1.024933218955994,12.00663757324219,25.58622741699219,-27.25852966308594
41432,-0.968597412109375,0.597900390625,-1.07354736328125,-2.264371156692505,-1.439484596252441,0.6840675473213196,11.70208740234375,25.74693298339844,-26.4759521484375
41433,-1.14105224609375,0.418731689453125,-0.8102264404296875,-3.01437520980835,-1.569861531257629,0.3453270494937897,11.41792297363281,26.09794616699219,-26.09002685546875
41434,-1.14105224609375,0.418731689453125,-0.8102264404296875,-3.01437520980835,-1.569861531257629,0.3453270494937897,11.41792297363281,26.09794616699219,-26.09002685546875
41435,-1.222747802734375,0.2529144287109375,-0.3994903564453125,-3.153850555419922,-1.389763951301575,0.2851172387599945,11.03227233886719,26.55390930175781,-25.77987670898438
41436,-1.208251953125,0.1626129150390625,0.03466796875,-2.276391983032227,-0.5269075036048889,0.5421168208122253,10.75332641601562,27.12188720703125,-25.64030456542969
41437,-1.118789672851562,-0.1725311279296875,-0.20489501953125,-0.0279173851013183,0.9876551032066344,1.59405529499054,10.13310241699219,28.42192077636719,-25.77580261230469
41438,-1.143402099609375,-0.3391265869140625,-0.12774658203125,0.6119377017021179,1.640422582626343,1.85542106628418,10.04864501953125,28.92291259765625,-25.81509399414062
41439,-1.034393310546875,-0.475982666015625,-0.1490631103515625,1.304053068161011,2.172357320785522,1.628936529159546,9.863296508789062,29.43104553222656,-26.22758483886719
41440,-0.9963531494140624,-0.4991607666015625,-0.247039794921875,2.041749238967896,1.902649879455566,1.129845499992371,9.792556762695312,30.20072937011719,-26.93669128417969
41441,-1.07940673828125,-0.593292236328125,-0.2186279296875,3.037061214447021,1.140708565711975,0.5712658762931824,9.661376953125,30.81996154785156,-27.74285888671875
41442,-1.07940673828125,-0.593292236328125,-0.2186279296875,3.037061214447021,1.140708565711975,0.5712658762931824,9.661376953125,30.81996154785156,-27.74285888671875
41443,-1.193389892578125,-0.5648651123046875,-0.147552490234375,4.089220523834229,-0.1569757610559464,-0.0144124953076243,9.819290161132812,31.11314392089844,-28.40884399414062
41444,-1.1988525390625,-0.5327301025390625,-0.025054931640625,5.081704616546631,-1.543900012969971,-0.6272591352462769,9.921295166015623,31.06120300292969,-28.72633361816406
41445,-1.214859008789062,-0.5299072265625,-0.0193023681640625,6.580591678619385,-4.596073150634766,-1.958459377288818,9.787826538085938,29.92059326171875,-27.46937561035156
41446,-1.214859008789062,-0.5299072265625,-0.0193023681640625,6.580591678619385,-4.596073150634766,-1.958459377288818,9.787826538085938,29.92059326171875,-27.46937561035156
41447,-1.117446899414062,-0.606597900390625,0.0858154296875,6.932958126068115,-6.212441444396973,-2.392238855361938,9.74664306640625,28.63841247558594,-25.57794189453125
41448,-0.9701995849609376,-0.606903076171875,0.3242645263671875,7.121045589447021,-7.57712984085083,-2.634066343307495,9.723419189453123,27.13450622558594,-22.96577453613281
41449,-0.51141357421875,-0.453826904296875,1.223251342773438,6.797391414642334,-8.349468231201172,-3.145365238189697,10.12623596191406,23.82612609863281,-14.90048217773438
41450,-0.51141357421875,-0.453826904296875,1.223251342773438,6.797391414642334,-8.349468231201172,-3.145365238189697,10.12623596191406,23.82612609863281,-14.90048217773438
41451,-0.1448211669921875,-0.22833251953125,1.18603515625,5.906143665313721,-7.585444450378418,-3.941132068634033,13.38955688476562,20.32902526855469,0.541015625
41452,-0.00640869140625,-0.1831817626953125,1.009780883789062,5.477059364318848,-7.432453155517578,-4.234076023101807,15.31736755371094,19.58306884765625,5.12396240234375
41453,0.110382080078125,-0.088897705078125,0.9394073486328124,5.17361307144165,-7.331213474273682,-4.379618167877197,17.64892578125,19.04544067382812,9.500579833984377
41454,0.110382080078125,-0.088897705078125,0.9394073486328124,5.17361307144165,-7.331213474273682,-4.379618167877197,17.64892578125,19.04544067382812,9.500579833984377
41455,0.0522308349609375,0.2500762939453125,1.073089599609375,5.074345588684082,-5.744542598724365,-4.036000728607178,23.32380676269531,18.62141418457031,16.94841003417969
41456,-0.0310211181640625,0.4012451171875,1.116485595703125,5.065248012542725,-4.612342834472656,-3.592178344726562,26.43424987792969,18.74835205078125,20.2783203125
41457,-0.1218109130859375,0.4761810302734375,1.137939453125,4.85076379776001,-3.586246252059937,-3.040838479995728,29.282958984375,19.2825927734375,23.35923767089844
41458,-0.1218109130859375,0.4761810302734375,1.137939453125,4.85076379776001,-3.586246252059937,-3.040838479995728,29.282958984375,19.2825927734375,23.35923767089844
41459,-0.2498016357421875,0.4846038818359375,0.7953033447265625,3.007114410400391,-4.143049240112305,-1.628419399261475,33.67184448242188,21.54496765136719,26.65898132324219
41460,-0.3286590576171875,0.4187774658203125,0.677642822265625,2.457698345184326,-4.35668420791626,-0.6107653379440308,35.64765930175781,22.64492797851562,28.54521179199219
41461,-0.380218505859375,0.4598236083984375,0.6531982421875,1.949256539344788,-4.50639533996582,0.2223302721977234,37.75129699707031,23.50146484375,30.47686767578125
41462,-0.383453369140625,0.501220703125,0.718780517578125,1.47675609588623,-4.425575256347656,0.741263210773468,39.47987365722656,24.5797119140625,31.28608703613281
41463,-0.539520263671875,0.487701416015625,0.790924072265625,1.019660472869873,-3.844558238983154,0.9327495098114014,41.09017944335938,25.61419677734375,31.76638793945312
41464,-0.712310791015625,0.389556884765625,0.754974365234375,0.4041876792907715,-3.23385214805603,0.9322363138198853,42.677490234375,26.24526977539062,33.12254333496094
41465,-0.820098876953125,0.2720794677734375,0.683990478515625,-0.3542073369026184,-2.961257219314575,0.8449949026107788,43.94039916992188,26.80683898925781,33.63070678710938
41466,-0.820098876953125,0.2720794677734375,0.683990478515625,-0.3542073369026184,-2.961257219314575,0.8449949026107788,43.94039916992188,26.80683898925781,33.63070678710938
41467,-0.9896087646484376,-0.0958404541015625,0.77606201171875,-1.884949445724487,-2.818917751312256,0.8248321413993835,46.23966979980469,26.88298034667969,34.17695617675781
41468,-1.040985107421875,-0.35479736328125,0.8416290283203125,-2.34260082244873,-2.885267734527588,1.175195932388306,47.25344848632812,26.39671325683594,34.4805908203125
41469,-1.03704833984375,-0.6319580078125,1.06365966796875,-2.348746776580811,-3.095179319381714,1.766551733016968,48.22969055175781,25.64363098144531,34.49449157714844
41470,-1.03704833984375,-0.6319580078125,1.06365966796875,-2.348746776580811,-3.095179319381714,1.766551733016968,48.22969055175781,25.64363098144531,34.49449157714844
41471,-0.5820770263671875,-0.694091796875,1.465438842773438,-1.368181943893433,-1.82795250415802,2.662971258163452,49.72543334960938,24.65652465820312,31.98750305175781
41472,-0.3634185791015625,-0.5872039794921875,1.069732666015625,-1.127817869186401,-1.24419105052948,2.512373685836792,50.16163635253906,23.959228515625,31.45133972167969
41473,-0.31488037109375,-0.4680023193359375,0.970703125,-1.084894061088562,-1.207337379455566,2.201950311660767,50.32048034667969,23.61839294433594,31.12806701660156
41474,-0.31488037109375,-0.4680023193359375,0.970703125,-1.084894061088562,-1.207337379455566,2.201950311660767,50.32048034667969,23.61839294433594,31.12806701660156
41475,-0.275665283203125,-0.1735992431640625,1.181976318359375,-1.008056282997131,-0.5370397567749023,1.616934776306152,50.24107360839844,22.89506530761719,30.50883483886719
41476,-0.2794036865234375,-0.0150604248046875,1.074874877929688,-0.9799298048019408,-0.3078126907348633,1.37028980255127,50.1324462890625,22.52825927734375,30.21035766601562
41477,-0.3085784912109375,0.134521484375,1.123428344726562,-1.087378025054932,-0.1999184489250183,1.072475790977478,49.927978515625,22.23060607910156,30.0614013671875
41478,-0.3085784912109375,0.134521484375,1.123428344726562,-1.087378025054932,-0.1999184489250183,1.072475790977478,49.927978515625,22.23060607910156,30.0614013671875
41479,-0.2494659423828125,0.06402587890625,1.056304931640625,-1.42323911190033,0.3588926494121552,0.7454931139945984,49.65670776367188,21.28392028808594,29.94761657714844
41480,-0.19512939453125,-0.0427703857421875,0.9996795654296876,-1.593329548835754,0.410381406545639,0.7252314686775208,49.3001708984375,20.95944213867188,29.396240234375
41481,-0.154632568359375,-0.18609619140625,0.9091796875,-1.723619103431702,0.2386666387319565,0.7139269113540649,48.89933776855469,20.5736083984375,28.75706481933594
41482,-0.154632568359375,-0.18609619140625,0.9091796875,-1.723619103431702,0.2386666387319565,0.7139269113540649,48.89933776855469,20.5736083984375,28.75706481933594
41483,-0.0995025634765625,-0.335906982421875,0.9534149169921876,-1.907609224319458,-0.4811098873615265,0.7725582718849182,48.41175842285156,19.4483642578125,28.11740112304688
41484,-0.098876953125,-0.3532562255859375,1.014114379882812,-1.949806451797485,-0.6425446271896362,0.8624889254570007,48.35545349121094,18.80152893066406,27.60760498046875
41485,-0.0731048583984375,-0.3328399658203125,0.9814300537109376,-1.99627673625946,-0.7851715087890625,0.9560247659683228,48.29183959960938,18.2578125,26.95877075195312
41486,-0.0731048583984375,-0.3328399658203125,0.9814300537109376,-1.99627673625946,-0.7851715087890625,0.9560247659683228,48.29183959960938,18.2578125,26.95877075195312
41487,-0.0498046875,-0.310638427734375,0.9817352294921876,-1.610652327537537,-0.052910353988409,0.9620208740234376,48.330322265625,16.63204956054688,26.59083557128906
41488,-0.0625457763671875,-0.3235015869140625,0.9328460693359376,-1.155744791030884,0.6055852770805359,0.8915802240371704,48.32864379882812,15.87750244140625,26.41619873046875
41489,-0.0651092529296875,-0.25701904296875,0.856689453125,-0.6837964057922363,1.141182661056519,0.8377119898796082,47.97222900390625,15.49113464355469,25.54998779296875
41490,-0.1683349609375,-0.1157684326171875,0.8039703369140625,0.1116434410214424,1.574902892112732,0.899892270565033,46.85377502441406,14.9757080078125,24.98789978027344
41491,-0.1683349609375,-0.1157684326171875,0.8039703369140625,0.1116434410214424,1.574902892112732,0.899892270565033,46.85377502441406,14.9757080078125,24.98789978027344
41492,-0.256561279296875,-0.173187255859375,0.8488922119140625,0.4166757762432098,2.136016607284546,1.027482390403748,46.02680969238281,14.97848510742188,24.68388366699219
41493,-0.3405303955078125,-0.368560791015625,0.7984619140625,0.8065987825393677,2.787209033966064,1.096549868583679,45.21662902832031,15.07179260253906,24.50125122070312
41494,-0.3405303955078125,-0.368560791015625,0.7984619140625,0.8065987825393677,2.787209033966064,1.096549868583679,45.21662902832031,15.07179260253906,24.50125122070312
41495,-0.3649749755859375,-0.8146209716796875,0.838226318359375,1.658811092376709,3.933466911315918,1.153341054916382,42.902587890625,15.70184326171875,24.63235473632812
41496,-0.4497528076171875,-0.8168487548828125,0.9237213134765624,1.930956840515137,4.447459697723389,1.376722931861877,41.45468139648438,16.248291015625,24.75505065917969
41497,-0.5247039794921875,-0.7595062255859375,0.8596954345703125,1.853580594062805,4.787588119506836,1.600149154663086,39.65707397460938,17.08561706542969,24.36273193359375
41498,-0.5247039794921875,-0.7595062255859375,0.8596954345703125,1.853580594062805,4.787588119506836,1.600149154663086,39.65707397460938,17.08561706542969,24.36273193359375
41499,-0.393951416015625,-0.5235137939453125,0.745513916015625,1.193633317947388,4.693081855773926,1.559191584587097,35.72514343261719,18.76173400878906,24.25761413574219
41500,-0.338897705078125,-0.478851318359375,0.9479217529296876,0.7136408686637878,5.129338264465332,1.49290919303894,33.71571350097656,19.54653930664062,24.00645446777344
41501,-0.28167724609375,-0.405059814453125,1.066848754882812,0.1005937159061432,5.950322151184082,1.260714292526245,31.64482116699219,20.25456237792969,23.50068664550781
41502,-0.28167724609375,-0.405059814453125,1.066848754882812,0.1005937159061432,5.950322151184082,1.260714292526245,31.64482116699219,20.25456237792969,23.50068664550781
41503,-0.2041168212890625,-0.326568603515625,1.166473388671875,-0.695177435874939,6.993947982788086,0.720713198184967,29.50639343261719,20.83833312988281,21.92807006835938
41504,-0.133941650390625,-0.323944091796875,1.21466064453125,-1.745354294776917,7.92057991027832,0.2088671922683716,27.19783020019531,21.21156311035156,20.11810302734375
41505,-0.3035125732421875,-0.1091766357421875,0.886871337890625,-3.921712636947632,9.394265174865724,-0.4072753489017487,22.64085388183594,20.6851806640625,15.40174865722656
41506,-0.3035125732421875,-0.1091766357421875,0.886871337890625,-3.921712636947632,9.394265174865724,-0.4072753489017487,22.64085388183594,20.6851806640625,15.40174865722656
41507,-0.720001220703125,-0.2192840576171875,0.3527679443359375,-4.66989803314209,6.942636013031006,-0.6131123900413513,18.69444274902344,18.7587890625,7.874160766601562
41508,-0.7635040283203125,-0.2076873779296875,0.3557891845703125,-4.283089160919189,6.236099720001221,-0.3809790313243866,17.40818786621094,17.91050720214844,3.838775634765625
41509,-0.80224609375,-0.225250244140625,0.265716552734375,-3.655683755874634,5.993296146392822,-0.0320391580462455,16.5316162109375,17.59684753417969,-0.766204833984375
41510,-0.80224609375,-0.225250244140625,0.265716552734375,-3.655683755874634,5.993296146392822,-0.0320391580462455,16.5316162109375,17.59684753417969,-0.766204833984375
41511,-1.055374145507812,-0.425140380859375,-0.274993896484375,-2.1612389087677,4.21975040435791,1.049066781997681,15.40170288085938,17.36410522460938,-8.531265258789062
41512,-1.0911865234375,-0.3635101318359375,-0.4588470458984375,-1.516213774681091,2.865858554840088,1.588270664215088,14.93368530273438,17.513671875,-11.32696533203125
41513,-1.08905029296875,-0.1944732666015625,-0.6412353515625,-0.7203783988952637,1.15295135974884,1.874871253967285,14.60820007324219,17.94960021972656,-13.188720703125
41514,-1.08905029296875,-0.1944732666015625,-0.6412353515625,-0.7203783988952637,1.15295135974884,1.874871253967285,14.60820007324219,17.94960021972656,-13.188720703125
41515,-1.0462646484375,-0.027618408203125,-0.5726776123046875,0.2287114709615707,-0.6473902463912964,1.723886489868164,14.16154479980469,18.51426696777344,-14.76483154296875
41516,-1.024551391601562,0.08441162109375,-0.142059326171875,1.33781361579895,-1.858613729476929,1.140444397926331,13.45399475097656,19.25814819335938,-15.880126953125
41517,-1.300537109375,0.02752685546875,0.3524322509765625,3.009521961212158,-1.799126386642456,-0.1198031008243561,12.57426452636719,20.35227966308594,-14.981201171875
41518,-1.347198486328125,-0.00048828125,0.399322509765625,3.33329176902771,-1.402509093284607,-0.4191413521766663,12.41499328613281,20.36802673339844,-13.36129760742188
41519,-1.347198486328125,-0.00048828125,0.399322509765625,3.33329176902771,-1.402509093284607,-0.4191413521766663,12.41499328613281,20.36802673339844,-13.36129760742188
41520,-1.241897583007812,-0.031280517578125,1.329681396484375,3.459449768066406,0.3369764387607574,-0.5487360954284668,12.34266662597656,20.32403564453125,-11.88186645507812
41521,-1.139633178710938,-0.095062255859375,1.140960693359375,3.925285816192627,4.06784725189209,-0.2453980445861816,12.66162109375,20.02359008789062,-9.242874145507812
41522,-1.139633178710938,-0.095062255859375,1.140960693359375,3.925285816192627,4.06784725189209,-0.2453980445861816,12.66162109375,20.02359008789062,-9.242874145507812
41523,-0.6826171875,-0.2791290283203125,0.785552978515625,4.065740585327148,7.194828510284424,-0.1465020924806595,12.65849304199219,19.79194641113281,-9.28704833984375
41524,-0.677642822265625,-0.284942626953125,0.5883026123046875,3.71040678024292,8.136567115783691,-0.0663361474871635,12.48977661132812,19.718505859375,-10.26602172851562
41525,-0.6826324462890625,-0.2482452392578125,0.479339599609375,3.247174024581909,9.126795768737791,-0.1001987755298615,12.51472473144531,19.82943725585938,-12.02308654785156
41526,-0.6826324462890625,-0.2482452392578125,0.479339599609375,3.247174024581909,9.126795768737791,-0.1001987755298615,12.51472473144531,19.82943725585938,-12.02308654785156
41527,-0.3332977294921875,-0.158966064453125,0.274993896484375,2.209484815597534,11.60475540161133,-0.4964321255683899,12.686767578125,19.6561279296875,-17.16685485839844
41528,-0.1036376953125,-0.1231536865234375,0.133392333984375,1.578628420829773,12.77838230133057,-0.6074601411819458,13.25042724609375,19.2860107421875,-20.18017578125
41529,0.1012725830078125,-0.097198486328125,-0.0353851318359375,0.8361076712608337,13.71249485015869,-0.6712526679039001,14.39089965820312,18.77468872070312,-23.72848510742188
41530,0.1012725830078125,-0.097198486328125,-0.0353851318359375,0.8361076712608337,13.71249485015869,-0.6712526679039001,14.39089965820312,18.77468872070312,-23.72848510742188
41531,0.204498291015625,-0.11370849609375,-1.019927978515625,-0.7441231608390808,13.26320457458496,-0.6744958758354187,18.40422058105469,18.00628662109375,-32.22567749023438
41532,0.0414581298828125,-0.1284332275390625,-1.393310546875,-1.28110671043396,11.40021324157715,-0.6116058826446533,21.35505676269531,17.67822265625,-36.57464599609375
41533,-0.176177978515625,-0.146209716796875,-1.566146850585938,-1.451452612876892,8.906758308410645,-0.5679901838302612,24.62086486816406,17.79916381835938,-40.62910461425781
41534,-0.176177978515625,-0.146209716796875,-1.566146850585938,-1.451452612876892,8.906758308410645,-0.5679901838302612,24.62086486816406,17.79916381835938,-40.62910461425781
41535,-0.4109344482421875,-0.1659698486328125,-1.48516845703125,-1.18664014339447,6.401976108551025,-0.5731610059738159,27.96000671386719,18.02520751953125,-44.00987243652344
41536,-0.4109344482421875,-0.1659698486328125,-1.48516845703125,-1.18664014339447,6.401976108551025,-0.5731610059738159,27.96000671386719,18.02520751953125,-44.00987243652344
41537,-0.5661163330078125,-0.1764984130859375,-1.309066772460938,-0.5694312453269958,4.422712802886963,-0.6056782007217407,30.930419921875,18.25344848632812,-46.63796997070312
41538,-0.7039031982421875,-0.264495849609375,-1.016326904296875,0.5049164295196533,2.270606517791748,-0.2106033116579056,34.98240661621094,18.66770935058594,-49.46144104003906
41539,-0.6096343994140625,-0.3532867431640625,-0.9821624755859376,0.6281656622886658,2.127794742584229,0.1713262051343918,36.34013366699219,18.53639221191406,-49.93594360351562
41540,-0.350372314453125,-0.3792724609375,-0.8842315673828125,0.8320357203483582,1.996381998062134,0.8477206826210022,38.00216674804688,18.00639343261719,-50.36541748046875
41541,-0.294586181640625,-0.3427581787109375,-0.7597198486328125,0.9267030954360962,2.017350673675537,1.154925346374512,38.52616882324219,17.86143493652344,-50.54647827148438
41542,-0.294586181640625,-0.3427581787109375,-0.7597198486328125,0.9267030954360962,2.017350673675537,1.154925346374512,38.52616882324219,17.86143493652344,-50.54647827148438
41543,-0.288238525390625,-0.2784576416015625,-0.613189697265625,0.5125389099121094,2.537714719772339,1.734722375869751,39.35157775878906,17.53517150878906,-50.85719299316406
41544,-0.2923583984375,-0.20684814453125,-0.7102203369140625,-0.0918990299105644,2.7124924659729,1.937918901443481,39.65066528320312,17.39376831054688,-51.09686279296875
41545,-0.307586669921875,-0.1317291259765625,-0.988006591796875,-0.7303194403648376,2.427103757858276,2.014500856399536,39.86640930175781,17.31413269042969,-51.28514099121094
41546,-0.307586669921875,-0.1317291259765625,-0.988006591796875,-0.7303194403648376,2.427103757858276,2.014500856399536,39.86640930175781,17.31413269042969,-51.28514099121094
41547,-0.292510986328125,-0.0828704833984375,-1.244247436523438,-1.21065354347229,1.621345281600952,1.974347233772278,40.00930786132812,17.39781188964844,-51.60600280761719
41548,-0.112823486328125,-0.1152801513671875,-1.36541748046875,-1.476220488548279,-0.3177124559879303,1.615399241447449,40.10403442382812,18.451904296875,-52.54426574707031
41549,-0.0604400634765625,-0.138824462890625,-1.236328125,-1.192071080207825,-0.5095418095588684,1.264944553375244,39.69955444335938,19.19085693359375,-53.05158996582031
41550,-0.0604400634765625,-0.138824462890625,-1.236328125,-1.192071080207825,-0.5095418095588684,1.264944553375244,39.69955444335938,19.19085693359375,-53.05158996582031
41551,-0.177703857421875,-0.126983642578125,-1.008758544921875,-0.7865931391716003,-0.6302123069763184,0.7891665101051331,38.360595703125,20.44674682617188,-54.13435363769531
41552,-0.2342529296875,-0.1095123291015625,-0.9343414306640624,-0.7796153426170349,-0.7124107480049133,0.6733366250991821,37.65058898925781,20.96162414550781,-54.47576904296875
41553,-0.2708892822265625,-0.0706939697265625,-0.8350982666015625,-0.8661177754402161,-0.6001737117767334,0.5168785452842712,36.97015380859375,21.44686889648438,-54.69123840332031
41554,-0.24261474609375,-0.047088623046875,-0.7760162353515625,-1.049765944480896,-0.2039070576429367,0.3373018801212311,36.50032043457031,21.83529663085938,-54.96002197265625
41555,-0.24261474609375,-0.047088623046875,-0.7760162353515625,-1.049765944480896,-0.2039070576429367,0.3373018801212311,36.50032043457031,21.83529663085938,-54.96002197265625
41556,-0.1562042236328125,-0.0984344482421875,-0.908050537109375,-1.327815055847168,0.4398016035556793,0.0854837447404861,35.69912719726562,22.77882385253906,-55.64518737792969
41557,-0.1513214111328125,-0.163604736328125,-0.9260711669921876,-1.347004175186157,0.5919094085693359,0.0942756384611129,35.58497619628906,23.60368347167969,-56.05259704589844
41558,-0.1513214111328125,-0.163604736328125,-0.9260711669921876,-1.347004175186157,0.5919094085693359,0.0942756384611129,35.58497619628906,23.60368347167969,-56.05259704589844
41559,-0.194183349609375,-0.293212890625,-1.254150390625,-0.6254013180732727,0.9223839640617372,0.2736035883426666,35.76502990722656,24.82530212402344,-57.10446166992188
41560,-0.1943359375,-0.30242919921875,-1.241851806640625,0.0171238593757152,0.7351539134979248,0.4825514554977417,36.01728820800781,25.3143310546875,-57.57655334472656
41561,-0.208099365234375,-0.2747802734375,-1.056900024414062,0.5697335004806519,0.7760219573974609,0.738574206829071,36.38052368164062,25.69149780273438,-57.83592224121094
41562,-0.208099365234375,-0.2747802734375,-1.056900024414062,0.5697335004806519,0.7760219573974609,0.738574206829071,36.38052368164062,25.69149780273438,-57.83592224121094
41563,-0.206298828125,-0.201324462890625,-1.0924072265625,1.109619855880737,0.9177964329719543,1.021374702453613,36.6341552734375,26.02487182617188,-58.24278259277344
41564,-0.194488525390625,-0.121795654296875,-1.182693481445312,1.182078957557678,0.7563561201095581,0.954149067401886,36.80702209472656,25.76950073242188,-58.121337890625
41565,-0.158721923828125,-0.032989501953125,-1.256088256835938,1.180314898490906,0.2883660197257996,0.7706514596939087,36.99087524414062,25.47760009765625,-58.08468627929688
41566,-0.158721923828125,-0.032989501953125,-1.256088256835938,1.180314898490906,0.2883660197257996,0.7706514596939087,36.99087524414062,25.47760009765625,-58.08468627929688
41567,-0.1081085205078125,-0.0009002685546875,-1.188446044921875,1.083379507064819,-0.1909792721271515,0.5634737610816956,36.95843505859375,25.19596862792969,-57.9342041015625
41568,-0.1081085205078125,-0.0009002685546875,-1.188446044921875,1.083379507064819,-0.1909792721271515,0.5634737610816956,36.95843505859375,25.19596862792969,-57.9342041015625
41569,-0.1869659423828125,-0.1224212646484375,-0.907470703125,0.86090087890625,-0.2661184966564178,0.2414722740650177,36.46331787109375,24.34353637695312,-56.83865356445312
41570,-0.21929931640625,-0.1703033447265625,-0.8932952880859375,0.9356601238250732,-0.0174935068935155,0.2665840089321136,36.23057556152344,23.96461486816406,-56.05970764160156
41571,-0.21929931640625,-0.1703033447265625,-0.8932952880859375,0.9356601238250732,-0.0174935068935155,0.2665840089321136,36.23057556152344,23.96461486816406,-56.05970764160156
41572,-0.2545928955078125,-0.193389892578125,-0.9053497314453124,1.049266576766968,0.1571262329816818,0.3198656141757965,35.96769714355469,23.69195556640625,-55.77349853515625
41573,-0.285125732421875,-0.20440673828125,-0.9680023193359376,1.194675922393799,0.3403538465499878,0.5018106698989868,35.72868347167969,22.73988342285156,-54.807373046875
41574,-0.285125732421875,-0.20440673828125,-0.9680023193359376,1.194675922393799,0.3403538465499878,0.5018106698989868,35.72868347167969,22.73988342285156,-54.807373046875
41575,-0.23876953125,-0.209259033203125,-0.892059326171875,1.172232151031494,0.3775675296783447,0.6138578057289124,35.59251403808594,21.63298034667969,-53.58668518066406
41576,-0.210601806640625,-0.2266693115234375,-0.828369140625,1.210575580596924,0.5441354513168335,0.6566412448883057,35.46737670898438,21.10874938964844,-52.83586120605469
41577,-0.1751861572265625,-0.2516937255859375,-0.8367767333984375,1.308147668838501,0.7293804287910461,0.71258944272995,35.397705078125,20.67378234863281,-52.34330749511719
41578,-0.1751861572265625,-0.2516937255859375,-0.8367767333984375,1.308147668838501,0.7293804287910461,0.71258944272995,35.397705078125,20.67378234863281,-52.34330749511719
41579,0.3587188720703125,-0.316497802734375,-0.326507568359375,2.01195502281189,2.066472291946411,0.5808639526367188,35.48719787597656,19.8743896484375,-51.70364379882812
41580,-0.0141143798828125,-0.4153900146484375,-1.126800537109375,2.459437608718872,2.039783000946045,0.5782479047775269,35.86187744140625,19.41592407226562,-51.12197875976562
41581,-0.1014251708984375,-0.3599395751953125,-1.405792236328125,2.466180562973022,0.9488778710365297,0.7742629647254944,36.45579528808594,18.82386779785156,-50.55802917480469
41582,-0.1014251708984375,-0.3599395751953125,-1.405792236328125,2.466180562973022,0.9488778710365297,0.7742629647254944,36.45579528808594,18.82386779785156,-50.55802917480469
41583,-0.3602447509765625,-0.1550750732421875,-1.227020263671875,0.9260939955711364,-1.085907340049744,0.6249884963035583,38.23985290527344,16.96101379394531,-48.04312133789062
41584,-0.1305694580078125,-0.14813232421875,-1.100967407226562,0.3925448954105377,-1.435508012771606,0.4774832129478455,38.38325500488281,16.4490966796875,-48.29547119140625
41585,-0.055908203125,-0.184722900390625,-1.029403686523438,0.0194035246968269,-1.789730548858643,0.3906577527523041,38.31787109375,15.98667907714844,-47.50479125976562
41586,-0.055908203125,-0.184722900390625,-1.029403686523438,0.0194035246968269,-1.789730548858643,0.3906577527523041,38.31787109375,15.98667907714844,-47.50479125976562
41587,-0.030487060546875,-0.29571533203125,-0.7644500732421875,-0.1761377453804016,-1.808175086975098,0.4351038038730621,37.79525756835938,15.58738708496094,-45.69044494628906
41588,-0.0623321533203125,-0.33819580078125,-0.7708282470703125,-0.0172538217157125,-1.546502113342285,0.5357539653778076,37.28938293457031,15.60810852050781,-45.48162841796875
41589,-0.13238525390625,-0.3797607421875,-0.869720458984375,0.1438394635915756,-1.36141562461853,0.6280327439308167,36.543701171875,16.0936279296875,-46.16867065429688
41590,-0.13238525390625,-0.3797607421875,-0.869720458984375,0.1438394635915756,-1.36141562461853,0.6280327439308167,36.543701171875,16.0936279296875,-46.16867065429688
41591,-0.29205322265625,-0.34814453125,-0.83154296875,0.4701408743858337,-0.7891124486923218,0.7411556243896484,35.30531311035156,16.40016174316406,-45.92088317871094
41592,-0.335784912109375,-0.2746429443359375,-0.6750030517578125,0.7310758233070374,-0.223761722445488,0.7092727422714233,34.74099731445312,16.48719787597656,-45.42710876464844
41593,-0.318145751953125,-0.229400634765625,-0.6376953125,1.105024576187134,0.3940583467483521,0.6307180523872375,34.21574401855469,16.54742431640625,-44.99468994140625
41594,-0.318145751953125,-0.229400634765625,-0.6376953125,1.105024576187134,0.3940583467483521,0.6307180523872375,34.21574401855469,16.54742431640625,-44.99468994140625
41595,-0.228668212890625,-0.294952392578125,-0.759613037109375,1.790953993797302,1.030739784240723,0.429809957742691,33.65272521972656,16.48338317871094,-44.71562194824219
41596,-0.2118072509765625,-0.3659515380859375,-0.8579559326171875,1.873993992805481,1.2121422290802,0.4619721472263336,33.59953308105469,16.30131530761719,-44.41270446777344
41597,-0.1916046142578125,-0.4509735107421875,-0.974212646484375,1.796678185462952,1.266893625259399,0.590559720993042,33.58616638183594,15.97671508789062,-44.08537292480469
41598,-0.1916046142578125,-0.4509735107421875,-0.974212646484375,1.796678185462952,1.266893625259399,0.590559720993042,33.58616638183594,15.97671508789062,-44.08537292480469
41599,-0.173248291015625,-0.5292816162109375,-1.17510986328125,1.687471270561218,0.714747965335846,1.044912815093994,33.77256774902344,15.27610778808594,-43.22212219238281
41600,-0.2159271240234375,-0.396148681640625,-1.194992065429688,1.716582775115967,0.2178564220666885,1.114914298057556,33.64854431152344,14.95245361328125,-42.75833129882812
41601,-0.09234619140625,-0.252471923828125,-1.1400146484375,1.353581190109253,-0.1121201440691948,0.9158520102500916,33.49806213378906,14.76478576660156,-42.30648803710938
41602,-0.09234619140625,-0.252471923828125,-1.1400146484375,1.353581190109253,-0.1121201440691948,0.9158520102500916,33.49806213378906,14.76478576660156,-42.30648803710938
41603,0.1151123046875,-0.1898956298828125,-0.9659881591796876,0.8746824860572815,-0.0050219227559864,0.5158047676086426,33.02091979980469,14.57939147949219,-41.68788146972656
41604,0.575714111328125,-0.2647247314453125,-1.214096069335938,0.3822232782840729,-0.3196307420730591,-0.6555072665214539,32.63758850097656,14.66421508789062,-41.11231994628906
41605,-0.0895538330078125,-0.58392333984375,-0.8296966552734375,-0.058462243527174,-0.5402438044548035,-0.1814592778682709,32.06686401367188,14.76821899414062,-40.04411315917969
41606,-0.0895538330078125,-0.58392333984375,-0.8296966552734375,-0.058462243527174,-0.5402438044548035,-0.1814592778682709,32.06686401367188,14.76821899414062,-40.04411315917969
41607,-0.1587982177734375,-0.5778045654296875,-0.8520050048828125,-0.1463375091552734,-0.5847984552383423,0.1051796823740005,32.01902770996094,14.89450073242188,-39.8392333984375
41608,-0.3099365234375,-0.6203155517578125,-0.8051300048828125,-0.6323279142379761,-0.4231312870979309,0.840112030506134,31.77693176269531,15.11622619628906,-39.52987670898438
41609,-0.2251129150390625,-0.527618408203125,-0.896087646484375,-0.7290520668029785,-0.2794835865497589,0.914248526096344,31.48007202148438,15.17167663574219,-39.26922607421875
41610,-0.2251129150390625,-0.527618408203125,-0.896087646484375,-0.7290520668029785,-0.2794835865497589,0.914248526096344,31.48007202148438,15.17167663574219,-39.26922607421875
41611,-0.2089385986328125,-0.2958221435546875,-1.089385986328125,-0.4518324434757233,-0.0908167213201522,0.5023070573806763,30.4276123046875,16.27725219726562,-39.18881225585938
41612,-0.223968505859375,-0.236358642578125,-1.086349487304688,-0.1224215179681778,-0.1575707197189331,0.1827349215745926,30.13157653808594,16.53709411621094,-39.28730773925781
41613,-0.2266998291015625,-0.263427734375,-1.027206420898438,0.2350186407566071,-0.2882283329963684,-0.1477415263652802,29.98388671875,16.82467651367188,-39.16177368164062
41614,-0.2266998291015625,-0.263427734375,-1.027206420898438,0.2350186407566071,-0.2882283329963684,-0.1477415263652802,29.98388671875,16.82467651367188,-39.16177368164062
41615,-0.1876678466796875,-0.3303070068359375,-0.9647674560546876,0.7666665315628052,-0.8822096586227417,-0.5953302383422852,30.00048828125,16.7713623046875,-38.523193359375
41616,-0.247467041015625,-0.4454193115234375,-0.7202911376953125,0.8783411383628845,-0.771388590335846,-0.8388704657554626,30.03108215332031,16.53436279296875,-38.21534729003906
41617,-0.247467041015625,-0.4454193115234375,-0.7202911376953125,0.8783411383628845,-0.771388590335846,-0.8388704657554626,30.03108215332031,16.53436279296875,-38.21534729003906
41618,-0.331268310546875,-0.5108184814453125,-0.774627685546875,0.923939287662506,-0.7878440022468567,-0.8290870189666748,30.0435791015625,15.9102783203125,-37.21340942382812
41619,-0.3094940185546875,-0.4746856689453125,-0.803466796875,0.8593490719795227,-0.8872997760772705,-0.9082183241844176,30.16897583007812,15.48735046386719,-36.04678344726562
41620,-0.2995452880859375,-0.47174072265625,-0.790313720703125,0.8127149939537048,-0.9922964572906494,-1.03358268737793,30.44276428222656,14.81437683105469,-34.67593383789062
41621,-0.2995452880859375,-0.47174072265625,-0.790313720703125,0.8127149939537048,-0.9922964572906494,-1.03358268737793,30.44276428222656,14.81437683105469,-34.67593383789062
41622,-0.3005218505859375,-0.5214080810546875,-0.78070068359375,0.9005963802337646,-1.111252188682556,-1.089760184288025,30.50631713867188,14.48408508300781,-33.93711853027344
41623,-0.3005218505859375,-0.5214080810546875,-0.78070068359375,0.9005963802337646,-1.111252188682556,-1.089760184288025,30.50631713867188,14.48408508300781,-33.93711853027344
41624,-0.2962646484375,-0.5900421142578125,-0.76739501953125,1.005349636077881,-1.132407188415527,-1.049777030944824,30.60150146484375,14.20487976074219,-33.69677734375
41625,-0.2962646484375,-0.5900421142578125,-0.76739501953125,1.005349636077881,-1.132407188415527,-1.049777030944824,30.60150146484375,14.20487976074219,-33.69677734375
41626,-0.2962646484375,-0.5900421142578125,-0.76739501953125,1.005349636077881,-1.132407188415527,-1.049777030944824,30.60150146484375,14.20487976074219,-33.69677734375
41627,-0.3414459228515625,-0.37109375,-0.6179046630859375,0.7219887971878052,-1.441728115081787,-0.37325319647789,31.24136352539062,12.16667175292969,-31.2305908203125
41628,-0.34112548828125,-0.29132080078125,-0.694671630859375,0.6384944915771484,-1.71030867099762,-0.3316146731376648,31.15446472167969,12.00376892089844,-30.55607604980469
41629,-0.371307373046875,-0.24383544921875,-0.751312255859375,0.6528502106666565,-1.966206192970276,-0.5162106156349182,30.86447143554688,11.83786010742188,-30.15779113769531
41630,-0.371307373046875,-0.24383544921875,-0.751312255859375,0.6528502106666565,-1.966206192970276,-0.5162106156349182,30.86447143554688,11.83786010742188,-30.15779113769531
41631,-0.3916168212890625,-0.3299560546875,-0.7701263427734375,0.700251042842865,-2.205416440963745,-0.790657639503479,30.48553466796875,11.66668701171875,-29.63134765625
41632,-0.4066162109375,-0.4151763916015625,-0.570220947265625,-0.0225995853543281,-1.175559520721436,-1.272737503051758,29.54766845703125,11.17280578613281,-28.1375732421875
41633,-0.3740692138671875,-0.4113311767578125,-0.570281982421875,-0.1653471440076828,-0.9044030904769896,-1.695288181304932,29.29792785644531,10.80372619628906,-27.52847290039062
41634,-0.3740692138671875,-0.4113311767578125,-0.570281982421875,-0.1653471440076828,-0.9044030904769896,-1.695288181304932,29.29792785644531,10.80372619628906,-27.52847290039062
41635,-0.2750091552734375,-0.5218505859375,-0.645782470703125,-0.1375682502985001,-0.7814135551452637,-2.177448749542236,29.54022216796875,9.866470336914062,-27.2127685546875
41636,-0.2750091552734375,-0.5218505859375,-0.645782470703125,-0.1375682502985001,-0.7814135551452637,-2.177448749542236,29.54022216796875,9.866470336914062,-27.2127685546875
41637,-0.2732391357421875,-0.600555419921875,-0.8244476318359375,-0.3428739905357361,-0.931666135787964,-2.089720964431763,30.50736999511719,8.644149780273438,-26.7415771484375
41638,-0.2732391357421875,-0.600555419921875,-0.8244476318359375,-0.3428739905357361,-0.931666135787964,-2.089720964431763,30.50736999511719,8.644149780273438,-26.7415771484375
41639,-0.3563995361328125,-0.64697265625,-0.7380218505859375,-0.4364460408687592,-0.8495920300483704,-1.81944477558136,31.1319580078125,8.01739501953125,-26.69927978515625
41640,-0.3563995361328125,-0.64697265625,-0.7380218505859375,-0.4364460408687592,-0.8495920300483704,-1.81944477558136,31.1319580078125,8.01739501953125,-26.69927978515625
41641,-0.3645477294921875,-0.632476806640625,-0.7253265380859375,-0.7921679019927979,-0.87889164686203,-1.056101560592651,32.10176086425781,7.265289306640625,-26.96296691894531
41642,-0.32659912109375,-0.608642578125,-0.64874267578125,-0.9929422736167908,-0.7493027448654175,-0.725426971912384,32.2562255859375,7.053939819335938,-27.07438659667969
41643,-0.3377685546875,-0.61322021484375,-0.572509765625,-1.241761922836304,-0.1027029454708099,-0.4462730884552002,32.31344604492188,6.652938842773438,-27.19253540039062
41644,-0.3654327392578125,-0.6184844970703125,-0.602081298828125,-1.530555963516235,0.7297466397285461,-0.1814339756965637,32.38346862792969,6.506301879882812,-27.45045471191406
41645,-0.3540191650390625,-0.5836944580078125,-0.6939239501953125,-1.778208613395691,1.19541072845459,0.1017564535140991,32.40159606933594,6.344924926757812,-28.10626220703125
41646,-0.3427581787109375,-0.509857177734375,-0.7709197998046875,-1.975443124771118,1.280872344970703,0.219690814614296,32.72535705566406,6.201919555664062,-28.78488159179688
41647,-0.109527587890625,-0.6127777099609375,-0.770751953125,-2.005659580230713,1.172595381736755,0.1272160112857819,33.23365783691406,6.426986694335938,-30.62687683105469
41648,-0.117401123046875,-0.694732666015625,-0.76483154296875,-1.69786262512207,1.225608587265015,0.3319443762302399,33.50491333007812,6.746322631835938,-31.69039916992188
41649,-0.22088623046875,-0.6871795654296875,-0.7868499755859375,-1.263414263725281,1.302959322929382,0.7059177160263062,33.84883117675781,7.06195068359375,-32.57220458984375
41650,-0.22088623046875,-0.6871795654296875,-0.7868499755859375,-1.263414263725281,1.302959322929382,0.7059177160263062,33.84883117675781,7.06195068359375,-32.57220458984375
41651,-0.3179779052734375,-0.6345062255859375,-0.8260955810546875,-0.8548163771629333,1.357957601547241,1.164602994918823,34.11019897460938,7.202560424804688,-33.52169799804688
41652,-0.3179779052734375,-0.6345062255859375,-0.8260955810546875,-0.8548163771629333,1.357957601547241,1.164602994918823,34.11019897460938,7.202560424804688,-33.52169799804688
41653,-0.3179779052734375,-0.6345062255859375,-0.8260955810546875,-0.8548163771629333,1.357957601547241,1.164602994918823,34.11019897460938,7.202560424804688,-33.52169799804688
41654,-0.4700927734375,-0.516937255859375,-0.90081787109375,-1.358424186706543,1.314977288246155,2.165091514587402,34.114990234375,7.731658935546875,-35.84596252441406
41655,-0.4246063232421875,-0.506683349609375,-0.8531341552734375,-1.360994577407837,1.415406703948975,2.405461072921753,33.79684448242188,7.948867797851562,-36.29017639160156
41656,0.0398101806640625,-0.4314727783203125,-0.840057373046875,-1.283207416534424,1.879282236099243,2.538873910903931,33.10597229003906,8.941390991210938,-37.58213806152344
41657,0.14501953125,-0.236541748046875,-0.9362030029296876,-1.448148727416992,1.909669399261475,1.796955108642578,32.79214477539062,9.35723876953125,-38.37846374511719
41658,0.14501953125,-0.236541748046875,-0.9362030029296876,-1.448148727416992,1.909669399261475,1.796955108642578,32.79214477539062,9.35723876953125,-38.37846374511719
41659,-0.068756103515625,-0.0859222412109375,-1.0345458984375,-1.527613997459412,1.635145783424377,0.3539013564586639,32.60641479492188,9.871002197265623,-39.16679382324219
41660,-0.1953582763671875,-0.2370758056640625,-1.0074462890625,-1.193633079528809,1.255208253860474,-0.8239830732345581,32.67192077636719,10.36077880859375,-40.0709228515625
41661,-0.1531829833984375,-0.5895538330078125,-0.910980224609375,-0.5674242973327637,0.6304056644439697,-0.9039876461029052,33.67774963378906,11.12202453613281,-41.84164428710938
41662,-0.1531829833984375,-0.5895538330078125,-0.910980224609375,-0.5674242973327637,0.6304056644439697,-0.9039876461029052,33.67774963378906,11.12202453613281,-41.84164428710938
41663,-0.127960205078125,-0.5386199951171875,-0.92572021484375,-0.4940909445285797,0.6712020635604858,-0.4043533504009247,34.26246643066406,11.14332580566406,-42.40675354003906
41664,-0.0208892822265625,-0.2501220703125,-1.004730224609375,-0.8080970644950867,1.135529041290283,0.260166347026825,35.0386962890625,11.36198425292969,-43.11863708496094
41665,0.0355072021484375,-0.1109619140625,-1.0892333984375,-0.8985359072685242,1.262954115867615,0.3408995270729065,35.33273315429688,11.68377685546875,-43.40252685546875
41666,0.0355072021484375,-0.1109619140625,-1.0892333984375,-0.8985359072685242,1.262954115867615,0.3408995270729065,35.33273315429688,11.68377685546875,-43.40252685546875
41667,0.042694091796875,-0.1021728515625,-0.998260498046875,-1.278194308280945,1.281506180763245,0.3572143316268921,35.62982177734375,11.967041015625,-43.70606994628906
41668,0.01715087890625,-0.19952392578125,-0.993927001953125,-1.772487044334412,1.07222592830658,0.7718812823295593,36.27513122558594,13.07505798339844,-44.51399230957031
41669,-0.1060943603515625,-0.2196044921875,-1.105850219726562,-1.800793886184692,0.7837206125259399,0.9350302815437316,36.60493469238281,13.66836547851562,-45.25166320800781
41670,-0.1060943603515625,-0.2196044921875,-1.105850219726562,-1.800793886184692,0.7837206125259399,0.9350302815437316,36.60493469238281,13.66836547851562,-45.25166320800781
41671,-0.1627197265625,-0.1986541748046875,-1.096084594726562,-1.56782853603363,0.7991136908531189,0.8835446834564209,36.88621520996094,15.31843566894531,-46.42692565917969
41672,-0.1732330322265625,-0.2592620849609375,-1.0638427734375,-0.999126136302948,0.5100755095481873,0.8189492225646973,36.90142822265625,16.17051696777344,-47.12289428710938
41673,-0.16693115234375,-0.23992919921875,-1.075241088867188,-0.6064566373825073,0.3291025161743164,0.6989783048629761,36.809814453125,16.84982299804688,-47.55021667480469
41674,-0.16693115234375,-0.23992919921875,-1.075241088867188,-0.6064566373825073,0.3291025161743164,0.6989783048629761,36.809814453125,16.84982299804688,-47.55021667480469
41675,-0.31109619140625,-0.430084228515625,-1.071365356445312,-0.360178142786026,0.0622716285288333,0.4723222553730011,36.80448913574219,18.00706481933594,-48.30561828613281
41676,-0.350341796875,-0.57391357421875,-1.0887451171875,-0.2553113996982574,-0.1463020890951157,0.1825658231973648,36.60125732421875,18.48252868652344,-48.50126647949219
41677,-0.332366943359375,-0.69451904296875,-1.092742919921875,-0.276082456111908,-0.3498477637767792,-0.0806306600570678,36.51773071289062,18.778564453125,-48.55088806152344
41678,-0.332366943359375,-0.69451904296875,-1.092742919921875,-0.276082456111908,-0.3498477637767792,-0.0806306600570678,36.51773071289062,18.778564453125,-48.55088806152344
41679,-0.272735595703125,-0.6606597900390625,-1.1239013671875,-0.0988200530409812,-1.187510967254639,0.067408338189125,36.12065124511719,19.15385437011719,-48.68341064453125
41680,-0.2536773681640625,-0.4261474609375,-1.07318115234375,-0.0454082265496254,-1.422575116157532,0.2036913484334946,35.58186340332031,19.28677368164062,-48.61669921875
41681,-0.2497711181640625,-0.21783447265625,-1.042938232421875,0.1026629954576492,-1.494939684867859,0.2138302624225616,34.86824035644531,19.44064331054688,-48.35591125488281
41682,-0.2497711181640625,-0.21783447265625,-1.042938232421875,0.1026629954576492,-1.494939684867859,0.2138302624225616,34.86824035644531,19.44064331054688,-48.35591125488281
41683,-0.1188507080078125,-0.29132080078125,-0.9418182373046876,0.8213742971420288,-0.8584569096565247,0.2654295265674591,32.29039001464844,19.41888427734375,-46.86614990234375
41684,-0.1188507080078125,-0.29132080078125,-0.9418182373046876,0.8213742971420288,-0.8584569096565247,0.2654295265674591,32.29039001464844,19.41888427734375,-46.86614990234375
41685,-0.0530548095703125,-0.33209228515625,-0.9144287109375,0.8160244822502136,-0.7388466596603394,0.453456699848175,31.74601745605469,19.20999145507812,-46.26548767089844
41686,-0.0530548095703125,-0.33209228515625,-0.9144287109375,0.8160244822502136,-0.7388466596603394,0.453456699848175,31.74601745605469,19.20999145507812,-46.26548767089844
41687,-0.033294677734375,-0.2946014404296875,-0.837249755859375,0.7701611518859863,-0.7276120781898499,0.6719530820846558,31.37565612792969,19.00825500488281,-45.39300537109375
41688,-0.1662139892578125,-0.17633056640625,-0.90594482421875,0.2957376539707184,-1.092358112335205,0.7130070328712463,30.7998046875,19.31037902832031,-44.3414306640625
41689,-0.256591796875,-0.1521759033203125,-0.9419708251953124,0.0303419269621372,-1.413070321083069,0.6078774333000183,30.39889526367188,19.76087951660156,-43.61358642578125
41690,-0.256591796875,-0.1521759033203125,-0.9419708251953124,0.0303419269621372,-1.413070321083069,0.6078774333000183,30.39889526367188,19.76087951660156,-43.61358642578125
41691,-0.3144683837890625,-0.1330108642578125,-0.905059814453125,-0.123927004635334,-1.528760194778442,0.4805684685707092,29.94485473632812,20.23297119140625,-42.95573425292969
41692,-0.4723968505859375,-0.05010986328125,-0.8405303955078125,-0.2244903594255447,-1.230178236961365,0.4480467438697815,28.83978271484375,21.295654296875,-41.87556457519531
41693,-0.482086181640625,0.06756591796875,-0.8005523681640625,-0.1562481969594955,-0.810683012008667,0.3752907812595367,28.29959106445312,21.64022827148438,-40.51022338867188
41694,-0.482086181640625,0.06756591796875,-0.8005523681640625,-0.1562481969594955,-0.810683012008667,0.3752907812595367,28.29959106445312,21.64022827148438,-40.51022338867188
41695,-0.56756591796875,0.0782470703125,-0.8926239013671875,-0.028294488787651,-0.5388714671134949,0.3226837813854218,27.73712158203125,21.86753845214844,-39.05194091796875
41696,-0.4817657470703125,-0.235107421875,-0.9334259033203124,0.3868864774703979,-0.2760179936885834,0.1151654720306396,26.60331726074219,22.61114501953125,-38.45095825195312
41697,-0.4622039794921875,-0.345977783203125,-0.9566192626953124,0.629339873790741,-0.1517655551433563,-0.0900651812553405,26.15615844726562,22.92626953125,-39.10586547851562
41698,-0.46173095703125,-0.38067626953125,-0.96661376953125,0.7788169384002686,-0.4215389788150787,-0.5739253163337708,25.50535583496094,23.16401672363281,-39.74635314941406
41699,-0.46173095703125,-0.38067626953125,-0.96661376953125,0.7788169384002686,-0.4215389788150787,-0.5739253163337708,25.50535583496094,23.16401672363281,-39.74635314941406
41700,-0.4645843505859375,-0.37432861328125,-0.93316650390625,0.7455873489379883,-0.6549844741821289,-0.7508553862571716,25.37449645996094,22.92863464355469,-39.38917541503906
41701,-0.477264404296875,-0.370025634765625,-0.906890869140625,0.7046817541122437,-0.8982184529304504,-0.8383391499519348,25.20457458496094,22.57070922851562,-39.21923828125
41702,-0.477264404296875,-0.370025634765625,-0.906890869140625,0.7046817541122437,-0.8982184529304504,-0.8383391499519348,25.20457458496094,22.57070922851562,-39.21923828125
41703,-0.543853759765625,-0.3259429931640625,-0.85595703125,0.6459433436393738,-1.210502624511719,-0.8433791399002075,24.78138732910156,21.82766723632812,-38.30213928222656
41704,-0.5947265625,-0.291961669921875,-0.8504791259765625,0.5882709622383118,-1.295324206352234,-0.9266567230224608,24.48463439941406,21.61495971679688,-37.7564697265625
41705,-0.60833740234375,-0.2494964599609375,-0.8720550537109375,0.533777117729187,-1.360775113105774,-1.097223401069641,24.16152954101562,21.23716735839844,-37.06005859375
41706,-0.602691650390625,-0.2142486572265625,-0.900909423828125,0.5302817225456238,-1.422128558158875,-1.254952907562256,23.87844848632812,20.800537109375,-36.41468811035156
41707,-0.602691650390625,-0.2142486572265625,-0.900909423828125,0.5302817225456238,-1.422128558158875,-1.254952907562256,23.87844848632812,20.800537109375,-36.41468811035156
41708,-0.4914093017578125,-0.2034149169921875,-0.8286895751953125,0.6594412922859192,-1.193141937255859,-1.273412346839905,23.14517211914062,20.13165283203125,-35.06248474121094
41709,-0.425048828125,-0.209014892578125,-0.75732421875,0.5751069784164429,-0.8878952264785767,-1.185294389724731,22.94709777832031,19.82527160644531,-34.19418334960938
41710,-0.425048828125,-0.209014892578125,-0.75732421875,0.5751069784164429,-0.8878952264785767,-1.185294389724731,22.94709777832031,19.82527160644531,-34.19418334960938
41711,-0.354400634765625,-0.237030029296875,-0.6837005615234375,0.1148546785116196,-0.1268383711576462,-0.9565560817718506,22.8072509765625,19.19879150390625,-33.0347900390625
41712,-0.3248291015625,-0.2183685302734375,-0.7035369873046875,-0.0963094905018806,0.1596314758062363,-0.8736872673034668,22.99722290039062,18.82925415039062,-32.68099975585938
41713,-0.3140411376953125,-0.2104339599609375,-0.7336578369140625,-0.2168726623058319,0.4245225191116333,-0.8405205607414246,23.33561706542969,18.64865112304688,-32.41734313964844
41714,-0.3140411376953125,-0.2104339599609375,-0.7336578369140625,-0.2168726623058319,0.4245225191116333,-0.8405205607414246,23.33561706542969,18.64865112304688,-32.41734313964844
41715,-0.33245849609375,-0.2075653076171875,-0.7563018798828125,-0.2814484536647797,0.708034098148346,-0.7851283550262451,23.79399108886719,18.33976745605469,-32.3543701171875
41716,-0.341156005859375,-0.211517333984375,-0.7884674072265625,-0.335894912481308,0.9380257725715636,-0.7566144466400146,24.39654541015625,18.25297546386719,-32.64028930664062
41717,-0.3557281494140625,-0.2340087890625,-0.8596343994140625,-0.3332565128803253,1.025322556495667,-0.7749271392822266,25.99774169921875,18.25405883789062,-33.55101013183594
41718,-0.327972412109375,-0.2487335205078125,-0.88482666015625,-0.2848996520042419,0.8951664566993713,-0.7856125235557556,26.98858642578125,18.16777038574219,-34.09794616699219
41719,-0.327972412109375,-0.2487335205078125,-0.88482666015625,-0.2848996520042419,0.8951664566993713,-0.7856125235557556,26.98858642578125,18.16777038574219,-34.09794616699219
41720,-0.268402099609375,-0.277984619140625,-0.9393310546875,-0.1676129698753357,0.4695592522621155,-0.6935036778450012,28.87326049804688,18.05088806152344,-35.34713745117188
41721,-0.240020751953125,-0.28167724609375,-0.977447509765625,-0.0955709964036941,0.1374169737100601,-0.6073455810546875,29.64781188964844,17.99034118652344,-35.71124267578125
41722,-0.2357025146484375,-0.2767181396484375,-0.9718475341796876,-0.000744087214116,-0.1007820069789886,-0.5138052701950073,30.28794860839844,17.9532470703125,-35.93165588378906
41723,-0.2569580078125,-0.2705535888671875,-0.9614105224609376,0.0732731521129608,-0.1843160390853882,-0.4104360044002533,30.77104187011719,17.96585083007812,-36.32394409179688
41724,-0.2845458984375,-0.26373291015625,-0.948974609375,0.1271294504404068,-0.1438770145177841,-0.3236148059368134,31.13948059082031,17.971923828125,-36.53582763671875
41725,-0.302886962890625,-0.261993408203125,-0.92132568359375,0.1618940979242325,-0.0164905600249767,-0.2807419300079346,31.33609008789062,17.89398193359375,-36.51959228515625
41726,-0.302886962890625,-0.261993408203125,-0.92132568359375,0.1618940979242325,-0.0164905600249767,-0.2807419300079346,31.33609008789062,17.89398193359375,-36.51959228515625
41727,-0.32440185546875,-0.2693634033203125,-0.9136810302734376,0.1519447863101959,0.1106663271784782,-0.2715039551258087,31.39866638183594,17.96467590332031,-36.72840881347656
41728,-0.3367462158203125,-0.2841949462890625,-0.9098968505859376,0.0596627965569496,0.2519736588001251,-0.3524315655231476,31.62977600097656,18.08537292480469,-37.03807067871094
41729,-0.306640625,-0.297149658203125,-0.9270477294921876,0.0293067563325166,0.1961729675531387,-0.4041405618190765,31.70233154296875,18.07170104980469,-37.06486511230469
41730,-0.306640625,-0.297149658203125,-0.9270477294921876,0.0293067563325166,0.1961729675531387,-0.4041405618190765,31.70233154296875,18.07170104980469,-37.06486511230469
41731,-0.28924560546875,-0.3189849853515625,-0.925201416015625,0.0372530966997146,0.0507569201290607,-0.3858912289142609,31.88023376464844,17.98243713378906,-37.05526733398438
41732,-0.3156585693359375,-0.3380889892578125,-0.900054931640625,0.1123451814055443,-0.2685446441173553,-0.2658732235431671,32.07080078125,17.939208984375,-37.11181640625
41733,-0.354217529296875,-0.34991455078125,-0.89111328125,0.142089769244194,-0.4322454333305359,-0.2636012732982635,32.01104736328125,17.81648254394531,-36.79287719726562
41734,-0.354217529296875,-0.34991455078125,-0.89111328125,0.142089769244194,-0.4322454333305359,-0.2636012732982635,32.01104736328125,17.81648254394531,-36.79287719726562
41735,-0.399505615234375,-0.3550567626953125,-0.8582000732421875,0.1538348346948624,-0.555385172367096,-0.3005545139312744,31.82164001464844,17.77346801757812,-36.57643127441406
41736,-0.43255615234375,-0.3567047119140625,-0.8277130126953125,0.134974867105484,-0.5754830241203308,-0.3309978842735291,31.53800964355469,17.68133544921875,-36.24610900878906
41737,-0.45843505859375,-0.347198486328125,-0.8275909423828125,0.0273061897605657,-0.4999392628669739,-0.3781987130641937,30.74165344238281,17.43122863769531,-35.45768737792969
41738,-0.45843505859375,-0.347198486328125,-0.8275909423828125,0.0273061897605657,-0.4999392628669739,-0.3781987130641937,30.74165344238281,17.43122863769531,-35.45768737792969
41739,-0.453155517578125,-0.33428955078125,-0.856658935546875,0.0012934972764924,-0.4946166574954987,-0.381395012140274,30.33540344238281,17.44969177246094,-35.02592468261719
41740,-0.43804931640625,-0.3165283203125,-0.886444091796875,0.0189886055886745,-0.5044407844543457,-0.3639318645000458,29.98661804199219,17.42378234863281,-34.69197082519531
41741,-0.4085693359375,-0.294891357421875,-0.9218292236328124,0.1754024475812912,-0.6217796802520752,-0.2349371463060379,29.17510986328125,17.56417846679688,-34.88050842285156
41742,-0.403533935546875,-0.29779052734375,-0.907806396484375,0.2720386981964111,-0.6959540247917175,-0.159655973315239,28.81146240234375,17.52767944335938,-34.68272399902344
41743,-0.4084930419921875,-0.314178466796875,-0.900970458984375,0.3321718275547028,-0.8383335471153259,-0.1304900944232941,28.46435546875,17.49168395996094,-34.37222290039062
41744,-0.4204254150390625,-0.3237457275390625,-0.8704986572265625,0.3216770887374878,-1.002853035926819,-0.1535637229681015,28.092041015625,17.55656433105469,-34.15994262695312
41745,-0.4435577392578125,-0.3322906494140625,-0.82403564453125,0.2562285959720612,-1.070404648780823,-0.1971367746591568,27.863037109375,17.41299438476562,-34.06674194335938
41746,-0.4435577392578125,-0.3322906494140625,-0.82403564453125,0.2562285959720612,-1.070404648780823,-0.1971367746591568,27.863037109375,17.41299438476562,-34.06674194335938
41747,-0.463958740234375,-0.3297119140625,-0.7988739013671875,0.170732855796814,-1.010980129241943,-0.2307160347700119,27.53746032714844,17.29719543457031,-33.86271667480469
41748,-0.4493560791015625,-0.308990478515625,-0.828033447265625,0.0781829506158828,-0.781916081905365,-0.3380512893199921,26.84675598144531,16.98472595214844,-33.28323364257812
41749,-0.4072265625,-0.3061065673828125,-0.841400146484375,0.0909147262573242,-0.6741318106651306,-0.3466335833072662,26.66070556640625,16.90335083007812,-33.05255126953125
41750,-0.35894775390625,-0.3137054443359375,-0.83575439453125,0.1156240701675415,-0.6304985880851746,-0.305109828710556,26.70614624023438,16.78573608398438,-32.87785339355469
41751,-0.3281097412109375,-0.3231964111328125,-0.8238525390625,0.1357607543468475,-0.6326624155044556,-0.2297421097755432,26.73350524902344,16.73707580566406,-32.76123046875
41752,-0.3261871337890625,-0.335662841796875,-0.8107757568359375,0.1482608467340469,-0.6793883442878723,-0.1488648504018784,26.9105224609375,16.69638061523438,-32.83450317382812
41753,-0.333587646484375,-0.3413848876953125,-0.796142578125,0.1430245339870453,-0.7196995615959167,-0.1051155030727386,26.990234375,16.53535461425781,-32.74151611328125
41754,-0.34423828125,-0.3502960205078125,-0.804168701171875,0.1200787350535393,-0.797761857509613,-0.0918313860893249,27.09870910644531,16.40115356445312,-32.71597290039062
41755,-0.34423828125,-0.3502960205078125,-0.804168701171875,0.1200787350535393,-0.797761857509613,-0.0918313860893249,27.09870910644531,16.40115356445312,-32.71597290039062
41756,-0.4038238525390625,-0.3566436767578125,-0.77679443359375,0.0397460795938968,-0.8339060544967651,-0.1244108974933624,27.28375244140625,16.47724914550781,-32.93431091308594
41757,-0.419281005859375,-0.360687255859375,-0.75115966796875,-0.0265248175710439,-0.7141239643096924,-0.1582466214895248,27.30653381347656,16.41810607910156,-32.78359985351562
41758,-0.419281005859375,-0.360687255859375,-0.75115966796875,-0.0265248175710439,-0.7141239643096924,-0.1582466214895248,27.30653381347656,16.41810607910156,-32.78359985351562
41759,-0.4176177978515625,-0.35888671875,-0.7379302978515625,-0.1145231202244759,-0.5167925357818604,-0.2132893800735474,27.34580993652344,16.26417541503906,-32.62153625488281
41760,-0.354217529296875,-0.3597564697265625,-0.7733917236328125,-0.2320177853107452,-0.2190676331520081,-0.2800167500972748,27.38821411132812,16.14595031738281,-32.64845275878906
41761,-0.314605712890625,-0.3583984375,-0.8124847412109375,-0.2045321017503738,-0.2367435693740845,-0.3024219274520874,27.6832275390625,16.22148132324219,-32.80621337890625
41762,-0.314605712890625,-0.3583984375,-0.8124847412109375,-0.2045321017503738,-0.2367435693740845,-0.3024219274520874,27.6832275390625,16.22148132324219,-32.80621337890625
41763,-0.2851715087890625,-0.370269775390625,-0.835540771484375,-0.1159678846597672,-0.3458042740821838,-0.277838259935379,27.6832275390625,16.22148132324219,-32.80621337890625
41764,-0.2722015380859375,-0.4067840576171875,-0.8426055908203125,0.0679958313703537,-0.7114469408988953,-0.1138472035527229,28.05978393554688,16.07720947265625,-33.0439453125
41765,-0.3026580810546875,-0.4147491455078125,-0.8173675537109375,0.098679170012474,-0.7989475131034851,-0.0391197055578231,28.0166015625,16.06578063964844,-33.10231018066406
41766,-0.3026580810546875,-0.4147491455078125,-0.8173675537109375,0.098679170012474,-0.7989475131034851,-0.0391197055578231,28.0166015625,16.06578063964844,-33.10231018066406
41767,-0.349029541015625,-0.4220428466796875,-0.808258056640625,0.0728315934538841,-0.8080547451972961,-0.0016831178218126,27.87539672851562,16.02262878417969,-32.96200561523438
41768,-0.4308624267578125,-0.4343109130859375,-0.8081207275390625,-0.0294484365731477,-0.7288685441017151,-0.0988080725073814,26.9993896484375,15.94169616699219,-32.32461547851562
41769,-0.446746826171875,-0.4320068359375,-0.8044281005859375,-0.0701292902231216,-0.6759624481201172,-0.1957484632730484,26.66546630859375,15.89364624023438,-32.16021728515625
41770,-0.446746826171875,-0.4320068359375,-0.8044281005859375,-0.0701292902231216,-0.6759624481201172,-0.1957484632730484,26.66546630859375,15.89364624023438,-32.16021728515625
41771,-0.41510009765625,-0.4237060546875,-0.8628997802734375,-0.0433107204735279,-0.6923989653587341,-0.3045609593391418,26.03399658203125,15.76789855957031,-31.87020874023438
41772,-0.3851318359375,-0.42120361328125,-0.899749755859375,0.0622418038547039,-0.8264244198799133,-0.2826306223869324,25.80558776855469,15.74671936035156,-31.46748352050781
41773,-0.3936920166015625,-0.4327239990234375,-0.89556884765625,0.2152095139026642,-0.9905880689620972,-0.1829338669776917,25.45478820800781,15.76802062988281,-31.12065124511719
41774,-0.3936920166015625,-0.4327239990234375,-0.89556884765625,0.2152095139026642,-0.9905880689620972,-0.1829338669776917,25.45478820800781,15.76802062988281,-31.12065124511719
41775,-0.4781646728515625,-0.4671630859375,-0.7852630615234375,0.3582063615322113,-0.8732113838195801,0.0295003671199083,24.63606262207031,15.58189392089844,-30.41537475585938
41776,-0.5236663818359375,-0.4823455810546875,-0.758819580078125,0.2933146953582764,-0.7101510763168335,0.0758521556854248,24.22186279296875,15.47724914550781,-29.88346862792969
41777,-0.565093994140625,-0.493408203125,-0.7608489990234375,0.2092909067869186,-0.5723229050636292,0.055629439651966,23.71989440917969,15.49845886230469,-29.5308837890625
41778,-0.565093994140625,-0.493408203125,-0.7608489990234375,0.2092909067869186,-0.5723229050636292,0.055629439651966,23.71989440917969,15.49845886230469,-29.5308837890625
41779,-0.6060638427734375,-0.4953460693359375,-0.7993011474609375,0.1446975320577621,-0.5694743990898132,-0.0164311714470386,23.33345031738281,15.47929382324219,-29.24067687988281
41780,-0.647186279296875,-0.4806976318359375,-0.85894775390625,0.1899358481168747,-0.8772804141044617,-0.2302510440349579,22.73043823242188,15.39405822753906,-28.38418579101562
41781,-0.686279296875,-0.472076416015625,-0.8509674072265625,0.2604925632476807,-1.027751088142395,-0.2878392338752747,22.43917846679688,15.22807312011719,-27.92665100097656
41782,-0.686279296875,-0.472076416015625,-0.8509674072265625,0.2604925632476807,-1.027751088142395,-0.2878392338752747,22.43917846679688,15.22807312011719,-27.92665100097656
41783,-0.7267913818359375,-0.46099853515625,-0.814483642578125,0.3425706624984741,-1.008068203926086,-0.321811854839325,22.14169311523438,15.18101501464844,-27.44955444335938
41784,-0.7224578857421875,-0.453125,-0.7391510009765625,0.4377749562263489,-0.6366456747055054,-0.3526986539363861,21.40249633789062,15.19461059570312,-27.26483154296875
41785,-0.71026611328125,-0.4615325927734375,-0.677825927734375,0.4177953898906708,-0.3431943655014038,-0.3580689430236816,21.22453308105469,15.13836669921875,-26.98759460449219
41786,-0.6848602294921875,-0.465240478515625,-0.6502685546875,0.3642043173313141,-0.07685536891222,-0.37765833735466,21.20318603515625,14.91764831542969,-26.6219482421875
41787,-0.6848602294921875,-0.465240478515625,-0.6502685546875,0.3642043173313141,-0.07685536891222,-0.37765833735466,21.20318603515625,14.91764831542969,-26.6219482421875
41788,-0.5705108642578125,-0.4644622802734375,-0.669464111328125,0.3312282562255859,0.1122668832540512,-0.3764916062355042,21.59933471679688,14.53924560546875,-26.0843505859375
41789,-0.5166473388671875,-0.466888427734375,-0.6638336181640625,0.3597901165485382,0.0591056644916534,-0.3094052672386169,21.81866455078125,14.27442932128906,-25.93618774414062
41790,-0.5166473388671875,-0.466888427734375,-0.6638336181640625,0.3597901165485382,0.0591056644916534,-0.3094052672386169,21.81866455078125,14.27442932128906,-25.93618774414062
41791,-0.4850616455078125,-0.4646759033203125,-0.6470794677734375,0.3851479589939117,-0.0778396725654602,-0.2388237565755844,22.16117858886719,14.10177612304688,-26.01753234863281
41792,-0.4714508056640625,-0.4738616943359375,-0.62799072265625,0.3136143684387207,-0.5695207118988037,-0.3256278932094574,22.63551330566406,13.85017395019531,-25.995361328125
41793,-0.4730682373046875,-0.46875,-0.6288909912109375,0.2844426333904266,-0.781846821308136,-0.398094654083252,22.81129455566406,13.730712890625,-25.89720153808594
41794,-0.4730682373046875,-0.46875,-0.6288909912109375,0.2844426333904266,-0.781846821308136,-0.398094654083252,22.81129455566406,13.730712890625,-25.89720153808594
41795,-0.4791259765625,-0.4663543701171875,-0.6367340087890625,0.3152415752410889,-0.9073277711868286,-0.4060801267623901,22.88653564453125,13.563720703125,-25.68296813964844
41796,-0.4290008544921875,-0.4901885986328125,-0.588592529296875,0.3682597875595093,-0.92469722032547,-0.3095203042030334,22.90425109863281,13.5390625,-25.15240478515625
41797,-0.4141387939453125,-0.5053558349609375,-0.5850067138671875,0.3086539804935455,-0.8854182362556458,-0.2335893213748932,22.87849426269531,13.57374572753906,-24.70726013183594
41798,-0.424774169921875,-0.5137786865234375,-0.590789794921875,0.2522530257701874,-0.9212481379508972,-0.1260277032852173,22.78187561035156,13.78598022460938,-24.17320251464844
41799,-0.424774169921875,-0.5137786865234375,-0.590789794921875,0.2522530257701874,-0.9212481379508972,-0.1260277032852173,22.78187561035156,13.78598022460938,-24.17320251464844
41800,-0.504119873046875,-0.517059326171875,-0.621734619140625,0.1217176467180252,-1.139159202575684,-0.1534558683633804,22.76510620117188,14.43135070800781,-24.047119140625
41801,-0.53863525390625,-0.5182647705078125,-0.6336212158203125,0.0900068581104278,-1.3778977394104,-0.235768049955368,22.79566955566406,14.32296752929688,-23.99484252929688
41802,-0.572723388671875,-0.5017242431640625,-0.6312103271484375,0.0512852929532527,-1.44413959980011,-0.3419016897678375,22.41244506835938,13.82461547851562,-23.32698059082031
41803,-0.572723388671875,-0.5017242431640625,-0.6312103271484375,0.0512852929532527,-1.44413959980011,-0.3419016897678375,22.41244506835938,13.82461547851562,-23.32698059082031
41804,-0.6228485107421875,-0.5183563232421875,-0.6050567626953125,0.0785166472196579,-1.269656419754028,-0.3201085031032562,22.13111877441406,13.620849609375,-22.68446350097656
41805,-0.6332855224609375,-0.534820556640625,-0.5655670166015625,0.0719852447509765,-0.983347713947296,-0.2809030413627625,21.96090698242188,13.47203063964844,-22.17958068847656
41806,-0.6332855224609375,-0.534820556640625,-0.5655670166015625,0.0719852447509765,-0.983347713947296,-0.2809030413627625,21.96090698242188,13.47203063964844,-22.17958068847656
41807,-0.6280059814453125,-0.545867919921875,-0.6147003173828125,-0.0685899779200553,-0.7887819409370422,-0.2939730286598206,21.66212463378906,13.1927490234375,-21.49833679199219
41808,-0.59783935546875,-0.5469512939453125,-0.680816650390625,-0.0587322898209095,-1.231006264686584,-0.4005436897277832,21.64265441894531,13.03315734863281,-21.28239440917969
41809,-0.575897216796875,-0.5205841064453125,-0.73760986328125,-0.0025238776579499,-1.89230477809906,-0.5407127737998962,21.52487182617188,13.02178955078125,-21.0355224609375
41810,-0.5574493408203125,-0.4863739013671875,-0.790374755859375,0.1698257923126221,-2.537890672683716,-0.6653788089752197,21.35369873046875,12.96090698242188,-20.76705932617188
41811,-0.541168212890625,-0.465667724609375,-0.8270721435546875,0.4799729883670807,-3.142183303833008,-0.7344050407409668,20.96408081054688,12.7982177734375,-20.16741943359375
41812,-0.541778564453125,-0.4786376953125,-0.7858123779296875,0.901914119720459,-3.627483606338501,-0.7417281866073608,20.50758361816406,12.75527954101562,-19.19566345214844
41813,-0.605255126953125,-0.5440826416015625,-0.6003875732421875,1.22550368309021,-3.780051708221436,-0.6826779246330261,19.94209289550781,12.43278503417969,-17.93765258789062
41814,-0.605255126953125,-0.5440826416015625,-0.6003875732421875,1.22550368309021,-3.780051708221436,-0.6826779246330261,19.94209289550781,12.43278503417969,-17.93765258789062
41815,-0.720184326171875,-0.594085693359375,-0.30462646484375,1.188579201698303,-3.270640134811401,-0.6210840344429016,19.37997436523438,12.15684509277344,-16.44380187988281
41816,-0.854583740234375,-0.5916290283203125,-0.189788818359375,0.2617591619491577,-1.273051142692566,-0.6686236262321472,18.59931945800781,11.76136779785156,-13.91824340820312
41817,-0.7926788330078125,-0.618438720703125,-0.388641357421875,0.0109317433089017,-1.03800642490387,-0.8342205286026001,18.61958312988281,11.47645568847656,-12.98080444335938
41818,-0.7050933837890625,-0.5784149169921875,-0.4441680908203125,-0.0713452845811843,-1.223877787590027,-0.9372556209564208,19.04800415039062,11.11199951171875,-12.37298583984375
41819,-0.7050933837890625,-0.5784149169921875,-0.4441680908203125,-0.0713452845811843,-1.223877787590027,-0.9372556209564208,19.04800415039062,11.11199951171875,-12.37298583984375
41820,-0.582611083984375,-0.5474090576171875,-0.52215576171875,0.2047211825847626,-2.007506608963013,-0.8917840123176575,19.81466674804688,10.68769836425781,-12.25518798828125
41821,-0.5966949462890625,-0.518524169921875,-0.5041046142578125,0.4753841161727905,-2.385067701339722,-0.9028869867324828,20.03262329101562,10.505126953125,-12.07759094238281
41822,-0.6021575927734375,-0.5012359619140625,-0.498565673828125,0.7680178284645081,-2.812654733657837,-1.00624668598175,20.244873046875,10.26817321777344,-11.58517456054688
41823,-0.6021575927734375,-0.5012359619140625,-0.498565673828125,0.7680178284645081,-2.812654733657837,-1.00624668598175,20.244873046875,10.26817321777344,-11.58517456054688
41824,-0.5751953125,-0.5221099853515625,-0.4290008544921875,1.495380163192749,-3.566232442855835,-1.236823081970215,20.43157958984375,9.6729736328125,-10.02058410644531
41825,-0.5622406005859375,-0.539337158203125,-0.374786376953125,1.828730702400208,-3.825751066207886,-1.265507459640503,20.65760803222656,9.331756591796877,-8.924179077148438
41826,-0.5622406005859375,-0.539337158203125,-0.374786376953125,1.828730702400208,-3.825751066207886,-1.265507459640503,20.65760803222656,9.331756591796877,-8.924179077148438
41827,-0.663055419921875,-0.5507049560546875,-0.2209320068359375,2.173604726791382,-4.415100574493408,-1.466213703155518,21.27867126464844,8.587173461914062,-5.947723388671875
41828,-0.6600341796875,-0.6166229248046875,-0.1019744873046875,2.220602989196777,-4.347312450408936,-1.512480020523071,21.61918640136719,8.276611328125,-3.995468139648438
41829,-0.6520538330078125,-0.6572418212890625,0.0252227783203125,2.159143209457397,-3.908148765563965,-1.482829213142395,22.18833923339844,7.919265747070312,-2.2811279296875
41830,-0.622833251953125,-0.6832733154296875,0.1020965576171875,1.985001444816589,-3.326991319656372,-1.386169195175171,22.86915588378906,7.536712646484375,-0.673614501953125
41831,-0.622833251953125,-0.6832733154296875,0.1020965576171875,1.985001444816589,-3.326991319656372,-1.386169195175171,22.86915588378906,7.536712646484375,-0.673614501953125
41832,-0.5813751220703125,-0.708770751953125,0.127716064453125,1.580738663673401,-2.353426456451416,-1.077105164527893,24.62399291992188,7.208099365234375,2.460693359375
41833,-0.615936279296875,-0.7021942138671875,0.1202850341796875,1.420636892318726,-2.16480827331543,-0.9704452157020568,25.58918762207031,7.052810668945312,3.756256103515625
41834,-0.6379241943359375,-0.710052490234375,0.1412200927734375,1.31009578704834,-2.030988454818726,-0.8807017803192139,26.47540283203125,6.868743896484375,4.719757080078125
41835,-0.6379241943359375,-0.710052490234375,0.1412200927734375,1.31009578704834,-2.030988454818726,-0.8807017803192139,26.47540283203125,6.868743896484375,4.719757080078125
41836,-0.6379241943359375,-0.710052490234375,0.1412200927734375,1.31009578704834,-2.030988454818726,-0.8807017803192139,26.47540283203125,6.868743896484375,4.719757080078125
41837,-0.5902099609375,-0.8262786865234375,0.305023193359375,0.8348719477653503,-0.9717427492141724,-0.4822670519351959,28.9368896484375,6.526840209960938,7.37139892578125
41838,-0.5626373291015625,-0.8323211669921875,0.3225555419921875,0.5320791006088257,-0.3976698815822601,-0.2287234514951706,29.5966796875,6.6072998046875,7.9119873046875
41839,-0.5626373291015625,-0.8323211669921875,0.3225555419921875,0.5320791006088257,-0.3976698815822601,-0.2287234514951706,29.5966796875,6.6072998046875,7.9119873046875
41840,-0.527557373046875,-0.8079071044921875,0.2519989013671875,0.0267373379319906,0.7024921178817749,0.3193976879119873,30.50151062011719,6.715316772460938,8.1348876953125
41841,-0.5214691162109375,-0.788818359375,0.187957763671875,-0.0727415829896926,1.052391529083252,0.5900720953941345,30.69593811035156,6.7958984375,7.8427734375
41842,-0.531402587890625,-0.7798004150390625,0.1866302490234375,-0.1531743705272675,1.231871008872986,0.8234435319900513,30.81315612792969,6.815338134765625,7.409164428710938
41843,-0.6074981689453125,-0.7540130615234375,0.26226806640625,-0.3313859105110168,1.50090217590332,1.02109968662262,30.7261962890625,6.8385009765625,7.088653564453125
41844,-0.7064208984375,-0.712554931640625,0.280609130859375,-0.6159185767173767,1.874704241752625,1.079214572906494,30.56736755371094,6.884902954101562,6.677993774414062
41845,-0.7625274658203125,-0.699371337890625,0.2324981689453125,-0.9044257402420044,2.139926433563232,1.018147468566895,30.21337890625,6.905426025390625,6.225143432617188
41846,-0.7560577392578125,-0.696746826171875,0.1658172607421875,-1.108432173728943,2.321192264556885,0.9486901164054872,29.80560302734375,6.9544677734375,5.737106323242188
41847,-0.7560577392578125,-0.696746826171875,0.1658172607421875,-1.108432173728943,2.321192264556885,0.9486901164054872,29.80560302734375,6.9544677734375,5.737106323242188
41848,-0.7034149169921875,-0.654815673828125,-0.0513458251953125,-1.204164743423462,2.176127195358276,0.8461584448814392,28.83413696289062,7.03192138671875,4.138351440429688
41849,-0.6903228759765625,-0.653045654296875,-0.1305999755859375,-1.033374667167664,1.827965021133423,0.7867071032524109,28.14706420898438,7.108505249023438,3.05657958984375
41850,-0.665679931640625,-0.6553955078125,-0.1473388671875,-0.7605250477790833,1.553294777870178,0.7747593522071838,27.54008483886719,7.159591674804688,2.113128662109375
41851,-0.665679931640625,-0.6553955078125,-0.1473388671875,-0.7605250477790833,1.553294777870178,0.7747593522071838,27.54008483886719,7.159591674804688,2.113128662109375
41852,-0.6489105224609375,-0.6515960693359375,-0.154541015625,-0.4910900890827179,1.367498874664307,0.7872176170349121,26.74819946289062,7.270843505859375,1.331344604492188
41853,-0.6996917724609375,-0.7028961181640625,0.038543701171875,-0.129426434636116,1.206343770027161,0.8925517797470093,25.07907104492188,7.493316650390625,0.6746826171875
41854,-0.743255615234375,-0.69622802734375,0.1252899169921875,-0.2849321365356445,1.402755856513977,0.9391131401062012,24.14279174804688,7.6656494140625,0.6435089111328125
41855,-0.7513580322265625,-0.692413330078125,0.0975799560546875,-0.4715198576450348,1.589141249656677,0.9490028023719788,23.06231689453125,7.977859497070312,0.419952392578125
41856,-0.747467041015625,-0.674713134765625,0.030670166015625,-0.583695650100708,1.666407465934753,0.949586808681488,22.14247131347656,8.06048583984375,0.313751220703125
41857,-0.75189208984375,-0.644500732421875,-0.0458831787109375,-0.6029220819473267,1.605558514595032,0.9175724387168884,21.363525390625,8.240921020507812,0.0112457275390625
41858,-0.748809814453125,-0.626220703125,-0.12127685546875,-0.5291602611541748,1.405540823936462,0.8442308306694031,20.62527465820312,8.353286743164062,-0.3572540283203125
41859,-0.748809814453125,-0.626220703125,-0.12127685546875,-0.5291602611541748,1.405540823936462,0.8442308306694031,20.62527465820312,8.353286743164062,-0.3572540283203125
41860,-0.7035675048828125,-0.616485595703125,-0.1578216552734375,-0.1274005621671677,1.185571432113647,0.8355593085289001,19.10804748535156,8.790771484375,-1.280426025390625
41861,-0.6698455810546875,-0.6097564697265625,-0.186798095703125,0.1142666563391685,1.137727499008179,0.8939299583435059,18.60588073730469,8.961990356445312,-1.517547607421875
41862,-0.6698455810546875,-0.6097564697265625,-0.186798095703125,0.1142666563391685,1.137727499008179,0.8939299583435059,18.60588073730469,8.961990356445312,-1.517547607421875
41863,-0.673614501953125,-0.5988922119140625,-0.2306671142578125,0.3512355387210846,0.8517242074012756,0.9438056349754332,18.03453063964844,9.106842041015623,-1.562942504882812
41864,-0.7809906005859375,-0.5829620361328125,-0.168212890625,0.7139000296592712,0.2398759722709656,0.8882185220718384,17.18601989746094,9.61553955078125,-2.17523193359375
41865,-0.835601806640625,-0.57171630859375,-0.092864990234375,0.7547792792320251,0.1702963709831238,0.739035427570343,16.78280639648438,9.876968383789062,-2.226425170898438
41866,-0.835601806640625,-0.57171630859375,-0.092864990234375,0.7547792792320251,0.1702963709831238,0.739035427570343,16.78280639648438,9.876968383789062,-2.226425170898438
41867,-0.85107421875,-0.6287841796875,-0.0951385498046875,0.6753520965576172,0.1235951781272888,0.4192412197589874,16.11819458007812,10.570068359375,-1.9495849609375
41868,-0.779571533203125,-0.6695556640625,-0.068206787109375,0.6680691242218018,0.2142675518989563,0.4700737595558167,15.95806884765625,10.75471496582031,-1.713287353515625
41869,-0.7038116455078125,-0.67034912109375,-0.0585784912109375,0.589300274848938,0.4101260006427765,0.6173175573348999,15.83100891113281,10.75566101074219,-1.31304931640625
41870,-0.660369873046875,-0.6558074951171875,-0.09765625,0.5277626514434814,0.56456458568573,0.8331915140151978,15.92608642578125,10.69346618652344,-0.1402435302734375
41871,-0.660369873046875,-0.6558074951171875,-0.09765625,0.5277626514434814,0.56456458568573,0.8331915140151978,15.92608642578125,10.69346618652344,-0.1402435302734375
41872,-0.6996612548828125,-0.6285247802734375,-0.1372833251953125,0.5591613054275513,0.5804010629653931,1.056467533111572,15.81121826171875,10.75045776367188,0.0426788330078125
41873,-0.9394683837890624,-0.53790283203125,-0.09844970703125,0.5423628687858582,0.6302517056465149,0.968040406703949,15.47427368164062,11.32502746582031,0.0497283935546875
41874,-0.9394683837890624,-0.53790283203125,-0.09844970703125,0.5423628687858582,0.6302517056465149,0.968040406703949,15.47427368164062,11.32502746582031,0.0497283935546875
41875,-0.9570770263671876,-0.5445556640625,-0.1718597412109375,0.4674907624721527,0.5188943147659302,0.4888549149036407,14.9473876953125,12.03851318359375,0.0694732666015625
41876,-0.89154052734375,-0.565643310546875,-0.2047882080078125,0.5084248781204224,0.3916164934635162,0.358045756816864,14.7257080078125,12.24462890625,0.1435089111328125
41877,-0.8204803466796875,-0.57794189453125,-0.2137451171875,0.5803757905960083,0.3309917747974396,0.3643049895763397,14.58457946777344,12.38887023925781,0.277374267578125
41878,-0.8204803466796875,-0.57794189453125,-0.2137451171875,0.5803757905960083,0.3309917747974396,0.3643049895763397,14.58457946777344,12.38887023925781,0.277374267578125
41879,-0.7693328857421875,-0.5579376220703125,-0.2261199951171875,0.8113195300102234,0.4354279041290283,0.6318826079368591,14.23179626464844,12.54583740234375,0.633087158203125
41880,-0.793487548828125,-0.5337982177734375,-0.239959716796875,0.9077741503715516,0.3294953405857086,0.6724263429641724,14.01466369628906,12.65660095214844,0.842132568359375
41881,-0.8394622802734375,-0.5277862548828125,-0.194305419921875,0.9667122960090636,0.2037073224782944,0.630318284034729,13.73414611816406,12.84867858886719,1.123580932617188
41882,-0.8924560546875,-0.523468017578125,-0.1523590087890625,0.961320161819458,0.2123652547597885,0.5613837242126465,13.38888549804688,13.18193054199219,1.623809814453125
41883,-0.8924560546875,-0.523468017578125,-0.1523590087890625,0.961320161819458,0.2123652547597885,0.5613837242126465,13.38888549804688,13.18193054199219,1.623809814453125
41884,-0.9183349609375,-0.5214691162109375,-0.1386566162109375,0.9128066897392272,0.2377198785543442,0.4790827035903931,13.035888671875,13.42558288574219,2.122543334960938
41885,-0.90399169921875,-0.5202789306640625,-0.1573944091796875,0.7781059145927429,-0.049752376973629,0.2308798134326935,12.39051818847656,13.87586975097656,2.763824462890625
41886,-0.8751983642578125,-0.52960205078125,-0.1470489501953125,0.7538817524909973,-0.2808942496776581,0.139623150229454,12.11788940429688,14.19313049316406,3.1884765625
41887,-0.8751983642578125,-0.52960205078125,-0.1470489501953125,0.7538817524909973,-0.2808942496776581,0.139623150229454,12.11788940429688,14.19313049316406,3.1884765625
41888,-0.8302001953125,-0.5571136474609375,-0.0702056884765625,0.7654744982719421,-0.4192071259021759,0.1630733460187912,11.31686401367188,14.59930419921875,4.010604858398438
41889,-0.832427978515625,-0.544677734375,-0.036102294921875,0.7166315913200378,-0.2607346475124359,0.2183160930871964,10.96513366699219,14.73655700683594,4.610458374023438
41890,-0.8312225341796875,-0.5281219482421875,-0.048614501953125,0.6638951897621155,-0.1610330939292908,0.2393689155578613,10.61093139648438,14.75570678710938,5.136062622070312
41891,-0.8312225341796875,-0.5281219482421875,-0.048614501953125,0.6638951897621155,-0.1610330939292908,0.2393689155578613,10.61093139648438,14.75570678710938,5.136062622070312
41892,-0.87188720703125,-0.485076904296875,-0.0713043212890625,0.6433805823326111,-0.5766867399215698,0.1133265569806099,10.0350341796875,15.08041381835938,5.975982666015625
41893,-0.9055938720703124,-0.4697418212890625,-0.07366943359375,0.6456210613250732,-0.9040952324867249,-0.0797672644257545,9.88714599609375,15.25355529785156,6.176376342773438
41894,-0.9055938720703124,-0.4697418212890625,-0.07366943359375,0.6456210613250732,-0.9040952324867249,-0.0797672644257545,9.88714599609375,15.25355529785156,6.176376342773438
41895,-0.8766021728515625,-0.4765167236328125,-0.06390380859375,0.8245415687561035,-1.440597534179688,-0.4397821724414825,9.684661865234377,15.3013916015625,7.176971435546875
41896,-0.8418426513671875,-0.4788360595703125,-0.06829833984375,0.965132772922516,-1.615105986595154,-0.5435498356819153,9.761199951171877,15.33026123046875,7.646957397460938
41897,-0.8172149658203125,-0.47442626953125,-0.0544281005859375,1.120944976806641,-1.847854495048523,-0.6565315127372742,9.860015869140623,15.314208984375,8.284835815429688
41898,-0.7637786865234375,-0.500640869140625,0.03131103515625,1.32964551448822,-2.221378803253174,-0.8016524910926819,10.37461853027344,15.28910827636719,10.02742004394531
41899,-0.7637786865234375,-0.500640869140625,0.03131103515625,1.32964551448822,-2.221378803253174,-0.8016524910926819,10.37461853027344,15.28910827636719,10.02742004394531
41900,-0.752838134765625,-0.501800537109375,0.0672454833984375,1.375555157661438,-2.31321120262146,-0.861794650554657,10.85491943359375,15.04721069335938,11.09921264648438
41901,-0.7274017333984375,-0.506134033203125,0.0890045166015625,1.418360710144043,-2.441646814346313,-0.9289726614952089,11.42315673828125,14.9376220703125,12.07884216308594
41902,-0.7274017333984375,-0.506134033203125,0.0890045166015625,1.418360710144043,-2.441646814346313,-0.9289726614952089,11.42315673828125,14.9376220703125,12.07884216308594
41903,-0.6841888427734375,-0.5316925048828125,0.1216888427734375,1.464223265647888,-2.664614677429199,-0.9662720561027528,12.01661682128906,14.92645263671875,13.126220703125
41904,-0.6950225830078125,-0.56927490234375,0.27569580078125,1.346948623657227,-3.03048849105835,-0.9935761094093324,13.693603515625,14.79714965820312,15.50517272949219
41905,-0.71258544921875,-0.576873779296875,0.3708953857421875,1.15981912612915,-2.962620973587036,-0.9991589188575744,14.56109619140625,14.83848571777344,16.73452758789062
41906,-0.7036895751953125,-0.5963287353515625,0.4156951904296875,0.9293606281280518,-2.636035203933716,-0.9502195715904236,15.42971801757812,14.81365966796875,17.97247314453125
41907,-0.70404052734375,-0.60693359375,0.4022674560546875,0.7127782702445984,-2.231933355331421,-0.8569740653038025,16.3897705078125,14.74003601074219,19.119384765625
41908,-0.692626953125,-0.608367919921875,0.374603271484375,0.5632641315460205,-1.904962539672852,-0.789905846118927,17.45664978027344,14.60665893554688,20.04423522949219
41909,-0.6650848388671875,-0.6094970703125,0.326568603515625,0.4952744543552399,-1.773501753807068,-0.7611095905303955,18.54641723632812,14.44795227050781,20.94535827636719
41910,-0.651519775390625,-0.602508544921875,0.2969207763671875,0.5243841409683228,-1.863921880722046,-0.7612688541412354,19.50959777832031,14.2457275390625,21.83079528808594
41911,-0.651519775390625,-0.602508544921875,0.2969207763671875,0.5243841409683228,-1.863921880722046,-0.7612688541412354,19.50959777832031,14.2457275390625,21.83079528808594
41912,-0.64312744140625,-0.596649169921875,0.2863311767578125,0.5954684615135193,-2.134091138839722,-0.7848919034004211,20.52165222167969,14.10218811035156,22.20782470703125
41913,-0.66375732421875,-0.6114959716796875,0.421356201171875,0.6285685896873474,-2.256793737411499,-0.7954822182655334,22.37937927246094,14.06883239746094,23.24430847167969
41914,-0.6797943115234375,-0.61163330078125,0.4799041748046875,0.5268824696540833,-2.004083395004272,-0.811197817325592,23.25570678710938,14.08424377441406,23.69499206542969
41915,-0.6382904052734375,-0.62628173828125,0.478668212890625,0.3797225654125214,-1.736969351768494,-0.7885233759880066,24.23466491699219,14.09257507324219,24.3720703125
41916,-0.5748748779296875,-0.6564788818359375,0.4386749267578125,0.271113246679306,-1.512194752693176,-0.6993676424026489,25.08619689941406,14.07467651367188,24.84245300292969
41917,-0.546600341796875,-0.6902923583984375,0.430816650390625,0.2073742300271988,-1.362136602401733,-0.5312151312828064,25.95712280273438,14.10964965820312,25.29437255859375
41918,-0.5710296630859375,-0.705291748046875,0.472564697265625,0.1016360819339752,-1.184860587120056,-0.3482895493507385,26.84831237792969,14.0740966796875,25.58241271972656
41919,-0.5710296630859375,-0.705291748046875,0.472564697265625,0.1016360819339752,-1.184860587120056,-0.3482895493507385,26.84831237792969,14.0740966796875,25.58241271972656
41920,-0.6002655029296875,-0.694091796875,0.4838714599609375,-0.2428728342056274,-0.6791039705276489,-0.0414742045104503,28.29685974121094,14.03260803222656,25.87930297851562
41921,-0.60284423828125,-0.68218994140625,0.4488983154296875,-0.363572895526886,-0.5620422959327698,0.0914755910634994,28.74012756347656,14.08425903320312,25.98455810546875
41922,-0.647705078125,-0.671142578125,0.4378662109375,-0.4570429027080536,-0.4578541219234467,0.1833573132753372,29.15657043457031,14.06912231445312,25.88189697265625
41923,-0.647705078125,-0.671142578125,0.4378662109375,-0.4570429027080536,-0.4578541219234467,0.1833573132753372,29.15657043457031,14.06912231445312,25.88189697265625
41924,-0.784698486328125,-0.6324615478515625,0.4470672607421875,-0.6441614031791687,-0.1259097307920456,0.123080387711525,29.62168884277344,13.91653442382812,25.33302307128906
41925,-0.7947845458984375,-0.6239471435546875,0.3818817138671875,-0.6964094042778015,-0.0959702059626579,0.0160308983176946,29.65591430664062,13.6614990234375,25.19647216796875
41926,-0.76629638671875,-0.6371612548828125,0.3105926513671875,-0.6461870074272156,-0.1881030648946762,-0.0661286860704422,29.57923889160156,13.47538757324219,24.87782287597656
41927,-0.7293243408203125,-0.66949462890625,0.2737884521484375,-0.5247234106063843,-0.2814047932624817,-0.0819758251309394,29.53466796875,13.25242614746094,24.60246276855469
41928,-0.7079620361328125,-0.6922760009765625,0.279937744140625,-0.3989306092262268,-0.2783911526203156,0.0013116068439558,29.45106506347656,13.03620910644531,24.6190185546875
41929,-0.7144622802734375,-0.697235107421875,0.3028717041015625,-0.3277246057987213,-0.1672078967094421,0.1361881941556931,29.33665466308594,12.80368041992188,24.55995178222656
41930,-0.747283935546875,-0.6938018798828125,0.3162841796875,-0.2963363230228424,-0.0138026308268308,0.26158607006073,29.10243225097656,12.72560119628906,24.46977233886719
41931,-0.7930450439453125,-0.677734375,0.3347625732421875,-0.2847097516059875,0.1419731229543686,0.3514344692230225,28.81562805175781,12.73806762695312,24.381103515625
41932,-0.8461761474609375,-0.6551513671875,0.339447021484375,-0.2940582633018494,0.2096711993217468,0.3737637400627136,28.53950500488281,12.64242553710938,24.45036315917969
41933,-0.89593505859375,-0.6331634521484375,0.3455810546875,-0.3258095383644104,0.1033905670046806,0.2910526096820831,28.19207763671875,12.66114807128906,24.41548156738281
41934,-0.9364776611328124,-0.630584716796875,0.3623046875,-0.3935552835464478,-0.0667694434523582,0.1345769912004471,27.84600830078125,12.65304565429688,24.37783813476562
41935,-0.9364776611328124,-0.630584716796875,0.3623046875,-0.3935552835464478,-0.0667694434523582,0.1345769912004471,27.84600830078125,12.65304565429688,24.37783813476562
41936,-0.9412841796875,-0.6413726806640625,0.3824005126953125,-0.4669551849365234,-0.0927693545818328,-0.0249311830848455,27.47825622558594,12.51268005371094,24.30715942382812
41937,-0.8173675537109375,-0.672271728515625,0.2965087890625,-0.4039498567581177,0.0437445528805255,-0.1238143518567085,26.96504211425781,12.28610229492188,24.48570251464844
41938,-0.7729339599609375,-0.67266845703125,0.2753448486328125,-0.2746163904666901,0.0751362964510917,-0.0695828050374984,26.7757568359375,12.2630615234375,24.48789978027344
41939,-0.7729339599609375,-0.67266845703125,0.2753448486328125,-0.2746163904666901,0.0751362964510917,-0.0695828050374984,26.7757568359375,12.2630615234375,24.48789978027344
41940,-0.76605224609375,-0.64581298828125,0.315338134765625,-0.0781158432364463,0.0260800700634717,-0.0225348696112632,26.57711791992188,12.25096130371094,24.09501647949219
41941,-0.7777252197265625,-0.640228271484375,0.3437652587890625,-0.0505539886653423,0.0271328184753656,-0.0167954917997121,26.51741027832031,12.20744323730469,23.8046875
41942,-0.8056182861328125,-0.641876220703125,0.3703155517578125,-0.0478721857070922,0.0423498526215553,-0.0282260458916425,26.49124145507812,12.35179138183594,23.76974487304688
41943,-0.8056182861328125,-0.641876220703125,0.3703155517578125,-0.0478721857070922,0.0423498526215553,-0.0282260458916425,26.49124145507812,12.35179138183594,23.76974487304688
41944,-0.8264923095703125,-0.6351776123046875,0.4046478271484375,-0.1335737705230713,0.0613110288977623,-0.1244069039821625,26.56243896484375,12.23713684082031,23.43582153320312
41945,-0.8191375732421875,-0.638336181640625,0.4040679931640625,-0.2013006210327148,0.0703279599547386,-0.17121621966362,26.7552490234375,12.17520141601562,23.43202209472656
41946,-0.795257568359375,-0.644683837890625,0.388397216796875,-0.2350663095712662,0.0840621441602706,-0.1986246705055237,26.86203002929688,12.06695556640625,23.256591796875
41947,-0.757568359375,-0.645721435546875,0.3662567138671875,-0.2180569618940353,0.1145872995257378,-0.1877387464046478,26.9102783203125,11.96052551269531,23.134033203125
41948,-0.726318359375,-0.6447906494140625,0.3461151123046875,-0.1615670621395111,0.1408774852752686,-0.1528281569480896,27.08021545410156,11.91596984863281,23.07379150390625
41949,-0.7061767578125,-0.639678955078125,0.3282012939453125,-0.0905738398432731,0.1465838402509689,-0.1245600357651711,27.149169921875,11.88648986816406,22.98712158203125
41950,-0.7015838623046875,-0.62823486328125,0.3226470947265625,-0.010398312471807,0.1107627302408218,-0.09876199811697,27.2674560546875,11.92832946777344,22.84384155273438
41951,-0.7015838623046875,-0.62823486328125,0.3226470947265625,-0.010398312471807,0.1107627302408218,-0.09876199811697,27.2674560546875,11.92832946777344,22.84384155273438
41952,-0.7464447021484375,-0.6102752685546875,0.361358642578125,0.1254386156797409,0.0282582696527242,-0.0791941508650779,27.610595703125,11.79478454589844,22.68923950195312
41953,-0.7750701904296875,-0.6096343994140625,0.403778076171875,0.1339796334505081,-0.002027730923146,-0.1200675517320633,27.64939880371094,11.75053405761719,22.76936340332031
41954,-0.7725372314453125,-0.6224822998046875,0.4225006103515625,0.0867258384823799,-0.0197649169713258,-0.1730327606201172,27.77458190917969,11.86741638183594,22.61476135253906
41955,-0.7725372314453125,-0.6224822998046875,0.4225006103515625,0.0867258384823799,-0.0197649169713258,-0.1730327606201172,27.77458190917969,11.86741638183594,22.61476135253906
41956,-0.72802734375,-0.641937255859375,0.444793701171875,-0.0658402666449546,0.0246054772287607,-0.2105495184659958,27.960205078125,11.765869140625,22.64132690429688
41957,-0.7039337158203125,-0.6458892822265625,0.4328155517578125,-0.1363509148359299,0.09669990837574,-0.1783697456121445,28.12425231933594,11.74798583984375,22.81352233886719
41958,-0.7039337158203125,-0.6458892822265625,0.4328155517578125,-0.1363509148359299,0.09669990837574,-0.1783697456121445,28.12425231933594,11.74798583984375,22.81352233886719
41959,-0.68377685546875,-0.64495849609375,0.404388427734375,-0.1758570522069931,0.1458940953016281,-0.1403656303882599,28.09400939941406,11.53994750976562,22.79483032226562
41960,-0.665985107421875,-0.6298675537109375,0.3667755126953125,-0.1744479686021805,0.1242588311433792,-0.0655025765299797,28.14035034179688,11.58633422851562,22.39323425292969
41961,-0.67071533203125,-0.6245574951171875,0.3618927001953125,-0.1297281682491302,0.0387729629874229,-0.0550699084997177,28.1346435546875,11.49966430664062,22.39425659179688
41962,-0.6921234130859375,-0.62139892578125,0.382537841796875,-0.0564678013324737,-0.0342077724635601,-0.0356770381331443,28.10609436035156,11.41651916503906,22.45242309570312
41963,-0.6921234130859375,-0.62139892578125,0.382537841796875,-0.0564678013324737,-0.0342077724635601,-0.0356770381331443,28.10609436035156,11.41651916503906,22.45242309570312
41964,-0.741485595703125,-0.6222381591796875,0.45672607421875,-0.0380086340010166,0.0414278656244278,-0.0801398456096649,28.09490966796875,11.51704406738281,22.37837219238281
41965,-0.7438507080078125,-0.622589111328125,0.465789794921875,-0.0853585749864578,0.1189189329743385,-0.1130048483610153,28.13067626953125,11.43595886230469,22.27864074707031
41966,-0.683685302734375,-0.6381072998046875,0.4427490234375,-0.2858711779117584,0.0691870599985122,-0.1366633027791977,28.14933776855469,11.52394104003906,22.04452514648438
41967,-0.683685302734375,-0.6381072998046875,0.4427490234375,-0.2858711779117584,0.0691870599985122,-0.1366633027791977,28.14933776855469,11.52394104003906,22.04452514648438
41968,-0.652557373046875,-0.646575927734375,0.428436279296875,-0.3961465358734131,0.0633321031928062,-0.097558245062828,28.10751342773438,11.43421936035156,21.93896484375
41969,-0.626739501953125,-0.6438446044921875,0.411407470703125,-0.4962161481380463,0.1229834482073784,-0.0267176311463117,28.09713745117188,11.41520690917969,21.82371520996094
41970,-0.61053466796875,-0.636474609375,0.3729095458984375,-0.5662074685096741,0.2047366350889206,0.05337480828166,28.19903564453125,11.21246337890625,21.92794799804688
41971,-0.61053466796875,-0.636474609375,0.3729095458984375,-0.5662074685096741,0.2047366350889206,0.05337480828166,28.19903564453125,11.21246337890625,21.92794799804688
41972,-0.610443115234375,-0.62921142578125,0.3242645263671875,-0.5523185729980469,0.2115476727485657,0.1242609620094299,28.12258911132812,10.98309326171875,21.70445251464844
41973,-0.65625,-0.60980224609375,0.3042144775390625,-0.37396639585495,0.1669588983058929,0.1937596201896667,28.04617309570312,10.65596008300781,21.65696716308594
41974,-0.72381591796875,-0.6238250732421875,0.336151123046875,-0.1360712796449661,0.1068345680832863,0.144559845328331,27.8929443359375,10.4835205078125,21.23123168945312
41975,-0.72381591796875,-0.6238250732421875,0.336151123046875,-0.1360712796449661,0.1068345680832863,0.144559845328331,27.8929443359375,10.4835205078125,21.23123168945312
41976,-0.75933837890625,-0.62872314453125,0.35577392578125,-0.0746188461780548,0.0295248683542013,0.0739373415708541,27.81233215332031,10.46897888183594,20.98564147949219
41977,-0.776458740234375,-0.6417236328125,0.381622314453125,-0.0338218808174133,-0.0430449396371841,-0.0033808830194175,27.79180908203125,10.44032287597656,20.89057922363281
41978,-0.776458740234375,-0.6417236328125,0.381622314453125,-0.0338218808174133,-0.0430449396371841,-0.0033808830194175,27.79180908203125,10.44032287597656,20.89057922363281
41979,-0.7744903564453125,-0.6558074951171875,0.3934173583984375,-0.0411690063774585,-0.0947837680578231,-0.0639912337064743,27.74317932128906,10.50161743164062,20.77140808105469
41980,-0.7642822265625,-0.6650238037109375,0.3973236083984375,-0.0781701654195785,-0.1355985701084137,-0.1237171441316605,27.70809936523438,10.584716796875,20.64990234375
41981,-0.736358642578125,-0.6695556640625,0.3980255126953125,-0.1116711348295212,-0.0891831368207931,-0.1170081123709679,27.72645568847656,10.58078002929688,20.86178588867188
41982,-0.7096405029296875,-0.6690521240234375,0.389190673828125,-0.1395680159330368,-0.0087926927953958,-0.0853654965758323,27.67613220214844,10.45948791503906,20.794921875
41983,-0.7096405029296875,-0.6690521240234375,0.389190673828125,-0.1395680159330368,-0.0087926927953958,-0.0853654965758323,27.67613220214844,10.45948791503906,20.794921875
41984,-0.653472900390625,-0.6629486083984375,0.3562774658203125,-0.0978496000170707,0.0799848437309265,0.015426892787218,27.66934204101562,10.49171447753906,20.76945495605469
41985,-0.6463165283203125,-0.6488800048828125,0.3495025634765625,-0.043067842721939,0.0257165487855672,0.0477150566875934,27.56150817871094,10.49714660644531,20.80989074707031
41986,-0.6569366455078125,-0.637908935546875,0.362396240234375,0.0086675239726901,-0.0633739158511161,0.0395151861011982,27.57504272460938,10.51080322265625,20.67874145507812
41987,-0.658721923828125,-0.628326416015625,0.3895721435546875,0.0335449092090129,-0.0814234837889671,0.0158868208527565,27.61149597167969,10.53863525390625,20.55728149414062
41988,-0.626861572265625,-0.629669189453125,0.388275146484375,0.0188477244228124,-0.0585946030914783,-0.0131251234561204,27.56398010253906,10.49409484863281,20.66157531738281
41989,-0.59088134765625,-0.640899658203125,0.360687255859375,7.350324449362233e-05,-0.0684528276324272,-0.00159443449229,27.61810302734375,10.50439453125,20.61767578125
41990,-0.5698699951171875,-0.6492919921875,0.3459014892578125,0.0245793778449297,-0.0506876781582832,0.0565951019525528,27.67457580566406,10.58412170410156,20.61106872558594
41991,-0.56768798828125,-0.648040771484375,0.3438720703125,0.077076144516468,0.0172295868396759,0.14229616522789,27.74430847167969,10.5816650390625,20.69554138183594
41992,-0.569000244140625,-0.638275146484375,0.357818603515625,0.1107558086514473,0.1503618061542511,0.2130302488803864,27.779541015625,10.50344848632812,20.6834716796875
41993,-0.5832672119140625,-0.6240386962890625,0.35247802734375,0.128677025437355,0.2496961206197739,0.2626212239265442,27.84446716308594,10.50407409667969,20.6900634765625
41994,-0.609588623046875,-0.603729248046875,0.359710693359375,0.1379786431789398,0.2258736044168472,0.2263854742050171,27.82223510742188,10.77326965332031,20.41731262207031
41995,-0.609588623046875,-0.603729248046875,0.359710693359375,0.1379786431789398,0.2258736044168472,0.2263854742050171,27.82223510742188,10.77326965332031,20.41731262207031
41996,-0.6068115234375,-0.6083526611328125,0.37255859375,0.1018952056765556,0.1926397532224655,0.1897691339254379,27.79513549804688,10.79627990722656,20.47633361816406
41997,-0.59368896484375,-0.6281585693359375,0.3574066162109375,0.061676412820816,0.1903813928365707,0.1700692027807236,27.73062133789062,10.82215881347656,20.39279174804688
41998,-0.570953369140625,-0.6492462158203125,0.32763671875,0.0605837181210517,0.1997152417898178,0.1957697719335556,27.726318359375,10.80339050292969,20.35751342773438
41999,-0.570953369140625,-0.6492462158203125,0.32763671875,0.0605837181210517,0.1997152417898178,0.1957697719335556,27.726318359375,10.80339050292969,20.35751342773438
42000,-0.5567474365234375,-0.675323486328125,0.2862548828125,0.1689030081033707,0.1740452945232391,0.3126087784767151,27.50823974609375,10.92530822753906,20.16014099121094
42001,-0.591094970703125,-0.670196533203125,0.29791259765625,0.2588222324848175,0.1816701889038086,0.3585791885852814,27.44989013671875,10.9158935546875,20.21630859375
42002,-0.6408843994140625,-0.6628570556640625,0.3297271728515625,0.3175601065158844,0.2005703896284103,0.3403983116149902,27.29936218261719,11.05426025390625,20.19729614257812
42003,-0.6408843994140625,-0.6628570556640625,0.3297271728515625,0.3175601065158844,0.2005703896284103,0.3403983116149902,27.29936218261719,11.05426025390625,20.19729614257812
42004,-0.6888275146484375,-0.686859130859375,0.3609466552734375,0.2944017946720123,0.1261909604072571,0.2145807445049286,26.91162109375,11.13685607910156,20.37319946289062
42005,-0.69720458984375,-0.7111358642578125,0.3502349853515625,0.2496750801801682,0.0827721133828163,0.1672331988811493,26.87986755371094,11.15553283691406,20.70614624023438
42006,-0.7211761474609375,-0.7159881591796875,0.3529815673828125,0.215318962931633,0.0441815741360187,0.1053274869918823,26.36927795410156,11.36906433105469,20.90968322753906
42007,-0.7211761474609375,-0.7159881591796875,0.3529815673828125,0.215318962931633,0.0441815741360187,0.1053274869918823,26.36927795410156,11.36906433105469,20.90968322753906
42008,-0.7027435302734375,-0.7107086181640625,0.3518829345703125,0.1885981410741806,0.0853561758995056,0.0653374642133712,26.2327880859375,11.51765441894531,20.88067626953125
42009,-0.673492431640625,-0.7052001953125,0.345184326171875,0.1485607177019119,0.129482090473175,0.0553183816373348,26.08253479003906,11.6444091796875,21.00509643554688
42010,-0.6574249267578125,-0.695281982421875,0.3376617431640625,0.0938410088419914,0.1479244828224182,0.0397522076964378,25.88511657714844,11.64584350585938,20.97235107421875
42011,-0.6574249267578125,-0.695281982421875,0.3376617431640625,0.0938410088419914,0.1479244828224182,0.0397522076964378,25.88511657714844,11.64584350585938,20.97235107421875
42012,-0.64422607421875,-0.6772308349609375,0.3334808349609375,-0.0397617928683757,0.2449170798063278,0.0246345065534114,25.66825866699219,11.70191955566406,21.20697021484375
42013,-0.63763427734375,-0.6739349365234375,0.3104248046875,-0.0954892411828041,0.2864810228347778,0.0089205242693424,25.63833618164062,11.72157287597656,21.30323791503906
42014,-0.619232177734375,-0.671875,0.2896881103515625,-0.1225900948047638,0.3032253980636597,-0.0028767467010766,25.54981994628906,11.66621398925781,21.34561157226562
42015,-0.61004638671875,-0.661895751953125,0.255523681640625,-0.1333993375301361,0.2407628148794174,-0.0244068056344986,25.51791381835938,11.65982055664062,21.21864318847656
42016,-0.6143341064453125,-0.6549835205078125,0.24481201171875,-0.1023599281907082,0.1351450383663177,-0.0496146902441978,25.37327575683594,11.71574401855469,20.97247314453125
42017,-0.62200927734375,-0.657135009765625,0.2539520263671875,-0.044419128447771,0.0690871924161911,-0.0626697689294815,25.419189453125,11.62803649902344,20.8553466796875
42018,-0.6162567138671875,-0.667236328125,0.2550048828125,-0.0023371900897473,0.0411855205893516,-0.0511231049895286,25.41676330566406,11.57218933105469,20.81556701660156
42019,-0.6162567138671875,-0.667236328125,0.2550048828125,-0.0023371900897473,0.0411855205893516,-0.0511231049895286,25.41676330566406,11.57218933105469,20.81556701660156
42020,-0.606414794921875,-0.68017578125,0.2419586181640625,0.0259242746978998,-0.0136950397863984,-0.04813077673316,25.46475219726562,11.62655639648438,20.68928527832031
42021,-0.626220703125,-0.7080230712890625,0.276336669921875,0.0574121586978435,0.0136883817613124,0.0441951565444469,25.65995788574219,11.484130859375,20.89466857910156
42022,-0.667816162109375,-0.6974334716796875,0.306488037109375,-0.0210730601102113,0.1446786224842072,0.0563953667879104,25.71974182128906,11.489013671875,21.11474609375
42023,-0.6970977783203125,-0.6969451904296875,0.28411865234375,-0.1040153503417969,0.2658306062221527,0.01732306368649,25.72697448730469,11.44088745117188,20.9462890625
42024,-0.7032470703125,-0.7057952880859375,0.237274169921875,-0.1445973962545395,0.2445660680532455,-0.0630791038274765,25.73893737792969,11.53462219238281,20.79983520507812
42025,-0.709716796875,-0.7051544189453125,0.2256927490234375,-0.1213248297572136,0.1665458381175995,-0.1449183076620102,25.68533325195312,11.48565673828125,20.75798034667969
42026,-0.6545562744140625,-0.7213287353515625,0.2080230712890625,0.0079085230827331,-0.0093282544985413,-0.2506167590618134,25.66111755371094,11.47445678710938,20.53031921386719
42027,-0.6545562744140625,-0.7213287353515625,0.2080230712890625,0.0079085230827331,-0.0093282544985413,-0.2506167590618134,25.66111755371094,11.47445678710938,20.53031921386719
42028,-0.6417999267578125,-0.7284393310546875,0.2063140869140625,0.0791219845414161,-0.12412940710783,-0.2391199022531509,25.73037719726562,11.50735473632812,20.4197998046875
42029,-0.6497039794921875,-0.7454833984375,0.239654541015625,0.1574455499649048,-0.175272211432457,-0.1858321875333786,25.77561950683594,11.38446044921875,20.49305725097656
42030,-0.6700897216796875,-0.77703857421875,0.364776611328125,0.0641315802931785,0.033477533608675,-0.0487092174589633,25.915771484375,11.27227783203125,20.76675415039062
42031,-0.6700897216796875,-0.77703857421875,0.364776611328125,0.0641315802931785,0.033477533608675,-0.0487092174589633,25.915771484375,11.27227783203125,20.76675415039062
42032,-0.688385009765625,-0.7884674072265625,0.384796142578125,-0.1152610778808594,0.2343270182609558,0.0471019968390464,25.96676635742188,11.25509643554688,20.87033081054688
42033,-0.7101898193359375,-0.786346435546875,0.382415771484375,-0.3095599710941315,0.3947089612483978,0.1136376187205315,25.86517333984375,11.40423583984375,20.97282409667969
42034,-0.7106781005859375,-0.7736663818359375,0.3548431396484375,-0.4843765199184418,0.4693547189235687,0.1442759484052658,25.79765319824219,11.35928344726562,20.82926940917969
42035,-0.7106781005859375,-0.7736663818359375,0.3548431396484375,-0.4843765199184418,0.4693547189235687,0.1442759484052658,25.79765319824219,11.35928344726562,20.82926940917969
42036,-0.7106781005859375,-0.7736663818359375,0.3548431396484375,-0.4843765199184418,0.4693547189235687,0.1442759484052658,25.79765319824219,11.35928344726562,20.82926940917969
42037,-0.7220458984375,-0.7503814697265625,0.266357421875,-0.6800208687782288,0.3278076946735382,0.1620845049619675,25.70344543457031,11.13597106933594,20.8177490234375
42038,-0.707733154296875,-0.7271575927734375,0.1893310546875,-0.5254046320915222,0.1383701264858246,0.1492560654878616,25.40980529785156,10.854736328125,20.26516723632812
42039,-0.6817169189453125,-0.7255859375,0.166961669921875,-0.357040673494339,0.0152023890987038,0.1503844410181046,25.26123046875,10.75102233886719,20.16038513183594
42040,-0.6585235595703125,-0.7168731689453125,0.17333984375,-0.1936877071857452,-0.1538819670677185,0.1552170217037201,25.026611328125,10.66044616699219,19.84225463867188
42041,-0.6398162841796875,-0.719329833984375,0.2135467529296875,-0.0514141879975795,-0.2580813467502594,0.1938379108905792,24.85743713378906,10.60304260253906,19.48603820800781
42042,-0.6217803955078125,-0.7162628173828125,0.2544097900390625,0.0519329719245433,-0.2612041831016541,0.2649253904819489,24.63302612304688,10.5938720703125,19.32489013671875
42043,-0.601715087890625,-0.7121429443359375,0.2717132568359375,0.0915189981460571,-0.232597827911377,0.3577775657176971,24.56788635253906,10.5958251953125,19.23228454589844
42044,-0.62005615234375,-0.7060089111328125,0.274017333984375,0.1406218260526657,-0.1890463531017303,0.4710892140865326,24.46031188964844,10.75593566894531,19.22630310058594
42045,-0.6502227783203125,-0.7027130126953125,0.2630767822265625,0.2290081530809402,-0.1818113476037979,0.5822167992591858,24.30267333984375,10.832275390625,19.16067504882812
42046,-0.7533416748046875,-0.6898040771484375,0.29010009765625,0.4001974761486053,-0.3104886412620544,0.6446980237960815,24.09228515625,11.06947326660156,19.45419311523438
42047,-0.7533416748046875,-0.6898040771484375,0.29010009765625,0.4001974761486053,-0.3104886412620544,0.6446980237960815,24.09228515625,11.06947326660156,19.45419311523438
42048,-0.8029937744140625,-0.6875152587890625,0.3019256591796875,0.4543257057666779,-0.3228254616260529,0.6066592931747437,23.931640625,11.18168640136719,19.62501525878906
42049,-0.81707763671875,-0.68743896484375,0.2952728271484375,0.506879448890686,-0.3102036714553833,0.5612587928771973,23.69284057617188,11.3402099609375,19.90608215332031
42050,-0.7923736572265625,-0.697784423828125,0.2753753662109375,0.5719040036201477,-0.3135422170162201,0.5268102884292603,23.443359375,11.74917602539062,20.14884948730469
42051,-0.7923736572265625,-0.697784423828125,0.2753753662109375,0.5719040036201477,-0.3135422170162201,0.5268102884292603,23.443359375,11.74917602539062,20.14884948730469
42052,-0.7795257568359375,-0.68597412109375,0.288421630859375,0.6337929368019104,-0.4584416151046753,0.5295363068580627,22.93833923339844,12.24795532226562,20.64234924316406
42053,-0.7965850830078125,-0.6691436767578125,0.3024749755859375,0.5869473814964294,-0.4926033020019531,0.5023600459098816,22.70619201660156,12.46446228027344,21.09030151367188
42054,-0.8139190673828125,-0.6481781005859375,0.3151092529296875,0.5183544754981995,-0.4605399072170258,0.4413571655750275,22.52522277832031,12.57965087890625,21.59193420410156
42055,-0.8139190673828125,-0.6481781005859375,0.3151092529296875,0.5183544754981995,-0.4605399072170258,0.4413571655750275,22.52522277832031,12.57965087890625,21.59193420410156
42056,-0.8076629638671875,-0.6261444091796875,0.296600341796875,0.4017932415008545,-0.3420098125934601,0.2417100965976715,22.12417602539062,13.08038330078125,22.2576904296875
42057,-0.7806243896484375,-0.615875244140625,0.2928466796875,0.3662621378898621,-0.2812343239784241,0.1521197557449341,21.93351745605469,13.26368713378906,22.53083801269531
42058,-0.7293701171875,-0.625823974609375,0.2911529541015625,0.3366943895816803,-0.1966227740049362,0.1089121028780937,21.94209289550781,13.38983154296875,22.8272705078125
42059,-0.7293701171875,-0.625823974609375,0.2911529541015625,0.3366943895816803,-0.1966227740049362,0.1089121028780937,21.94209289550781,13.38983154296875,22.8272705078125
42060,-0.659332275390625,-0.64556884765625,0.2872161865234375,0.220564067363739,0.0361920930445194,0.2624694406986237,21.96266174316406,13.46205139160156,23.20143127441406
42061,-0.680511474609375,-0.6361541748046875,0.28167724609375,0.1311814486980438,0.1066774427890778,0.3321113586425781,22.07395935058594,13.53509521484375,23.44967651367188
42062,-0.7157745361328125,-0.6266021728515625,0.2800140380859375,0.0353984721004962,0.1432495713233948,0.3425357639789581,22.06083679199219,13.70571899414062,23.5726318359375
42063,-0.7157745361328125,-0.6266021728515625,0.2800140380859375,0.0353984721004962,0.1432495713233948,0.3425357639789581,22.06083679199219,13.70571899414062,23.5726318359375
42064,-0.774749755859375,-0.6044769287109375,0.25323486328125,-0.1009204909205437,0.0297475084662437,0.2301008403301239,22.10623168945312,14.0054931640625,23.29835510253906
42065,-0.7986602783203125,-0.6056060791015625,0.24542236328125,-0.1111800521612167,0.0248145367950201,0.1211866140365601,22.1053466796875,13.98789978027344,23.240478515625
42066,-0.734893798828125,-0.6332550048828125,0.1639556884765625,0.0103061674162745,-0.1456432193517685,-0.0611408501863479,22.08757019042969,13.92257690429688,22.88276672363281
42067,-0.734893798828125,-0.6332550048828125,0.1639556884765625,0.0103061674162745,-0.1456432193517685,-0.0611408501863479,22.08757019042969,13.92257690429688,22.88276672363281
42068,-0.6854095458984375,-0.6425628662109375,0.145233154296875,0.1645540595054626,-0.3168482482433319,-0.0991470888257026,22.09201049804688,13.7864990234375,22.7689208984375
42069,-0.6419525146484375,-0.6462554931640625,0.1567535400390625,0.3227356970310211,-0.5019283890724182,-0.092835932970047,22.08332824707031,13.79934692382812,22.87254333496094
42070,-0.622283935546875,-0.64923095703125,0.177947998046875,0.4476744532585144,-0.6643982529640198,-0.0484823137521743,22.0733642578125,13.87417602539062,22.70297241210938
42071,-0.622283935546875,-0.64923095703125,0.177947998046875,0.4476744532585144,-0.6643982529640198,-0.0484823137521743,22.0733642578125,13.87417602539062,22.70297241210938
42072,-0.60992431640625,-0.6204833984375,0.2719573974609375,0.5563237071037292,-0.8992522954940796,-0.0110686300322413,22.13027954101562,14.06278991699219,23.10557556152344
42073,-0.5920257568359375,-0.6034698486328125,0.3223114013671875,0.4879459738731384,-0.9534726738929749,-0.0109479892998933,22.29052734375,14.05343627929688,23.54653930664062
42074,-0.58782958984375,-0.585174560546875,0.365997314453125,0.4076628386974335,-0.890399158000946,0.0083404881879687,22.43862915039062,14.16635131835938,24.06257629394531
42075,-0.58782958984375,-0.585174560546875,0.365997314453125,0.4076628386974335,-0.890399158000946,0.0083404881879687,22.43862915039062,14.16635131835938,24.06257629394531
42076,-0.5987091064453125,-0.5539703369140625,0.3869476318359375,0.2104895859956741,-0.6754106879234314,-0.1016094461083412,22.81263732910156,14.52363586425781,24.69599914550781
42077,-0.5908966064453125,-0.5816650390625,0.3833465576171875,0.1522957980632782,-0.6463936567306519,-0.1477830708026886,23.07035827636719,14.58235168457031,24.96675109863281
42078,-0.5960693359375,-0.6259765625,0.3629913330078125,0.1573587357997894,-0.6896263360977173,-0.1156757324934006,23.6766357421875,14.74754333496094,25.29768371582031
42079,-0.5960693359375,-0.6259765625,0.3629913330078125,0.1573587357997894,-0.6896263360977173,-0.1156757324934006,23.6766357421875,14.74754333496094,25.29768371582031
42080,-0.6192474365234375,-0.6456298828125,0.3553619384765625,0.3312319815158844,-1.016660094261169,-0.0387492589652538,24.17707824707031,14.80267333984375,25.33311462402344
42081,-0.642120361328125,-0.6399383544921875,0.3713226318359375,0.4362971484661102,-1.241536140441895,-0.0383662991225719,24.3653564453125,14.8909912109375,25.56500244140625
42082,-0.6830291748046875,-0.6216278076171875,0.41644287109375,0.523914635181427,-1.448646187782288,-0.1085014417767525,24.56448364257812,15.01583862304688,25.91819763183594
42083,-0.6830291748046875,-0.6216278076171875,0.41644287109375,0.523914635181427,-1.448646187782288,-0.1085014417767525,24.56448364257812,15.01583862304688,25.91819763183594
42084,-0.77374267578125,-0.6092376708984375,0.5277099609375,0.5784252882003784,-1.496441602706909,-0.3567466735839844,25.11918640136719,15.29725646972656,26.54820251464844
42085,-0.8130035400390625,-0.6071319580078125,0.5841522216796875,0.5702767968177795,-1.280545830726624,-0.5095173120498657,25.439453125,15.39810180664062,27.19146728515625
42086,-0.648651123046875,-0.6470794677734375,0.5172271728515625,0.5177174210548401,-1.176859617233276,-0.7264387011528015,26.3984375,15.49354553222656,27.98263549804688
42087,-0.648651123046875,-0.6470794677734375,0.5172271728515625,0.5177174210548401,-1.176859617233276,-0.7264387011528015,26.3984375,15.49354553222656,27.98263549804688
42088,-0.585235595703125,-0.667022705078125,0.499237060546875,0.6057506203651428,-1.434435486793518,-0.6607896685600281,26.91177368164062,15.58102416992188,28.37777709960938
42089,-0.5607757568359375,-0.68402099609375,0.51220703125,0.7326111197471619,-1.676906824111938,-0.5444545149803162,27.48060607910156,15.58595275878906,28.72091674804688
42090,-0.5685272216796875,-0.671630859375,0.57159423828125,0.831684947013855,-1.87136435508728,-0.4142296612262726,28.05467224121094,15.66496276855469,29.02432250976562
42091,-0.5685272216796875,-0.671630859375,0.57159423828125,0.831684947013855,-1.87136435508728,-0.4142296612262726,28.05467224121094,15.66496276855469,29.02432250976562
42092,-0.6184539794921875,-0.6119842529296875,0.7053375244140625,0.8108569383621216,-2.074822187423706,-0.3208099603652954,29.38182067871094,16.02911376953125,30.18588256835938
42093,-0.6767120361328125,-0.568145751953125,0.7938079833984375,0.7032630443572998,-2.021032094955444,-0.3837218284606934,29.99844360351562,16.29927062988281,30.82011413574219
42094,-0.7463531494140625,-0.52008056640625,0.88140869140625,0.5356916785240173,-1.706223607063293,-0.5023595094680786,30.71893310546875,16.44851684570312,31.26081848144531
42095,-0.7323150634765625,-0.4865570068359375,0.881866455078125,0.3168184161186218,-1.268858551979065,-0.7048170566558838,31.51809692382812,16.56098937988281,31.40534973144531
42096,-0.6209716796875,-0.4744415283203125,0.78240966796875,0.126888707280159,-0.9936118125915528,-0.8702312707901001,32.1829833984375,16.65956115722656,31.63595581054688
42097,-0.4799652099609375,-0.475830078125,0.6528167724609375,0.0969659611582756,-0.9984880685806274,-0.8970117568969727,32.96238708496094,16.64846801757812,31.76907348632812
42098,-0.3926849365234375,-0.49566650390625,0.56402587890625,0.2384839504957199,-1.187281727790833,-0.7795019149780273,33.95173645019531,16.51010131835938,31.66966247558594
42099,-0.3883819580078125,-0.514892578125,0.5619354248046875,0.4762733280658722,-1.373232364654541,-0.6020999550819397,34.67341613769531,16.52401733398438,31.830078125
42100,-0.4400482177734375,-0.5027313232421875,0.6448974609375,0.6710526943206787,-1.430155277252197,-0.4478483498096466,35.52816772460938,16.59014892578125,31.90821838378906
42101,-0.5122528076171875,-0.4797515869140625,0.755157470703125,0.7011170983314514,-1.360020756721497,-0.3614071905612946,36.24728393554688,16.707763671875,32.268798828125
42102,-0.5806121826171875,-0.4648895263671875,0.856109619140625,0.5707516074180603,-1.179124474525452,-0.3595951795578003,36.95799255371094,16.88508605957031,32.65457153320312
42103,-0.5806121826171875,-0.4648895263671875,0.856109619140625,0.5707516074180603,-1.179124474525452,-0.3595951795578003,36.95799255371094,16.88508605957031,32.65457153320312
42104,-0.5978240966796875,-0.4492340087890625,0.9286956787109376,0.0001890844287117,-0.5044035315513611,-0.5106188058853149,38.28541564941406,17.30030822753906,32.740478515625
42105,-0.52685546875,-0.449951171875,0.8553009033203125,-0.3028267025947571,-0.3125693500041962,-0.5907533168792725,38.95164489746094,17.29447937011719,32.83450317382812
42106,-0.3790740966796875,-0.4782562255859375,0.646484375,-0.4286043345928192,-0.3801246881484985,-0.5178948044776917,40.09390258789062,16.78782653808594,32.48728942871094
42107,-0.3790740966796875,-0.4782562255859375,0.646484375,-0.4286043345928192,-0.3801246881484985,-0.5178948044776917,40.09390258789062,16.78782653808594,32.48728942871094
42108,-0.3505706787109375,-0.4913330078125,0.5888824462890625,-0.2640984952449799,-0.4753580093383789,-0.4302374124526978,40.70431518554688,16.41017150878906,32.33413696289062
42109,-0.3447265625,-0.5067138671875,0.576202392578125,-0.0174122788012027,-0.5468601584434509,-0.3203330039978027,41.17962646484375,16.22599792480469,32.29191589355469
42110,-0.3537750244140625,-0.51068115234375,0.5968475341796875,0.23670494556427,-0.5666391849517822,-0.1958784312009811,41.6046142578125,16.15982055664062,32.01655578613281
42111,-0.3537750244140625,-0.51068115234375,0.5968475341796875,0.23670494556427,-0.5666391849517822,-0.1958784312009811,41.6046142578125,16.15982055664062,32.01655578613281
42112,-0.387481689453125,-0.5088348388671875,0.652740478515625,0.4150557816028595,-0.5761522650718689,-0.1112591475248337,41.9410400390625,16.28060913085938,31.87997436523438
42113,-0.5216064453125,-0.5067596435546875,0.8433685302734375,0.3385024070739746,-0.1822025626897812,-0.147921547293663,42.55537414550781,16.66964721679688,32.00259399414062
42114,-0.50799560546875,-0.5120849609375,0.8407440185546875,0.1618624031543732,0.0381886661052703,-0.2355544716119766,42.95909118652344,16.7410888671875,31.93135070800781
42115,-0.50799560546875,-0.5120849609375,0.8407440185546875,0.1618624031543732,0.0381886661052703,-0.2355544716119766,42.95909118652344,16.7410888671875,31.93135070800781
42116,-0.416748046875,-0.5156402587890625,0.737884521484375,-0.0062704128213226,0.0668330937623977,-0.3015638291835785,43.36105346679688,16.84202575683594,31.90623474121094
42117,-0.3670654296875,-0.521240234375,0.70068359375,0.0332828536629676,-0.0220035687088966,-0.2828812301158905,43.53775024414062,16.86572265625,31.88052368164062
42118,-0.343231201171875,-0.519622802734375,0.695343017578125,0.1031503528356552,-0.1170677691698074,-0.2429913431406021,43.78352355957031,16.8336181640625,31.76011657714844
42119,-0.336456298828125,-0.511871337890625,0.7139739990234375,0.1548215299844742,-0.1744594275951385,-0.2096192687749863,43.99920654296875,16.85025024414062,31.71824645996094
42120,-0.3192291259765625,-0.5104217529296875,0.7288360595703125,0.1688880920410156,-0.1644416749477386,-0.1653058677911758,44.20906066894531,16.74299621582031,32.08367919921875
42121,-0.3117523193359375,-0.508697509765625,0.7406158447265625,0.1670118868350983,-0.101739414036274,-0.0916031524538993,44.33836364746094,16.61990356445312,32.66917419433594
42122,-0.3240509033203125,-0.4976806640625,0.74847412109375,0.1297851651906967,-0.0115424059331417,-0.0282790418714284,44.50093078613281,16.74327087402344,32.602783203125
42123,-0.3240509033203125,-0.4976806640625,0.74847412109375,0.1297851651906967,-0.0115424059331417,-0.0282790418714284,44.50093078613281,16.74327087402344,32.602783203125
42124,-0.3793792724609375,-0.481231689453125,0.764617919921875,0.0059207398444414,0.2425053119659424,-0.0214211363345384,44.55337524414062,17.04385375976562,31.91629028320312
42125,-0.3773956298828125,-0.4852752685546875,0.7459259033203125,-0.0772644281387329,0.2831611335277557,-0.0606271289288997,44.61793518066406,17.16361999511719,31.90951538085938
42126,-0.337615966796875,-0.5116424560546875,0.6844635009765625,-0.1061828956007957,0.2840841710567474,-0.0655268132686615,44.43942260742188,17.23556518554688,31.94609069824219
42127,-0.337615966796875,-0.5116424560546875,0.6844635009765625,-0.1061828956007957,0.2840841710567474,-0.0655268132686615,44.43942260742188,17.23556518554688,31.94609069824219
42128,-0.314483642578125,-0.526885986328125,0.647705078125,-0.0212219320237636,0.2182116955518723,-0.0035100462846457,44.40155029296875,17.17198181152344,31.89765930175781
42129,-0.315277099609375,-0.5308074951171875,0.637603759765625,0.0866930857300758,0.1025506108999252,0.0521263182163238,44.26066589355469,17.12351989746094,32.03082275390625
42130,-0.339324951171875,-0.533966064453125,0.66534423828125,0.1742820590734482,0.003680754918605,0.0860997289419174,44.21623229980469,17.13165283203125,31.93807983398438
42131,-0.339324951171875,-0.533966064453125,0.66534423828125,0.1742820590734482,0.003680754918605,0.0860997289419174,44.21623229980469,17.13165283203125,31.93807983398438
42132,-0.392120361328125,-0.545166015625,0.724151611328125,0.2097921073436737,0.0039244340732693,0.1364734172821045,44.09974670410156,17.17228698730469,32.19187927246094
42133,-0.417236328125,-0.5479736328125,0.7425079345703125,0.169589564204216,0.0849785432219505,0.1257243752479553,43.97941589355469,17.18780517578125,32.35081481933594
42134,-0.42706298828125,-0.552734375,0.74468994140625,0.1121813952922821,0.1411033272743225,0.0926681533455848,43.84687805175781,17.2373046875,32.63200378417969
42135,-0.42706298828125,-0.552734375,0.74468994140625,0.1121813952922821,0.1411033272743225,0.0926681533455848,43.84687805175781,17.2373046875,32.63200378417969
42136,-0.42706298828125,-0.552734375,0.74468994140625,0.1121813952922821,0.1411033272743225,0.0926681533455848,43.84687805175781,17.2373046875,32.63200378417969
42137,-0.3997802734375,-0.5718536376953125,0.703338623046875,0.0522490888833999,0.0771842673420906,0.0046943537890911,43.47628784179688,17.33810424804688,32.83155822753906
42138,-0.37493896484375,-0.584197998046875,0.6974945068359375,0.1175015941262245,0.0223513785749673,0.030624222010374,43.32795715332031,17.41731262207031,33.08303833007812
42139,-0.3633270263671875,-0.5960845947265625,0.70343017578125,0.1866969168186188,-0.0136332539841532,0.0887972488999366,43.24771118164062,17.46910095214844,33.18278503417969
42140,-0.374603271484375,-0.5942230224609375,0.721160888671875,0.2529086768627167,-0.0349467992782592,0.1512550264596939,43.0372314453125,17.57582092285156,33.05763244628906
42141,-0.390899658203125,-0.581573486328125,0.7475128173828125,0.2559026181697845,-0.0419703535735607,0.1671919226646423,42.88432312011719,17.76722717285156,32.92079162597656
42142,-0.4157867431640625,-0.572021484375,0.7718963623046875,0.2136829942464828,-0.0305280815809965,0.1686558574438095,42.85430908203125,17.85609436035156,32.91659545898438
42143,-0.4475555419921875,-0.559722900390625,0.7862091064453125,0.1603023260831833,0.0118177775293588,0.1394950449466705,42.6998291015625,17.87493896484375,33.07756042480469
42144,-0.454498291015625,-0.5481109619140625,0.7794342041015625,0.090788222849369,0.0456662885844707,0.0754878297448158,42.54414367675781,17.93171691894531,33.16383361816406
42145,-0.4394073486328125,-0.5458984375,0.750823974609375,0.0449120812118053,0.0740364119410514,0.0191747602075338,42.44381713867188,18.00016784667969,33.2276611328125
42146,-0.4124755859375,-0.5433349609375,0.715789794921875,0.069211296737194,0.0720582157373428,-0.007889081723988,42.37641906738281,18.09185791015625,33.12767028808594
42147,-0.3903656005859375,-0.5395355224609375,0.7020721435546875,0.1234111487865448,0.0373518988490104,0.0032322786282747,42.32426452636719,18.01451110839844,33.07643127441406
42148,-0.382232666015625,-0.530548095703125,0.70660400390625,0.1775652021169662,0.0216166116297245,0.0318799018859863,42.287109375,18.11997985839844,33.17466735839844
42149,-0.370819091796875,-0.5215606689453125,0.7069854736328125,0.2057704776525497,-0.0148045122623443,0.0612258054316043,42.195556640625,18.16848754882812,33.27073669433594
42150,-0.3715057373046875,-0.5184478759765625,0.728546142578125,0.2266872078180313,-0.0010612696642056,0.1520209610462189,42.14848327636719,18.36256408691406,33.47633361816406
42151,-0.3715057373046875,-0.5184478759765625,0.728546142578125,0.2266872078180313,-0.0010612696642056,0.1520209610462189,42.14848327636719,18.36256408691406,33.47633361816406
42152,-0.4031982421875,-0.51580810546875,0.74444580078125,0.1965114623308182,0.0494458451867103,0.1891696602106094,42.0247802734375,18.4412841796875,33.65721130371094
42153,-0.4403076171875,-0.5123443603515625,0.755035400390625,0.1619849056005478,0.0882744714617729,0.2042657881975174,42.07650756835938,18.49923706054688,33.72842407226562
42154,-0.465484619140625,-0.521728515625,0.7575531005859375,0.0638530179858207,0.0902092531323432,0.1384758502244949,41.95149230957031,18.62026977539062,33.82594299316406
42155,-0.465484619140625,-0.521728515625,0.7575531005859375,0.0638530179858207,0.0902092531323432,0.1384758502244949,41.95149230957031,18.62026977539062,33.82594299316406
42156,-0.46441650390625,-0.528228759765625,0.7559051513671875,0.0366030186414718,0.1351538300514221,0.1347825825214386,41.95402526855469,18.58761596679688,33.77215576171875
42157,-0.4577178955078125,-0.530487060546875,0.7413787841796875,0.0256172120571136,0.1766852885484695,0.1426133364439011,41.85047912597656,18.57080078125,33.8509521484375
42158,-0.4471282958984375,-0.5235137939453125,0.7337799072265625,0.0140308644622564,0.1772781163454056,0.1515977829694748,41.75386047363281,18.54890441894531,33.76345825195312
42159,-0.4471282958984375,-0.5235137939453125,0.7337799072265625,0.0140308644622564,0.1772781163454056,0.1515977829694748,41.75386047363281,18.54890441894531,33.76345825195312
42160,-0.4485626220703125,-0.5197601318359375,0.7262115478515625,0.0028021780308336,0.1525711715221405,0.1838848739862442,41.74404907226562,18.54379272460938,33.81072998046875
42161,-0.464019775390625,-0.5146026611328125,0.7267303466796875,0.0066176890395581,0.1781678795814514,0.2077254951000214,41.58663940429688,18.56900024414062,33.76803588867188
42162,-0.4968414306640625,-0.5084075927734375,0.7234954833984375,0.0130854416638612,0.2717026174068451,0.203994944691658,41.26277160644531,18.61451721191406,33.844482421875
42163,-0.4968414306640625,-0.5084075927734375,0.7234954833984375,0.0130854416638612,0.2717026174068451,0.203994944691658,41.26277160644531,18.61451721191406,33.844482421875
42164,-0.51123046875,-0.5074310302734375,0.7235870361328125,0.0135328527539968,0.2174835801124573,0.1897518187761307,41.15966796875,18.59620666503906,33.89994812011719
42165,-0.5132904052734375,-0.5062408447265625,0.7184906005859375,0.0135328527539968,0.2174835801124573,0.1897518187761307,40.93113708496094,18.54776000976562,33.92160034179688
42166,-0.524017333984375,-0.5232696533203125,0.7374725341796875,-0.0484791174530983,0.1242447197437286,0.1016773581504822,40.53596496582031,18.39764404296875,34.36923217773438
42167,-0.524017333984375,-0.5232696533203125,0.7374725341796875,-0.0484791174530983,0.1242447197437286,0.1016773581504822,40.53596496582031,18.39764404296875,34.36923217773438
42168,-0.524017333984375,-0.5232696533203125,0.7374725341796875,-0.0484791174530983,0.1242447197437286,0.1016773581504822,40.53596496582031,18.39764404296875,34.36923217773438
42169,-0.491912841796875,-0.5270843505859375,0.712310791015625,-0.0426782220602035,0.1670973747968674,0.1090018525719643,40.38861083984375,18.40919494628906,34.32196044921875
42170,-0.467681884765625,-0.526123046875,0.68853759765625,-0.0101724760606885,0.1485604494810104,0.1380177885293961,40.19731140136719,18.37046813964844,34.36082458496094
42171,-0.4568023681640625,-0.52764892578125,0.6921234130859375,0.0461539141833782,0.1749361306428909,0.2178002297878265,40.04496765136719,18.42579650878906,34.58734130859375
42172,-0.4615325927734375,-0.532745361328125,0.703277587890625,0.0461539141833782,0.1749361306428909,0.2178002297878265,39.97061157226562,18.36956787109375,34.669677734375
42173,-0.473907470703125,-0.5335845947265625,0.7205352783203125,0.0181997772306203,0.2839270532131195,0.2572041153907776,39.75514221191406,18.49873352050781,34.47431945800781
42174,-0.499786376953125,-0.5303802490234375,0.7327880859375,-0.0735282823443412,0.2804883718490601,0.23086117208004,39.26298522949219,18.7083740234375,34.34959411621094
42175,-0.499786376953125,-0.5303802490234375,0.7327880859375,-0.0735282823443412,0.2804883718490601,0.23086117208004,39.26298522949219,18.7083740234375,34.34959411621094
42176,-0.5008544921875,-0.532745361328125,0.7223052978515625,-0.0735282823443412,0.2804883718490601,0.23086117208004,39.03498840332031,18.78515625,34.03573608398438
42177,-0.4996490478515625,-0.5337677001953125,0.7120361328125,-0.1156075522303581,0.2340718805789948,0.2245875746011734,38.8935546875,18.66989135742188,34.03672790527344
42178,-0.4998931884765625,-0.5301361083984375,0.7044525146484375,-0.1209314838051796,0.3325007259845734,0.2435679137706757,38.61062622070312,18.51370239257812,34.16523742675781
42179,-0.4998931884765625,-0.5301361083984375,0.7044525146484375,-0.1209314838051796,0.3325007259845734,0.2435679137706757,38.61062622070312,18.51370239257812,34.16523742675781
42180,-0.4919586181640625,-0.5274200439453125,0.681396484375,-0.0828008726239204,0.330140620470047,0.2654090225696564,38.42768859863281,18.60774230957031,34.19256591796875
42181,-0.4854583740234375,-0.5241851806640625,0.667724609375,-0.0828008726239204,0.330140620470047,0.2654090225696564,38.26467895507812,18.56031799316406,34.00846862792969
42182,-0.5079803466796875,-0.523651123046875,0.677764892578125,0.0434537343680858,0.3258502781391144,0.2682644724845886,37.7406005859375,18.53192138671875,33.929443359375
42183,-0.5079803466796875,-0.523651123046875,0.677764892578125,0.0434537343680858,0.3258502781391144,0.2682644724845886,37.7406005859375,18.53192138671875,33.929443359375
42184,-0.5264892578125,-0.523773193359375,0.6907806396484375,0.0434537343680858,0.3258502781391144,0.2682644724845886,37.55311584472656,18.58403015136719,33.83930969238281
42185,-0.539703369140625,-0.5207672119140625,0.7100372314453125,0.0264289434999227,0.2854818105697632,0.2384101748466492,37.3621826171875,18.55807495117188,33.82978820800781
42186,-0.534454345703125,-0.5217742919921875,0.701141357421875,-0.1443132311105728,0.2422291487455368,0.1380880922079086,36.76945495605469,18.6563720703125,33.72915649414062
42187,-0.534454345703125,-0.5217742919921875,0.701141357421875,-0.1443132311105728,0.2422291487455368,0.1380880922079086,36.76945495605469,18.6563720703125,33.72915649414062
42188,-0.534454345703125,-0.5217742919921875,0.701141357421875,-0.1443132311105728,0.2422291487455368,0.1380880922079086,36.76945495605469,18.6563720703125,33.72915649414062
42189,-0.5184783935546875,-0.52508544921875,0.673065185546875,-0.1578788459300995,0.3177284300327301,0.1633929163217545,36.63327026367188,18.68968200683594,33.81332397460938
42190,-0.5086822509765625,-0.513519287109375,0.63177490234375,-0.0192634426057338,0.4228814840316772,0.2694621086120605,36.16064453125,18.64410400390625,33.61932373046875
42191,-0.5086822509765625,-0.513519287109375,0.63177490234375,-0.0192634426057338,0.4228814840316772,0.2694621086120605,36.16064453125,18.64410400390625,33.61932373046875
42192,-0.5167999267578125,-0.509674072265625,0.6290740966796875,-0.0015475628897547,0.4366194009780884,0.2815640270709991,36.02081298828125,18.59565734863281,33.50827026367188
42193,-0.531768798828125,-0.508209228515625,0.63189697265625,0.0218581613153219,0.4339517056941986,0.2890190184116364,35.89918518066406,18.52912902832031,33.37171936035156
42194,-0.56793212890625,-0.500335693359375,0.62420654296875,0.0281408242881298,0.4019170701503754,0.273434191942215,35.54852294921875,18.47256469726562,33.47697448730469
42195,-0.56793212890625,-0.500335693359375,0.62420654296875,0.0281408242881298,0.4019170701503754,0.273434191942215,35.54852294921875,18.47256469726562,33.47697448730469
42196,-0.5829620361328125,-0.4977569580078125,0.616790771484375,0.0477347634732723,0.2651917338371277,0.1437979191541672,35.2525634765625,18.48783874511719,33.35205078125
42197,-0.584381103515625,-0.4959564208984375,0.6068115234375,0.0477347634732723,0.2651917338371277,0.1437979191541672,35.03559875488281,18.4508056640625,33.34100341796875
42198,-0.549163818359375,-0.495452880859375,0.5792236328125,0.3442532420158386,0.088126927614212,0.0394435450434684,34.62850952148438,18.37857055664062,33.6845703125
42199,-0.549163818359375,-0.495452880859375,0.5792236328125,0.3442532420158386,0.088126927614212,0.0394435450434684,34.62850952148438,18.37857055664062,33.6845703125
42200,-0.541961669921875,-0.5074462890625,0.6059722900390625,0.4696385860443115,-0.0076989321969449,0.0464737601578235,34.37898254394531,18.38232421875,33.73204040527344
42201,-0.541961669921875,-0.5074462890625,0.6059722900390625,0.4696385860443115,-0.0076989321969449,0.0464737601578235,34.37898254394531,18.38232421875,33.73204040527344
42202,-0.5989532470703125,-0.518218994140625,0.700958251953125,0.6388023495674133,-0.0887117609381675,-0.0489901788532733,34.19473266601562,18.74166870117188,34.01847839355469
42203,-0.5989532470703125,-0.518218994140625,0.700958251953125,0.6388023495674133,-0.0887117609381675,-0.0489901788532733,34.19473266601562,18.74166870117188,34.01847839355469
42204,-0.61279296875,-0.527862548828125,0.7433013916015625,0.6388023495674133,-0.0887117609381675,-0.0489901788532733,34.06393432617188,19.06544494628906,34.130615234375
42205,-0.6212310791015625,-0.5361785888671875,0.7825469970703125,0.6054760813713074,-0.0498810075223445,-0.0707266330718994,34.08895874023438,19.22251892089844,34.35902404785156
42206,-0.6404571533203125,-0.530853271484375,0.8438262939453125,0.3024852871894836,0.1417760401964188,-0.1657183915376663,34.09991455078125,19.77558898925781,34.79519653320312
42207,-0.6404571533203125,-0.530853271484375,0.8438262939453125,0.3024852871894836,0.1417760401964188,-0.1657183915376663,34.09991455078125,19.77558898925781,34.79519653320312
42208,-0.620025634765625,-0.5278778076171875,0.8396148681640625,0.2220272123813629,0.1457228511571884,-0.1767329573631287,34.06297302246094,20.00895690917969,34.85762023925781
42209,-0.5942230224609375,-0.524932861328125,0.8233795166015625,0.1810030788183212,0.1161321997642517,-0.1672755479812622,33.97476196289062,20.12367248535156,35.13507080078125
42210,-0.554656982421875,-0.5037994384765625,0.8005828857421875,0.1465500295162201,0.0894582420587539,-0.1612927466630936,34.0306396484375,20.25669860839844,35.29302978515625
42211,-0.554656982421875,-0.5037994384765625,0.8005828857421875,0.1465500295162201,0.0894582420587539,-0.1612927466630936,34.0306396484375,20.25669860839844,35.29302978515625
42212,-0.5445098876953125,-0.494476318359375,0.7886199951171875,0.1235461756587029,0.0459717512130737,-0.1479058414697647,33.95523071289062,20.31668090820312,35.3056640625
42213,-0.5440521240234375,-0.4837493896484375,0.789520263671875,0.1061107218265533,0.0116145778447389,-0.1429475694894791,33.93023681640625,20.34992980957031,35.34468078613281
42214,-0.5515899658203125,-0.46502685546875,0.78314208984375,0.0024639565963298,0.0456644222140312,-0.1415816247463226,33.97795104980469,20.45677185058594,35.61782836914062
42215,-0.5515899658203125,-0.46502685546875,0.78314208984375,0.0024639565963298,0.0456644222140312,-0.1415816247463226,33.97795104980469,20.45677185058594,35.61782836914062
42216,-0.5390472412109375,-0.4448394775390625,0.753631591796875,-0.1059229671955109,0.0839878469705581,-0.1405200958251953,34.07478332519531,20.54452514648438,35.54432678222656
42217,-0.5390472412109375,-0.4448394775390625,0.753631591796875,-0.1059229671955109,0.0839878469705581,-0.1405200958251953,34.07478332519531,20.54452514648438,35.54432678222656
42218,-0.53961181640625,-0.4209136962890625,0.701934814453125,-0.168094202876091,0.1443667709827423,-0.1088212877511978,34.12748718261719,20.34336853027344,35.41270446777344
42219,-0.53961181640625,-0.4209136962890625,0.701934814453125,-0.168094202876091,0.1443667709827423,-0.1088212877511978,34.12748718261719,20.34336853027344,35.41270446777344
42220,-0.54193115234375,-0.4055023193359375,0.6753997802734375,-0.1543653309345245,0.1365133672952652,-0.1070873066782951,34.26437377929688,20.27772521972656,35.37716674804688
42221,-0.54193115234375,-0.4055023193359375,0.6753997802734375,-0.1543653309345245,0.1365133672952652,-0.1070873066782951,34.26437377929688,20.27772521972656,35.37716674804688
42222,-0.5420989990234375,-0.4091339111328125,0.632293701171875,-0.1088516488671303,0.1006349995732307,-0.1066774427890778,34.44668579101562,19.84339904785156,35.56478881835938
42223,-0.5420989990234375,-0.4091339111328125,0.632293701171875,-0.1088516488671303,0.1006349995732307,-0.1066774427890778,34.44668579101562,19.84339904785156,35.56478881835938
42224,-0.5511627197265625,-0.422027587890625,0.6329345703125,0.1233616173267365,-0.0138628184795379,-0.0836837142705917,34.53958129882812,19.740966796875,35.77685546875
42225,-0.5614471435546875,-0.4354400634765625,0.6289215087890625,0.2564224600791931,-0.1527024656534195,-0.0853210240602493,34.64065551757812,19.83509826660156,35.93730163574219
42226,-0.5920867919921875,-0.454437255859375,0.6618499755859375,0.278879314661026,-0.2256443053483963,-0.136529877781868,34.76622009277344,20.10307312011719,35.59823608398438
42227,-0.5782928466796875,-0.459136962890625,0.68817138671875,0.2492010295391083,-0.451967716217041,-0.2696096301078796,34.78070068359375,20.21858215332031,35.5565185546875
42228,-0.5782928466796875,-0.459136962890625,0.68817138671875,0.2492010295391083,-0.451967716217041,-0.2696096301078796,34.78070068359375,20.21858215332031,35.5565185546875
42229,-0.5413055419921875,-0.4766998291015625,0.674285888671875,0.2492010295391083,-0.451967716217041,-0.2696096301078796,34.96189880371094,20.27189636230469,35.44378662109375
42230,-0.5006256103515625,-0.500640869140625,0.7029266357421875,0.3562025725841522,-0.5404866933822632,-0.2961509823799133,35.22434997558594,20.59434509277344,35.43389892578125
42231,-0.5006256103515625,-0.500640869140625,0.7029266357421875,0.3562025725841522,-0.5404866933822632,-0.2961509823799133,35.22434997558594,20.59434509277344,35.43389892578125
42232,-0.474609375,-0.51055908203125,0.71710205078125,0.3562025725841522,-0.5404866933822632,-0.2961509823799133,35.33425903320312,20.6732177734375,35.56550598144531
42233,-0.440643310546875,-0.52337646484375,0.7024688720703125,0.4562191963195801,-0.4222913384437561,-0.2244653254747391,35.70339965820312,20.78669738769531,35.71861267089844
42234,-0.39837646484375,-0.523223876953125,0.6818084716796875,0.5221250057220459,-0.384194552898407,-0.1942030340433121,36.17373657226562,21.10580444335938,36.02439880371094
42235,-0.39837646484375,-0.523223876953125,0.6818084716796875,0.5221250057220459,-0.384194552898407,-0.1942030340433121,36.17373657226562,21.10580444335938,36.02439880371094
42236,-0.389556884765625,-0.5209808349609375,0.6416778564453125,0.5980280041694641,-0.3885599970817566,-0.1679037809371948,36.56449890136719,21.22055053710938,36.28115844726562
42237,-0.29669189453125,-0.4873504638671875,0.7022705078125,0.6585052013397217,-0.5255939960479736,0.1284205615520477,37.11506652832031,21.66017150878906,36.88264465332031
42238,-0.29669189453125,-0.4873504638671875,0.7022705078125,0.6585052013397217,-0.5255939960479736,0.1284205615520477,37.11506652832031,21.66017150878906,36.88264465332031
42239,-0.285614013671875,-0.454010009765625,0.7526702880859375,0.5535681247711182,-0.245575413107872,0.2458835393190384,37.467041015625,21.83662414550781,37.09013366699219
42240,-0.285614013671875,-0.454010009765625,0.7526702880859375,0.5535681247711182,-0.245575413107872,0.2458835393190384,37.467041015625,21.83662414550781,37.09013366699219
42241,-0.34259033203125,-0.4079437255859375,0.9678955078125,-0.207417368888855,0.3533024191856384,0.3424902260303497,38.12635803222656,22.43870544433594,37.34327697753906
42242,-0.3977203369140625,-0.415374755859375,0.9902496337890624,-0.207417368888855,0.3533024191856384,0.3424902260303497,38.30174255371094,22.7086181640625,37.24925231933594
42243,-0.3977203369140625,-0.415374755859375,0.9902496337890624,-0.207417368888855,0.3533024191856384,0.3424902260303497,38.30174255371094,22.7086181640625,37.24925231933594
42244,-0.402923583984375,-0.4322509765625,0.9053497314453124,-0.584370493888855,0.578457772731781,0.4469375610351562,38.40048217773438,22.64363098144531,37.1165771484375
42245,-0.402923583984375,-0.4322509765625,0.9053497314453124,-0.584370493888855,0.578457772731781,0.4469375610351562,38.40048217773438,22.64363098144531,37.1165771484375
42246,-0.59796142578125,-0.4671173095703125,0.7653350830078125,-0.634869396686554,0.4903950095176697,0.3628724813461304,38.06224060058594,21.86964416503906,35.97357177734375
42247,-0.71038818359375,-0.502288818359375,0.716552734375,-0.5870810747146606,0.3561506569385529,0.0069495188072323,37.88299560546875,21.4405517578125,36.08235168457031
42248,-0.7399444580078125,-0.5481414794921875,0.6902008056640625,-0.5870810747146606,0.3561506569385529,0.0069495188072323,37.8167724609375,21.07620239257812,36.39353942871094
42249,-0.7399444580078125,-0.5481414794921875,0.6902008056640625,-0.5870810747146606,0.3561506569385529,0.0069495188072323,37.8167724609375,21.07620239257812,36.39353942871094
42250,-0.6445770263671875,-0.6388092041015625,0.635406494140625,-0.4566524922847748,0.2858496010303497,-0.1446381360292435,37.53205871582031,20.66227722167969,35.86129760742188
42251,-0.56494140625,-0.645782470703125,0.6038360595703125,-0.3206182420253754,0.262560248374939,-0.0536594986915588,37.25001525878906,20.65507507324219,35.08753967285156
42252,-0.5289764404296875,-0.64300537109375,0.60516357421875,-0.3206182420253754,0.262560248374939,-0.0536594986915588,36.84005737304688,20.65541076660156,34.69021606445312
42253,-0.5289764404296875,-0.64300537109375,0.60516357421875,-0.3206182420253754,0.262560248374939,-0.0536594986915588,36.84005737304688,20.65541076660156,34.69021606445312
42254,-0.4907684326171875,-0.6626739501953125,0.6468353271484375,-0.3401248157024384,0.2723250091075897,0.0375436469912529,36.34486389160156,20.45137023925781,34.53620910644531
42255,-0.5230560302734375,-0.69158935546875,0.7014312744140625,-0.4135180711746216,0.2517549991607666,0.0504639744758606,36.06324768066406,20.29100036621094,34.61135864257812
42256,-0.5554962158203125,-0.7171173095703125,0.7236175537109375,-0.4739068448543549,0.2716490924358368,0.0784751027822494,35.73101806640625,20.20103454589844,34.65574645996094
42257,-0.571258544921875,-0.7364501953125,0.760833740234375,-0.5608034133911133,0.3170274794101715,0.109753392636776,35.40090942382812,20.21452331542969,34.551513671875
42258,-0.5796051025390625,-0.73663330078125,0.8217620849609375,-0.7520554065704346,0.5844693183898926,0.123225525021553,35.05838012695312,20.09432983398438,34.21005249023438
42259,-0.5796051025390625,-0.73663330078125,0.8217620849609375,-0.7520554065704346,0.5844693183898926,0.123225525021553,35.05838012695312,20.09432983398438,34.21005249023438
42260,-0.6222076416015625,-0.702728271484375,0.8092498779296875,-0.7520554065704346,0.5844693183898926,0.123225525021553,34.72758483886719,20.03593444824219,33.91877746582031
42261,-0.64080810546875,-0.6619415283203125,0.746246337890625,-0.7541965842247009,0.6881669163703918,0.0304503180086612,34.38986206054688,19.85726928710938,33.4755859375
42262,-0.6348419189453125,-0.598846435546875,0.6612091064453125,-0.6349940299987793,0.4489501118659973,-0.3280133008956909,33.63221740722656,19.21781921386719,33.31072998046875
42263,-0.6348419189453125,-0.598846435546875,0.6612091064453125,-0.6349940299987793,0.4489501118659973,-0.3280133008956909,33.63221740722656,19.21781921386719,33.31072998046875
42264,-0.6214752197265625,-0.6054840087890625,0.671142578125,-0.6349940299987793,0.4489501118659973,-0.3280133008956909,33.29063415527344,19.08720397949219,32.76907348632812
42265,-0.616241455078125,-0.611663818359375,0.6959381103515625,-0.5544514656066895,0.372729629278183,-0.4239763021469116,32.90472412109375,18.89140319824219,32.3609619140625
42266,-0.590057373046875,-0.6082916259765625,0.734405517578125,-0.5696852803230286,0.5068629384040833,-0.4407725930213928,32.57302856445312,18.30438232421875,32.17106628417969
42267,-0.590057373046875,-0.6082916259765625,0.734405517578125,-0.5696852803230286,0.5068629384040833,-0.4407725930213928,32.57302856445312,18.30438232421875,32.17106628417969
42268,-0.5779266357421875,-0.5974578857421875,0.688018798828125,-0.5613594651222229,0.7651197910308838,-0.4517594575881958,32.43087768554688,18.19032287597656,31.90699768066406
42269,-0.561492919921875,-0.5897369384765625,0.632843017578125,-0.4971277415752411,0.776313066482544,-0.4448898434638977,32.28765869140625,17.89633178710938,31.50079345703125
42270,-0.52935791015625,-0.589141845703125,0.5461883544921875,-0.308582067489624,0.6000344157218933,-0.2984660565853119,32.24673461914062,17.42294311523438,31.20938110351562
42271,-0.52935791015625,-0.589141845703125,0.5461883544921875,-0.308582067489624,0.6000344157218933,-0.2984660565853119,32.24673461914062,17.42294311523438,31.20938110351562
42272,-0.500152587890625,-0.5823822021484375,0.5480804443359375,-0.308582067489624,0.6000344157218933,-0.2984660565853119,32.21192932128906,17.21177673339844,30.83383178710938
42273,-0.4846954345703125,-0.579132080078125,0.5655059814453125,-0.1673596948385239,0.4949682056903839,-0.1137803643941879,32.172607421875,17.01519775390625,30.64617919921875
42274,-0.4878082275390625,-0.5648956298828125,0.535614013671875,-0.1311859786510468,0.5105761885643005,-0.0584739632904529,32.25686645507812,16.76399230957031,30.58294677734375
42275,-0.4896087646484375,-0.5442047119140625,0.535064697265625,-0.1311859786510468,0.5105761885643005,-0.0584739632904529,32.31361389160156,16.74040222167969,30.34617614746094
42276,-0.5042572021484375,-0.5421905517578125,0.5150146484375,-0.138150155544281,0.5072121024131775,-0.0510099194943904,32.29232788085938,16.71186828613281,30.07208251953125
42277,-0.5166473388671875,-0.55560302734375,0.495513916015625,-0.138150155544281,0.5072121024131775,-0.0510099194943904,32.31681823730469,16.686279296875,29.83773803710938
42278,-0.536163330078125,-0.65106201171875,0.51580810546875,-0.3606926798820496,0.6547983288764954,0.0801800563931465,32.39866638183594,16.60914611816406,29.24533081054688
42279,-0.536163330078125,-0.65106201171875,0.51580810546875,-0.3606926798820496,0.6547983288764954,0.0801800563931465,32.39866638183594,16.60914611816406,29.24533081054688
42280,-0.5449066162109375,-0.578155517578125,0.5152130126953125,-0.3606926798820496,0.6547983288764954,0.0801800563931465,32.49626159667969,16.58865356445312,28.99822998046875
42281,-0.541107177734375,-0.5374755859375,0.510040283203125,-0.4691906571388245,0.8772729635238647,0.1109195947647095,32.59365844726562,16.50822448730469,28.77581787109375
42282,-0.547088623046875,-0.5278472900390625,0.5164642333984375,-0.4691906571388245,0.8772729635238647,0.1109195947647095,32.55979919433594,16.40516662597656,28.51055908203125
42283,-0.5667724609375,-0.5421600341796875,0.5240936279296875,-0.6068883538246155,1.136681914329529,0.1523884683847427,32.5052490234375,16.29229736328125,27.96424865722656
42284,-0.5750732421875,-0.5748443603515625,0.5555419921875,-0.6068883538246155,1.136681914329529,0.1523884683847427,32.4259033203125,16.26931762695312,27.45875549316406
42285,-0.5754547119140625,-0.5559844970703125,0.53106689453125,-0.7028361558914185,1.283530235290527,0.2095401734113693,32.23365783691406,15.93940734863281,26.94137573242188
42286,-0.616851806640625,-0.49566650390625,0.38818359375,-0.2380216121673584,0.6117672324180603,0.3566494584083557,31.83564758300781,15.36982727050781,25.89068603515625
42287,-0.616851806640625,-0.49566650390625,0.38818359375,-0.2380216121673584,0.6117672324180603,0.3566494584083557,31.83564758300781,15.36982727050781,25.89068603515625
42288,-0.6080169677734375,-0.53240966796875,0.376739501953125,-0.2380216121673584,0.6117672324180603,0.3566494584083557,31.49165344238281,15.16929626464844,25.37733459472656
42289,-0.59112548828125,-0.4237213134765625,0.4050445556640625,-0.1004272699356079,0.3755009174346924,0.2590446174144745,31.13201904296875,15.05220031738281,24.98649597167969
42290,-0.5752105712890625,-0.362701416015625,0.397308349609375,-0.1149878352880478,0.4504878222942352,0.056126918643713,30.625244140625,14.92367553710938,24.75318908691406
42291,-0.5776214599609375,-0.393035888671875,0.3972015380859375,-0.14342001080513,0.4380300641059875,-0.0455581620335578,30.33755493164062,14.96745300292969,24.77684020996094
42292,-0.5776214599609375,-0.393035888671875,0.3972015380859375,-0.14342001080513,0.4380300641059875,-0.0455581620335578,30.33755493164062,14.96745300292969,24.77684020996094
42293,-0.5896148681640625,-0.444854736328125,0.418792724609375,-0.1371626555919647,0.4011753797531128,-0.1338632553815842,30.01974487304688,14.90802001953125,24.77276611328125
42294,-0.6115875244140625,-0.549530029296875,0.5033416748046875,-0.1094636395573616,0.4919486939907074,-0.2482164651155472,29.54766845703125,14.52041625976562,24.93815612792969
42295,-0.6115875244140625,-0.549530029296875,0.5033416748046875,-0.1094636395573616,0.4919486939907074,-0.2482164651155472,29.54766845703125,14.52041625976562,24.93815612792969
42296,-0.630615234375,-0.6312408447265625,0.5089874267578125,-0.2438286393880844,0.7104685306549072,-0.1618930250406265,29.24507141113281,14.52131652832031,24.71687316894531
42297,-0.6527862548828125,-0.661529541015625,0.49432373046875,-0.2438286393880844,0.7104685306549072,-0.1618930250406265,29.06155395507812,14.60890197753906,24.49739074707031
42298,-0.6632537841796875,-0.571990966796875,0.469024658203125,-0.3694843053817749,1.024031281471252,0.0132348453626036,28.7197265625,14.25411987304688,24.11128234863281
42299,-0.6632537841796875,-0.571990966796875,0.469024658203125,-0.3694843053817749,1.024031281471252,0.0132348453626036,28.7197265625,14.25411987304688,24.11128234863281
42300,-0.6869354248046875,-0.565582275390625,0.402069091796875,-0.4428165853023529,1.179548144340515,0.0013805826893076,28.47654724121094,14.37147521972656,23.50869750976562
42301,-0.71612548828125,-0.6085357666015625,0.3603057861328125,-0.519064724445343,1.192719340324402,-0.0449573546648025,28.21170043945312,14.17466735839844,23.212646484375
42302,-0.7442169189453125,-0.6474609375,0.361083984375,-0.625170111656189,1.101450443267822,-0.0451746694743633,27.89601135253906,14.13323974609375,22.657958984375
42303,-0.7442169189453125,-0.6474609375,0.361083984375,-0.625170111656189,1.101450443267822,-0.0451746694743633,27.89601135253906,14.13323974609375,22.657958984375
42304,-0.748565673828125,-0.631866455078125,0.378875732421875,-0.9064886569976808,1.028175115585327,0.0354935452342033,27.5888671875,13.89057922363281,21.37564086914062
42305,-0.73541259765625,-0.6108856201171875,0.3461151123046875,-1.099000334739685,1.004666805267334,0.0254294592887163,27.49249267578125,13.8082275390625,20.50100708007812
42306,-0.7698516845703125,-0.5816192626953125,0.2596588134765625,-1.153264880180359,0.9935279488563538,0.0499478504061698,27.49447631835938,13.68098449707031,18.95782470703125
42307,-0.7698516845703125,-0.5816192626953125,0.2596588134765625,-1.153264880180359,0.9935279488563538,0.0499478504061698,27.49447631835938,13.68098449707031,18.95782470703125
42308,-0.749237060546875,-0.5538330078125,0.222625732421875,-1.205662608146667,0.945392906665802,0.1092178300023079,27.612548828125,13.46881103515625,18.03106689453125
42309,-0.6871337890625,-0.574249267578125,0.25115966796875,-1.236265182495117,0.8782870769500732,0.1309721320867538,27.82875061035156,13.353515625,17.05497741699219
42310,-0.5409088134765625,-0.7341461181640625,0.4529876708984375,-1.212897539138794,1.18249523639679,-0.0023664848413318,28.32676696777344,13.07450866699219,14.09454345703125
42311,-0.5409088134765625,-0.7341461181640625,0.4529876708984375,-1.212897539138794,1.18249523639679,-0.0023664848413318,28.32676696777344,13.07450866699219,14.09454345703125
42312,-0.5409088134765625,-0.7341461181640625,0.4529876708984375,-1.212897539138794,1.18249523639679,-0.0023664848413318,28.32676696777344,13.07450866699219,14.09454345703125
42313,-0.4957275390625,-0.819427490234375,0.492706298828125,-1.317927598953247,1.397852540016174,0.0230323486030101,28.58460998535156,12.77099609375,13.11566162109375
42314,-0.4652557373046875,-0.85205078125,0.4167327880859375,-1.70276665687561,2.293025255203247,0.3688869476318359,28.73692321777344,12.20283508300781,10.83396911621094
42315,-0.4652557373046875,-0.85205078125,0.4167327880859375,-1.70276665687561,2.293025255203247,0.3688869476318359,28.73692321777344,12.20283508300781,10.83396911621094
42316,-0.39349365234375,-0.8280487060546875,0.425384521484375,-1.70276665687561,2.293025255203247,0.3688869476318359,28.775146484375,11.84808349609375,9.606903076171877
42317,-0.351593017578125,-0.796722412109375,0.4089202880859375,-1.741438388824463,2.673637628555298,0.4165351688861847,28.74484252929688,11.45127868652344,8.051223754882812
42318,-0.4594879150390625,-0.7336578369140625,0.0623779296875,-1.547306180000305,2.940018653869629,0.3392505049705505,28.2198486328125,10.56622314453125,4.584579467773438
42319,-0.4594879150390625,-0.7336578369140625,0.0623779296875,-1.547306180000305,2.940018653869629,0.3392505049705505,28.2198486328125,10.56622314453125,4.584579467773438
42320,-0.4253082275390625,-0.7070159912109375,0.0355377197265625,-1.53092086315155,2.450171232223511,0.3517194092273712,28.102783203125,10.04962158203125,2.7821044921875
42321,-0.4307861328125,-0.6641998291015625,0.16253662109375,-1.564340829849243,2.180453538894653,0.4323807060718536,27.99888610839844,9.492828369140623,1.120086669921875
42322,-0.3994293212890625,-0.499359130859375,0.2666778564453125,-1.47896409034729,2.856564998626709,0.6347641944885254,27.73811340332031,8.494094848632812,-2.178009033203125
42323,-0.3994293212890625,-0.499359130859375,0.2666778564453125,-1.47896409034729,2.856564998626709,0.6347641944885254,27.73811340332031,8.494094848632812,-2.178009033203125
42324,-0.381622314453125,-0.4261627197265625,0.213623046875,-1.36609673500061,3.478203773498535,0.643839418888092,27.5157470703125,8.118881225585938,-3.74957275390625
42325,-0.2962646484375,-0.473785400390625,0.125244140625,-1.161793351173401,3.989148855209351,0.4723310470581055,27.25552368164062,7.877685546875,-5.313125610351562
42326,-0.2800140380859375,-0.57086181640625,-0.1158905029296875,0.2913298606872559,3.586451292037964,-0.8010168075561523,26.87271118164062,7.1796875,-8.410781860351562
42327,-0.2800140380859375,-0.57086181640625,-0.1158905029296875,0.2913298606872559,3.586451292037964,-0.8010168075561523,26.87271118164062,7.1796875,-8.410781860351562
42328,-0.3236083984375,-0.4839324951171875,-0.2252960205078125,0.2913298606872559,3.586451292037964,-0.8010168075561523,26.88768005371094,6.837783813476562,-10.21885681152344
42329,-0.3800048828125,-0.429107666015625,-0.2718963623046875,1.015196442604065,2.937253952026367,-1.23378849029541,26.97251892089844,6.499893188476562,-11.66648864746094
42330,-0.54913330078125,-0.4994049072265625,-0.2659454345703125,2.62297248840332,1.527234196662903,-1.88461446762085,27.91773986816406,5.51708984375,-13.26058959960938
42331,-0.54913330078125,-0.4994049072265625,-0.2659454345703125,2.62297248840332,1.527234196662903,-1.88461446762085,27.91773986816406,5.51708984375,-13.26058959960938
42332,-0.538909912109375,-0.4187774658203125,-0.1222381591796875,4.136701107025146,1.157649159431458,-2.520076513290405,28.67807006835938,4.916854858398438,-13.42449951171875
42333,-0.4589691162109375,-0.3103179931640625,0.0437469482421875,4.932533264160156,1.158886313438416,-3.083751440048218,29.5107421875,4.412857055664062,-12.88703918457031
42334,-0.418701171875,-0.9820556640625,-0.2609405517578125,6.681887149810791,-0.2318002134561539,-4.545079231262207,32.83950805664062,2.872695922851562,-8.711944580078125
42335,-0.418701171875,-0.9820556640625,-0.2609405517578125,6.681887149810791,-0.2318002134561539,-4.545079231262207,32.83950805664062,2.872695922851562,-8.711944580078125
42336,-0.418701171875,-0.9820556640625,-0.2609405517578125,6.681887149810791,-0.2318002134561539,-4.545079231262207,32.83950805664062,2.872695922851562,-8.711944580078125
42337,-0.507781982421875,-1.113357543945312,-0.090850830078125,7.304597854614258,-1.245385766029358,-5.077974796295166,34.40530395507812,2.3936767578125,-6.517807006835938
42338,-0.5948028564453125,-1.055252075195312,0.2644805908203125,7.747400760650635,-1.862868905067444,-5.478863716125488,38.68104553222656,2.156600952148438,-0.2094879150390625
42339,-0.5948028564453125,-1.055252075195312,0.2644805908203125,7.747400760650635,-1.862868905067444,-5.478863716125488,38.68104553222656,2.156600952148438,-0.2094879150390625
42340,-0.6253662109375,-1.062911987304688,0.2559051513671875,7.567470073699951,-2.1510910987854,-5.489005088806152,41.29953002929688,2.505264282226562,3.138763427734375
42341,-0.6399688720703125,-1.026092529296875,0.3923187255859375,7.079865455627441,-2.39105224609375,-5.399320602416992,43.88821411132812,3.251449584960938,6.401992797851562
42342,-0.48834228515625,-1.084716796875,0.8266448974609375,5.064448356628418,-1.799370050430298,-4.568922996520996,49.40934753417969,6.041473388671875,12.74403381347656
42343,-0.48834228515625,-1.084716796875,0.8266448974609375,5.064448356628418,-1.799370050430298,-4.568922996520996,49.40934753417969,6.041473388671875,12.74403381347656
42344,-0.432708740234375,-1.16192626953125,0.8775482177734375,3.818082094192505,-1.003536939620972,-3.856318235397339,52.14581298828125,7.689453125,15.16085815429688
42345,-0.4278411865234375,-1.212265014648438,0.7745513916015625,2.130892753601074,0.0952338427305221,-2.679347038269043,54.41033935546875,9.397705078125,17.23234558105469
42346,-0.4548187255859375,-1.286773681640625,0.66729736328125,2.130892753601074,0.0952338427305221,-2.679347038269043,56.35426330566406,10.70919799804688,18.85075378417969
42347,-0.485595703125,-1.38128662109375,0.6033935546875,1.881184220314026,0.2574813365936279,-2.361986875534058,57.79838562011719,11.92901611328125,19.95027160644531
42348,-0.5172271728515625,-1.42333984375,0.56304931640625,1.894546985626221,0.184718981385231,-2.159406900405884,58.87173461914062,13.05726623535156,20.85939025878906
42349,-0.51483154296875,-1.341217041015625,0.6081085205078125,2.133121967315674,0.1134743615984917,-1.687960982322693,59.61888122558594,13.87104797363281,21.56607055664062
42350,-0.42791748046875,-1.207443237304688,0.731597900390625,2.066826343536377,0.3951715528964996,-1.097381353378296,60.88401794433594,15.69633483886719,23.05714416503906
42351,-0.42791748046875,-1.207443237304688,0.731597900390625,2.066826343536377,0.3951715528964996,-1.097381353378296,60.88401794433594,15.69633483886719,23.05714416503906
42352,-0.4128875732421875,-1.307571411132812,0.6191253662109375,2.066826343536377,0.3951715528964996,-1.097381353378296,61.36991882324219,16.70169067382812,23.72039794921875
42353,-0.400299072265625,-1.323379516601562,0.568817138671875,1.940258026123047,0.2691816687583923,-0.8524059653282166,61.71638488769531,17.72628784179688,24.21424865722656
42354,-0.3601226806640625,-1.07366943359375,0.3398590087890625,2.270302772521973,0.3886191248893738,-0.3456506133079529,62.02377319335938,19.51113891601562,25.53660583496094
42355,-0.3601226806640625,-1.07366943359375,0.3398590087890625,2.270302772521973,0.3886191248893738,-0.3456506133079529,62.02377319335938,19.51113891601562,25.53660583496094
42356,-0.5179443359375,-0.941741943359375,-0.032501220703125,2.270302772521973,0.3886191248893738,-0.3456506133079529,62.0384521484375,20.47822570800781,26.00013732910156
42357,-0.5620269775390625,-0.969696044921875,-0.361907958984375,3.092067241668701,-0.1000216752290726,-0.6496824026107788,61.97994995117188,21.29325866699219,26.53717041015625
42358,-0.2960205078125,-1.012374877929688,-0.935394287109375,2.769484043121338,-2.066675662994385,-1.110249757766724,61.89778137207031,23.53311157226562,27.60359191894531
42359,-0.2960205078125,-1.012374877929688,-0.935394287109375,2.769484043121338,-2.066675662994385,-1.110249757766724,61.89778137207031,23.53311157226562,27.60359191894531
42360,-0.2508544921875,-0.8831634521484375,0.0242919921875,0.3184027373790741,-0.9552417993545532,-0.9402253031730652,63.04380798339844,26.52073669433594,28.9090576171875
42361,-0.2508544921875,-0.8831634521484375,0.0242919921875,0.3184027373790741,-0.9552417993545532,-0.9402253031730652,63.04380798339844,26.52073669433594,28.9090576171875
42362,0.030029296875,-0.800750732421875,0.973968505859375,-0.5460097789764404,-0.4151074588298798,0.3161606192588806,64.32374572753906,27.9056396484375,29.00532531738281
42363,0.030029296875,-0.800750732421875,0.973968505859375,-0.5460097789764404,-0.4151074588298798,0.3161606192588806,64.32374572753906,27.9056396484375,29.00532531738281
42364,0.2584686279296875,-1.01519775390625,1.0709228515625,-1.465884327888489,0.032491099089384,1.027304291725159,64.91447448730469,28.09548950195312,28.94584655761719
42365,0.335174560546875,-1.054672241210938,1.2232666015625,-2.419903755187988,0.7156713008880615,1.466456055641174,65.16282653808594,28.03140258789062,29.001220703125
42366,0.2916412353515625,-0.5543212890625,1.160400390625,-3.667016267776489,1.407976746559143,1.256283402442932,64.88168334960938,26.34249877929688,28.51327514648438
42367,0.2916412353515625,-0.5543212890625,1.160400390625,-3.667016267776489,1.407976746559143,1.256283402442932,64.88168334960938,26.34249877929688,28.51327514648438
42368,0.21551513671875,-0.2759857177734375,1.149566650390625,-3.858834743499756,1.885532975196838,0.7803429365158081,64.35116577148438,24.94818115234375,27.99700927734375
42369,0.213836669921875,-0.18841552734375,0.9981842041015624,-3.687110662460327,2.027127981185913,0.1266120076179504,63.66926574707031,23.33641052246094,27.30995178222656
42370,0.374603271484375,-0.651458740234375,1.421173095703125,-2.836615085601807,2.12408447265625,-0.833989143371582,62.05934143066406,20.02159118652344,26.28614807128906
42371,0.374603271484375,-0.651458740234375,1.421173095703125,-2.836615085601807,2.12408447265625,-0.833989143371582,62.05934143066406,20.02159118652344,26.28614807128906
42372,0.191741943359375,-0.8033294677734375,0.9217376708984376,-1.961207747459412,2.286450624465942,-1.156693935394287,60.80892944335938,17.52426147460938,24.60270690917969
42373,0.086578369140625,-0.89013671875,0.6874542236328125,-0.9415521025657654,1.525676250457764,-1.266231060028076,60.3687744140625,16.52706909179688,24.22654724121094
42374,-0.1237640380859375,-0.83905029296875,0.6514892578125,0.9134796857833862,0.8171193599700928,-0.9755409359931946,59.86810302734375,16.01882934570312,23.87538146972656
42375,-0.1237640380859375,-0.83905029296875,0.6514892578125,0.9134796857833862,0.8171193599700928,-0.9755409359931946,59.86810302734375,16.01882934570312,23.87538146972656
42376,-0.1834259033203125,-0.784576416015625,0.504638671875,2.175397872924805,-0.1614980846643448,-0.4298781454563141,59.75007629394531,16.97297668457031,24.47084045410156
42377,-0.1834259033203125,-0.784576416015625,0.504638671875,2.175397872924805,-0.1614980846643448,-0.4298781454563141,59.75007629394531,16.97297668457031,24.47084045410156
42378,-0.0735321044921875,-0.6545867919921875,0.6856689453125,2.212209701538086,-0.5450356006622314,0.1964153200387955,60.073486328125,18.71751403808594,25.71771240234375
42379,-0.061004638671875,-0.6516876220703125,0.5506134033203125,2.072051048278809,-0.115159347653389,0.2356093227863312,60.26695251464844,19.67353820800781,26.48202514648438
42380,-0.0149993896484375,-0.767547607421875,0.29034423828125,2.018678665161133,-0.0379513762891292,-0.0390438064932823,60.36685180664062,20.60929870605469,27.3365478515625
42381,-0.0149993896484375,-0.767547607421875,0.29034423828125,2.018678665161133,-0.0379513762891292,-0.0390438064932823,60.36685180664062,20.60929870605469,27.3365478515625
42382,-0.0359039306640625,-0.9291229248046876,0.2699737548828125,1.146573185920715,-0.5178775191307068,-0.7696514129638672,60.4625244140625,22.46278381347656,28.55726623535156
42383,-0.0359039306640625,-0.9291229248046876,0.2699737548828125,1.146573185920715,-0.5178775191307068,-0.7696514129638672,60.4625244140625,22.46278381347656,28.55726623535156
42384,-0.0469207763671875,-0.87353515625,0.645477294921875,1.146573185920715,-0.5178775191307068,-0.7696514129638672,60.73345947265625,23.46723937988281,28.86482238769531
42385,-0.0833587646484375,-0.8087310791015625,0.5941925048828125,-0.7001679539680481,0.3617832362651825,0.167288064956665,61.251708984375,24.66444396972656,29.52395629882812
42386,-0.1128692626953125,-0.82049560546875,0.4193878173828125,-1.442564845085144,0.5119061470031738,0.4252820611000061,61.27117919921875,24.53269958496094,29.51239013671875
42387,-0.1128692626953125,-0.82049560546875,0.4193878173828125,-1.442564845085144,0.5119061470031738,0.4252820611000061,61.27117919921875,24.53269958496094,29.51239013671875
42388,-0.104766845703125,-0.70294189453125,0.4123687744140625,-2.288850545883179,0.4238170385360718,0.3169622421264648,60.65121459960938,23.41249084472656,29.20933532714844
42389,-0.104766845703125,-0.70294189453125,0.4123687744140625,-2.288850545883179,0.4238170385360718,0.3169622421264648,60.65121459960938,23.41249084472656,29.20933532714844
42390,0.00506591796875,-0.66607666015625,0.7304840087890625,-3.235204935073853,1.169118881225586,0.6712151169776917,60.20866394042969,21.49391174316406,28.29977416992188
42391,0.00506591796875,-0.66607666015625,0.7304840087890625,-3.235204935073853,1.169118881225586,0.6712151169776917,60.20866394042969,21.49391174316406,28.29977416992188
42392,-0.10504150390625,-1.119186401367188,0.1908721923828125,-2.904399633407593,1.232152223587036,0.3151885867118835,59.80819702148438,19.15213012695312,26.60145568847656
42393,-0.194610595703125,-1.133331298828125,-0.0098876953125,-2.182656526565552,0.055532768368721,-0.1239317953586578,59.31861877441406,17.87413024902344,25.81900024414062
42394,-0.2715911865234375,-1.074981689453125,0.24267578125,-1.266029715538025,-0.5809555649757385,-0.2210863083600998,59.00790405273438,16.80465698242188,25.13447570800781
42395,-0.2715911865234375,-1.074981689453125,0.24267578125,-1.266029715538025,-0.5809555649757385,-0.2210863083600998,59.00790405273438,16.80465698242188,25.13447570800781
42396,-0.317840576171875,-0.971588134765625,0.394439697265625,-0.3147004246711731,-0.6060771346092224,-0.2734065055847168,59.04608154296875,16.02352905273438,24.53324890136719
42397,-0.1811676025390625,-1.011688232421875,0.3849029541015625,0.3350760042667389,-1.334679961204529,-0.1731044054031372,59.33436584472656,15.61744689941406,24.17402648925781
42398,-0.0483245849609375,-1.159500122070312,0.750640869140625,0.4160422086715698,-0.8944807052612305,0.7553587555885315,60.04080200195312,15.74725341796875,24.04716491699219
42399,-0.0483245849609375,-1.159500122070312,0.750640869140625,0.4160422086715698,-0.8944807052612305,0.7553587555885315,60.04080200195312,15.74725341796875,24.04716491699219
42400,-0.07012939453125,-1.193939208984375,0.5274505615234375,0.3437635004520416,-0.8400070667266846,1.09218442440033,60.22146606445312,15.87203979492188,24.08976745605469
42401,-0.092315673828125,-1.111434936523438,0.401641845703125,0.3748654723167419,-0.8733237385749817,1.175790667533875,60.24351501464844,15.87124633789062,24.33961486816406
42402,0.00482177734375,-0.801666259765625,0.257232666015625,0.5420390367507935,-1.106589794158936,0.6493673324584961,60.19729614257812,15.95100402832031,24.57456970214844
42403,0.00482177734375,-0.801666259765625,0.257232666015625,0.5420390367507935,-1.106589794158936,0.6493673324584961,60.19729614257812,15.95100402832031,24.57456970214844
42404,0.0342254638671875,-0.8183441162109375,0.281036376953125,0.5286006927490234,-1.357764720916748,0.2741447389125824,60.23777770996094,16.08599853515625,24.74681091308594
42405,0.0571136474609375,-0.9050140380859376,0.4830474853515625,0.328906774520874,-1.406198024749756,0.0816109701991081,60.50300598144531,16.28840637207031,24.87055969238281
42406,0.091522216796875,-1.037765502929688,0.78631591796875,-0.5237974524497986,-0.6888092756271362,0.1518526524305344,61.09281921386719,16.61494445800781,25.05123901367188
42407,0.091522216796875,-1.037765502929688,0.78631591796875,-0.5237974524497986,-0.6888092756271362,0.1518526524305344,61.09281921386719,16.61494445800781,25.05123901367188
42408,0.1053314208984375,-1.039138793945312,0.707366943359375,-0.8367388248443604,-0.1919515877962112,0.1423195898532867,61.44287109375,16.56912231445312,24.85433959960938
42409,0.095123291015625,-1.038482666015625,0.5519256591796875,-0.928598701953888,-0.0261493120342493,0.018580075353384,61.49766540527344,16.28987121582031,24.67898559570312
42410,0.0020751953125,-0.8307952880859375,0.48126220703125,-0.6335143446922302,-0.0621853433549404,-0.2170103490352631,61.60182189941406,15.71246337890625,23.92327880859375
42411,0.0020751953125,-0.8307952880859375,0.48126220703125,-0.6335143446922302,-0.0621853433549404,-0.2170103490352631,61.60182189941406,15.71246337890625,23.92327880859375
42412,-0.0059814453125,-0.7654571533203125,0.5074920654296875,-0.4312131702899933,-0.1211472004652023,-0.2416533678770065,61.63273620605469,15.39808654785156,23.64889526367188
42413,0.029296875,-0.7072296142578125,0.609130859375,-0.2601628601551056,-0.0200594626367092,-0.2505403459072113,61.62257385253906,15.16856384277344,23.40309143066406
42414,0.096221923828125,-0.583343505859375,0.624542236328125,0.3307648599147797,0.4657328128814697,-0.6707163453102112,61.58657836914062,15.06007385253906,23.00325012207031
42415,0.096221923828125,-0.583343505859375,0.624542236328125,0.3307648599147797,0.4657328128814697,-0.6707163453102112,61.58657836914062,15.06007385253906,23.00325012207031
42416,0.1270751953125,-0.646087646484375,0.606781005859375,0.8151813745498657,0.6028728485107422,-1.111041784286499,61.57698059082031,15.18974304199219,22.97323608398438
42417,0.1491241455078125,-0.8073577880859375,0.630462646484375,1.328372240066528,0.6987394094467163,-1.51736319065094,61.58760070800781,15.3272705078125,23.16213989257812
42418,0.03668212890625,-1.013839721679688,0.58673095703125,1.842240333557129,0.4563139975070953,-1.586276173591614,61.91926574707031,16.23432922363281,23.64060974121094
42419,0.03668212890625,-1.013839721679688,0.58673095703125,1.842240333557129,0.4563139975070953,-1.586276173591614,61.91926574707031,16.23432922363281,23.64060974121094
42420,-0.0813140869140625,-0.9302520751953124,0.352386474609375,1.842240333557129,0.4563139975070953,-1.586276173591614,62.232177734375,16.98443603515625,24.2613525390625
42421,-0.1164398193359375,-0.8847808837890625,0.3195648193359375,1.312437176704407,0.4823205769062042,-1.342731714248657,62.58154296875,17.70358276367188,24.83529663085938
42422,-0.078033447265625,-0.9472503662109376,0.319061279296875,0.4087004065513611,0.5955989360809326,-1.00623893737793,63.04727172851562,19.06919860839844,25.84489440917969
42423,-0.078033447265625,-0.9472503662109376,0.319061279296875,0.4087004065513611,0.5955989360809326,-1.00623893737793,63.04727172851562,19.06919860839844,25.84489440917969
42424,-0.017242431640625,-1.012786865234375,0.2016754150390625,0.4558450281620026,0.4959748685359955,-1.037991762161255,63.2041015625,19.62861633300781,26.03633117675781
42425,0.034912109375,-1.09967041015625,0.389801025390625,0.6105901002883911,0.3021808862686157,-1.035287857055664,63.3017578125,19.8809814453125,26.21348571777344
42426,-0.044189453125,-0.96612548828125,0.5596466064453125,0.7450882792472839,0.3064435422420502,-0.6642799973487854,63.52566528320312,20.53445434570312,26.27015686035156
42427,-0.044189453125,-0.96612548828125,0.5596466064453125,0.7450882792472839,0.3064435422420502,-0.6642799973487854,63.52566528320312,20.53445434570312,26.27015686035156
42428,-0.03302001953125,-0.8870697021484375,0.4805145263671875,0.7371206283569336,0.3380496799945831,-0.3936554193496704,63.61396789550781,20.86151123046875,26.46958923339844
42429,-0.0480804443359375,-0.8405609130859375,0.4485626220703125,0.7262067198753357,0.1819588840007782,-0.2319117933511734,63.72810363769531,21.30119323730469,26.70343017578125
42430,-0.0516510009765625,-0.6088409423828125,0.5804901123046875,0.4379773437976837,0.142448753118515,0.2525486350059509,63.70429992675781,22.0716552734375,26.88789367675781
42431,-0.0516510009765625,-0.6088409423828125,0.5804901123046875,0.4379773437976837,0.142448753118515,0.2525486350059509,63.70429992675781,22.0716552734375,26.88789367675781
42432,-0.0954437255859375,-0.5049285888671875,0.43798828125,0.2530607581138611,0.1437103003263474,0.287323385477066,63.72630310058594,22.20864868164062,27.07913208007812
42433,-0.1457061767578125,-0.501617431640625,0.39593505859375,0.1194057539105415,-0.0587650462985038,0.1613018065690994,63.59129333496094,22.49018859863281,27.29997253417969
42434,-0.272796630859375,-0.712677001953125,0.5035247802734375,-0.1562623083591461,-0.8465957641601562,-0.1128040477633476,63.80108642578125,22.31599426269531,27.4647216796875
42435,-0.272796630859375,-0.712677001953125,0.5035247802734375,-0.1562623083591461,-0.8465957641601562,-0.1128040477633476,63.80108642578125,22.31599426269531,27.4647216796875
42436,-0.272796630859375,-0.712677001953125,0.5035247802734375,-0.1562623083591461,-0.8465957641601562,-0.1128040477633476,63.80108642578125,22.31599426269531,27.4647216796875
42437,-0.2451629638671875,-0.7857818603515625,0.6009674072265625,-0.3537767231464386,-0.924183189868927,0.0419740825891494,64.10760498046875,22.41409301757812,27.4459228515625
42438,-0.18035888671875,-0.84735107421875,0.720245361328125,-0.6190616488456726,-0.8460471034049988,0.2417303323745728,64.38052368164062,22.22079467773438,27.45748901367188
42439,-0.029449462890625,-0.9611053466796876,0.795135498046875,-0.835037350654602,-0.6241429448127747,0.518915057182312,64.64019775390625,22.147705078125,27.32579040527344
42440,0.0686492919921875,-1.1024169921875,0.7705078125,-0.8986091613769531,-0.2464435994625092,0.7070543766021729,64.88743591308594,21.84326171875,26.85462951660156
42441,0.1544952392578125,-1.215408325195312,0.720184326171875,-0.8476412892341614,-0.2802007496356964,0.776535153388977,65.01397705078125,21.33070373535156,26.6336669921875
42442,0.25457763671875,-1.029266357421875,0.8878021240234375,-0.6722777485847473,0.0027838023379445,1.055695414543152,64.89642333984375,20.45645141601562,25.99563598632812
42443,0.25457763671875,-1.029266357421875,0.8878021240234375,-0.6722777485847473,0.0027838023379445,1.055695414543152,64.89642333984375,20.45645141601562,25.99563598632812
42444,0.2708892822265625,-0.9046783447265624,0.8227691650390625,-0.154365599155426,0.011846006847918,1.06469738483429,64.72930908203125,20.05091857910156,25.79421997070312
42445,0.1895599365234375,-0.749847412109375,0.623779296875,-0.154365599155426,0.011846006847918,1.06469738483429,64.52084350585938,19.64332580566406,25.55473327636719
42446,0.23577880859375,-0.7686309814453125,0.640380859375,0.3429901003837585,-0.2270531207323074,0.6756042838096619,64.12655639648438,19.31253051757812,25.57780456542969
42447,0.236419677734375,-0.745452880859375,0.656219482421875,0.3429901003837585,-0.2270531207323074,0.6756042838096619,63.86093139648438,19.07040405273438,25.55633544921875
42448,0.2616119384765625,-0.699371337890625,0.6819305419921875,0.363272488117218,-0.2681488990783691,0.5526386499404907,63.62434387207031,18.98487854003906,25.44606018066406
42449,0.2705230712890625,-0.705841064453125,0.737823486328125,0.2557074129581451,-0.0529079549014568,0.4547432661056519,63.52810668945312,19.1529541015625,25.49407958984375
42450,0.2509613037109375,-0.7972564697265625,0.685699462890625,-0.0892582386732101,0.3196011781692505,0.1482254266738892,63.22769165039062,19.14402770996094,25.42692565917969
42451,0.2509613037109375,-0.7972564697265625,0.685699462890625,-0.0892582386732101,0.3196011781692505,0.1482254266738892,63.22769165039062,19.14402770996094,25.42692565917969
42452,0.2092742919921875,-0.7872161865234375,0.6791229248046875,-0.2469839602708817,0.456561952829361,-0.05140832811594,63.0870361328125,19.10507202148438,25.57362365722656
42453,0.154541015625,-0.7995758056640625,0.694671630859375,-0.3980847895145416,0.6403855681419373,-0.234111025929451,62.89801025390625,19.10008239746094,25.72181701660156
42454,0.064849853515625,-0.84027099609375,1.208236694335938,-0.5218877196311951,2.019646883010864,-0.4537568390369415,62.46083068847656,18.67118835449219,25.64669799804688
42455,0.064849853515625,-0.84027099609375,1.208236694335938,-0.5218877196311951,2.019646883010864,-0.4537568390369415,62.46083068847656,18.67118835449219,25.64669799804688
42456,0.0084075927734375,-0.8936920166015625,0.4292144775390625,0.0072219599969685,0.7976899743080139,-0.3877919316291809,62.17164611816406,18.63632202148438,25.40007019042969
42457,-0.1412200927734375,-0.877349853515625,0.5489501953125,1.218914985656738,0.2152324169874191,-0.3316788673400879,61.79228210449219,18.46998596191406,25.30111694335938
42458,-0.104644775390625,-0.852935791015625,0.626190185546875,2.310367107391357,-0.0813286751508712,-0.2061976492404938,61.28717041015625,18.97975158691406,25.60179138183594
42459,-0.104644775390625,-0.852935791015625,0.626190185546875,2.310367107391357,-0.0813286751508712,-0.2061976492404938,61.28717041015625,18.97975158691406,25.60179138183594
42460,-0.1526947021484375,-0.7640533447265625,0.460205078125,2.348654270172119,0.0470918789505958,0.2956787943840027,61.3779296875,20.75312805175781,26.58689880371094
42461,-0.1526947021484375,-0.7640533447265625,0.460205078125,2.348654270172119,0.0470918789505958,0.2956787943840027,61.3779296875,20.75312805175781,26.58689880371094
42462,0.0268402099609375,-0.8513641357421875,0.5593414306640625,1.452909111976624,-0.0153264915570616,0.5576440691947937,61.26242065429688,22.59060668945312,27.77655029296875
42463,0.0268402099609375,-0.8513641357421875,0.5593414306640625,1.452909111976624,-0.0153264915570616,0.5576440691947937,61.26242065429688,22.59060668945312,27.77655029296875
42464,0.0675811767578125,-0.8074493408203125,0.5785064697265625,0.824591875076294,0.0025220136158168,0.5263724327087402,61.18338012695312,23.349365234375,28.31565856933594
42465,0.0237274169921875,-0.7525482177734375,0.6241455078125,0.2916904389858246,0.0330825857818126,0.3865170776844025,61.07235717773438,23.9014892578125,28.66917419433594
42466,-0.1185150146484375,-0.7411041259765625,0.7052154541015625,-0.1200640872120857,0.1842095255851746,0.1296320259571075,60.75401306152344,24.54100036621094,28.89736938476562
42467,-0.1185150146484375,-0.7411041259765625,0.7052154541015625,-0.1200640872120857,0.1842095255851746,0.1296320259571075,60.75401306152344,24.54100036621094,28.89736938476562
42468,-0.1261138916015625,-0.7611236572265625,0.790252685546875,-0.0545532554388046,0.376245528459549,0.148150846362114,60.59207153320312,24.62973022460938,28.86874389648438
42469,-0.0397796630859375,-0.728607177734375,0.734527587890625,0.0399490147829055,0.5556267499923706,0.1231821179389954,60.45062255859375,24.58163452148438,28.828369140625
42470,-0.2210693359375,-0.8036346435546875,0.3531951904296875,-0.6498885154724121,0.384419322013855,-0.0512237735092639,60.20263671875,24.17694091796875,29.93731689453125
42471,-0.2210693359375,-0.8036346435546875,0.3531951904296875,-0.6498885154724121,0.384419322013855,-0.0512237735092639,60.20263671875,24.17694091796875,29.93731689453125
42472,-0.3539886474609375,-0.82855224609375,0.5296173095703125,-1.365845561027527,0.5257713794708252,-0.0060957092791795,59.91030883789062,24.09393310546875,29.78227233886719
42473,-0.3993988037109375,-0.71142578125,0.5375823974609375,-1.920686721801758,0.7087409496307373,0.0521971583366394,59.76187133789062,23.81594848632812,29.69013977050781
42474,-0.20953369140625,-0.5950469970703125,0.364501953125,-0.6077134013175964,0.1124967187643051,-0.3584164679050446,59.2403564453125,22.60664367675781,29.13177490234375
42475,-0.20953369140625,-0.5950469970703125,0.364501953125,-0.6077134013175964,0.1124967187643051,-0.3584164679050446,59.2403564453125,22.60664367675781,29.13177490234375
42476,0.098419189453125,-0.730621337890625,0.1916351318359375,-0.6077134013175964,0.1124967187643051,-0.3584164679050446,58.93507385253906,21.68603515625,28.65727233886719
42477,0.10357666015625,-0.895599365234375,0.3664398193359375,-0.1110050827264786,-0.3669306039810181,-0.2117463350296021,58.74595642089844,20.97319030761719,28.43093872070312
42478,-0.0977325439453125,-0.7984466552734375,0.452728271484375,-0.0795057415962219,-0.3161949813365936,-0.3364422023296356,58.84078979492188,20.65275573730469,27.97572326660156
42479,-0.0977325439453125,-0.7984466552734375,0.452728271484375,-0.0795057415962219,-0.3161949813365936,-0.3364422023296356,58.84078979492188,20.65275573730469,27.97572326660156
42480,-0.114105224609375,-0.7572784423828125,0.4998321533203125,0.0947483479976654,-0.461381196975708,-0.5660378336906433,58.93386840820312,20.67326354980469,27.98509216308594
42481,-0.098785400390625,-0.71112060546875,0.53839111328125,0.0947483479976654,-0.461381196975708,-0.5660378336906433,59.163818359375,20.64810180664062,28.05328369140625
42482,0.02740478515625,-0.63677978515625,0.5382843017578125,-0.04145023599267,-0.5518106818199158,-0.9838284254074096,59.60438537597656,20.66438293457031,27.97183227539062
42483,0.02740478515625,-0.63677978515625,0.5382843017578125,-0.04145023599267,-0.5518106818199158,-0.9838284254074096,59.60438537597656,20.66438293457031,27.97183227539062
42484,0.0975189208984375,-0.675201416015625,0.5783843994140625,-0.2280960232019424,-0.5867122411727905,-1.13286292552948,60.01573181152344,20.79696655273438,27.97265625
42485,0.1519927978515625,-0.75469970703125,0.6448211669921875,-0.3166359961032867,-0.587510347366333,-1.167235851287842,60.39718627929688,20.86801147460938,28.02555847167969
42486,0.1769256591796875,-0.82196044921875,0.705352783203125,-0.3249722421169281,-0.5160937309265137,-1.167019248008728,60.99186706542969,20.87750244140625,28.14004516601562
42487,0.1907196044921875,-0.860443115234375,0.7504425048828125,-0.2083177864551544,-0.2096861153841019,-1.156656384468079,61.4163818359375,20.76632690429688,28.1307373046875
42488,0.21075439453125,-0.910888671875,0.679351806640625,-0.1099885553121567,-0.255200058221817,-1.128718256950378,61.82571411132812,20.91026306152344,27.92205810546875
42489,0.2044677734375,-0.9480438232421876,0.5892486572265625,-0.0799571499228477,-0.302647203207016,-1.044428706169128,62.28085327148438,20.86564636230469,27.77352905273438
42490,0.12738037109375,-0.9665069580078124,0.532196044921875,-0.1603124439716339,-0.4359541535377502,-0.7312225103378296,63.17605590820312,20.9481201171875,27.69827270507812
42491,0.12738037109375,-0.9665069580078124,0.532196044921875,-0.1603124439716339,-0.4359541535377502,-0.7312225103378296,63.17605590820312,20.9481201171875,27.69827270507812
42492,0.107421875,-0.930633544921875,0.5423431396484375,-0.1603124439716339,-0.4359541535377502,-0.7312225103378296,63.52175903320312,20.92710876464844,27.64283752441406
42493,0.1104736328125,-0.864013671875,0.5648651123046875,-0.1898245215415955,-0.436981588602066,-0.6877352595329285,63.9088134765625,21.04791259765625,27.66102600097656
42494,0.1960906982421875,-0.8004302978515625,0.611785888671875,-0.0432920791208744,-0.3398619592189789,-0.7608621716499329,64.66090393066406,21.11251831054688,27.6185302734375
42495,0.1960906982421875,-0.8004302978515625,0.611785888671875,-0.0432920791208744,-0.3398619592189789,-0.7608621716499329,64.66090393066406,21.11251831054688,27.6185302734375
42496,0.1676788330078125,-0.906585693359375,0.4979248046875,0.0349590480327606,-0.2545998096466064,-0.8180682063102722,65.24586486816406,21.26271057128906,27.45738220214844
42497,0.1676788330078125,-0.906585693359375,0.4979248046875,0.0349590480327606,-0.2545998096466064,-0.8180682063102722,65.24586486816406,21.26271057128906,27.45738220214844
42498,0.1505889892578125,-0.932220458984375,0.5745086669921875,-0.3528083860874176,0.0504503920674324,-0.4312105178833008,65.91444396972656,21.5015869140625,27.25552368164062
42499,0.1505889892578125,-0.932220458984375,0.5745086669921875,-0.3528083860874176,0.0504503920674324,-0.4312105178833008,65.91444396972656,21.5015869140625,27.25552368164062
42500,0.176666259765625,-0.828887939453125,0.574951171875,-0.341008186340332,0.085203044116497,-0.2953743934631348,66.42756652832031,21.64964294433594,26.96855163574219
42501,0.176666259765625,-0.828887939453125,0.574951171875,-0.341008186340332,0.085203044116497,-0.2953743934631348,66.42756652832031,21.64964294433594,26.96855163574219
42502,0.234832763671875,-0.816802978515625,0.5779571533203125,-0.3739711940288544,0.0624830834567546,-0.2622915506362915,66.63461303710938,21.53477478027344,27.00151062011719
42503,0.234832763671875,-0.816802978515625,0.5779571533203125,-0.3739711940288544,0.0624830834567546,-0.2622915506362915,66.63461303710938,21.53477478027344,27.00151062011719
42504,0.2506866455078125,-0.8250885009765625,0.5930328369140625,-0.2957192659378052,0.0751940831542015,-0.3001185357570648,66.66226196289062,21.46087646484375,26.94529724121094
42505,0.2333984375,-0.81793212890625,0.57769775390625,-0.1453452110290527,0.1050707623362541,-0.3152812421321869,66.63188171386719,21.37017822265625,26.84315490722656
42506,0.1161346435546875,-0.835906982421875,0.5074310302734375,0.2062751352787018,0.1056012585759163,-0.0499563738703727,66.92658996582031,21.07827758789062,26.73712158203125
42507,0.1161346435546875,-0.835906982421875,0.5074310302734375,0.2062751352787018,0.1056012585759163,-0.0499563738703727,66.92658996582031,21.07827758789062,26.73712158203125
42508,0.1407012939453125,-0.8050537109375,0.61181640625,-0.0719785839319229,0.3144415616989136,0.0244539435952901,66.89512634277344,21.38836669921875,26.80616760253906
42509,0.1407012939453125,-0.8050537109375,0.61181640625,-0.0719785839319229,0.3144415616989136,0.0244539435952901,66.89512634277344,21.38836669921875,26.80616760253906
42510,0.121185302734375,-0.7853240966796875,0.6718597412109375,-0.3180679976940155,0.4784422218799591,0.0715958923101425,66.88191223144531,21.48794555664062,26.99061584472656
42511,0.121185302734375,-0.7853240966796875,0.6718597412109375,-0.3180679976940155,0.4784422218799591,0.0715958923101425,66.88191223144531,21.48794555664062,26.99061584472656
42512,0.1499481201171875,-0.7764892578125,0.581268310546875,-0.3180679976940155,0.4784422218799591,0.0715958923101425,66.79080200195312,21.50048828125,26.97544860839844
42513,0.1537628173828125,-0.8155670166015625,0.6638946533203125,-0.3109664022922516,0.511217474937439,0.1369597166776657,66.70597839355469,21.40272521972656,26.96339416503906
42514,0.134979248046875,-0.818267822265625,0.609771728515625,-0.1198699474334717,0.2208327800035477,0.0838818475604057,66.3123779296875,21.11029052734375,27.137451171875
42515,0.0147705078125,-0.8038787841796875,0.7631683349609375,-0.0056586847640573,0.5317081212997437,-0.0671550706028938,66.08326721191406,21.03314208984375,27.14520263671875
42516,-0.036102294921875,-0.834564208984375,0.463592529296875,0.0393125191330909,0.532429039478302,-0.1831836700439453,65.88333129882812,20.93592834472656,27.24247741699219
42517,-0.036102294921875,-0.834564208984375,0.463592529296875,0.0393125191330909,0.532429039478302,-0.1831836700439453,65.88333129882812,20.93592834472656,27.24247741699219
42518,0.083038330078125,-0.879364013671875,0.4738922119140625,-0.0254835225641727,0.3773621916770935,-0.2294052243232727,65.80195617675781,20.857666015625,27.38700866699219
42519,0.17596435546875,-0.889129638671875,0.5785064697265625,-0.1260996162891388,0.3610820174217224,-0.2736648321151733,65.76156616210938,20.75811767578125,27.52046203613281
42520,0.1887359619140625,-0.853912353515625,0.583343505859375,-0.249031126499176,0.3326328098773956,-0.5212544202804565,65.65829467773438,20.86973571777344,27.37486267089844
42521,0.167938232421875,-0.8102569580078125,0.578216552734375,-0.1558196842670441,0.2702647745609283,-0.5537415146827698,65.53495788574219,20.87265014648438,27.41722106933594
42522,0.1730499267578125,-0.844329833984375,0.5947723388671875,-0.0381332710385322,0.2416946440935135,-0.4767857193946838,65.40591430664062,20.86770629882812,27.52510070800781
42523,0.1730499267578125,-0.844329833984375,0.5947723388671875,-0.0381332710385322,0.2416946440935135,-0.4767857193946838,65.40591430664062,20.86770629882812,27.52510070800781
42524,0.1829986572265625,-0.83282470703125,0.577117919921875,-0.0934636369347572,0.2542392015457153,-0.4037232398986816,65.52662658691406,20.85102844238281,27.40884399414062
42525,0.177886962890625,-0.8166656494140625,0.567474365234375,-0.1718199551105499,0.3120857179164886,-0.3921246230602264,65.57731628417969,20.96147155761719,27.32476806640625
42526,0.1544952392578125,-0.835693359375,0.4734039306640625,-0.1483844071626663,0.2823139727115631,-0.3880577087402344,65.63272094726562,20.88136291503906,27.41862487792969
42527,0.1544952392578125,-0.835693359375,0.4734039306640625,-0.1483844071626663,0.2823139727115631,-0.3880577087402344,65.63272094726562,20.88136291503906,27.41862487792969
42528,0.1443328857421875,-0.8366546630859375,0.473358154296875,-0.0974099114537239,0.197629988193512,-0.3493673205375671,65.59877014160156,20.759033203125,27.49237060546875
42529,0.1880645751953125,-0.8299560546875,0.4337158203125,0.061564028263092,-0.2173983603715897,-0.3623193204402924,65.61053466796875,20.84196472167969,27.32087707519531
42530,0.22613525390625,-0.8448028564453125,0.4940032958984375,0.0952042788267135,-0.4648033678531647,-0.5308553576469421,65.65776062011719,20.940673828125,27.28892517089844
42531,0.22613525390625,-0.8448028564453125,0.4940032958984375,0.0952042788267135,-0.4648033678531647,-0.5308553576469421,65.65776062011719,20.940673828125,27.28892517089844
42532,0.1632232666015625,-0.8388824462890625,0.669647216796875,0.0958029553294181,-0.2492423206567764,-0.6443936228752136,66.15789794921875,21.15240478515625,27.31629943847656
42533,0.1632232666015625,-0.8388824462890625,0.669647216796875,0.0958029553294181,-0.2492423206567764,-0.6443936228752136,66.15789794921875,21.15240478515625,27.31629943847656
42534,0.1972198486328125,-0.929779052734375,0.5480194091796875,-0.0699074417352676,-0.2321600019931793,-0.5422366261482239,66.71766662597656,21.39276123046875,27.19276428222656
42535,0.1572723388671875,-0.92681884765625,0.551055908203125,-0.1188723221421242,-0.2475653290748596,-0.4527631998062134,66.98080444335938,21.36199951171875,27.36170959472656
42536,0.1502532958984375,-0.8918304443359375,0.5739898681640625,-0.1188723221421242,-0.2475653290748596,-0.4527631998062134,67.23869323730469,21.38320922851562,27.38009643554688
42537,0.1502532958984375,-0.8918304443359375,0.5739898681640625,-0.1188723221421242,-0.2475653290748596,-0.4527631998062134,67.23869323730469,21.38320922851562,27.38009643554688
42538,0.1954803466796875,-0.83740234375,0.552001953125,0.006238454952836,-0.3717256188392639,-0.8192487955093384,67.45909118652344,21.31599426269531,27.50422668457031
42539,0.1993560791015625,-0.8111419677734375,0.5358734130859375,0.006238454952836,-0.3717256188392639,-0.8192487955093384,67.67851257324219,21.25840759277344,27.37339782714844
42540,0.1817779541015625,-0.8723297119140625,0.545440673828125,0.0260414537042379,-0.4214330017566681,-0.8888827562332153,67.98898315429688,21.40260314941406,26.980712890625
42541,0.1360015869140625,-0.9399871826171876,0.5045013427734375,0.064018927514553,-0.4351858198642731,-0.7424437403678894,68.3392333984375,21.59904479980469,26.8363037109375
42542,-0.00042724609375,-0.8913726806640625,0.4860076904296875,0.1623638719320297,-0.5198535919189453,-0.2084131240844727,68.97021484375,22.03456115722656,26.71296691894531
42543,-0.00042724609375,-0.8913726806640625,0.4860076904296875,0.1623638719320297,-0.5198535919189453,-0.2084131240844727,68.97021484375,22.03456115722656,26.71296691894531
42544,0.120147705078125,-0.8607940673828125,0.47222900390625,0.2145407944917679,-0.7641879320144653,-0.2370157390832901,69.46174621582031,22.18710327148438,26.45205688476562
42545,0.1856536865234375,-0.8356170654296875,0.521392822265625,0.0751685202121734,-0.9298235177993774,-0.3270100951194763,69.87030029296875,22.24777221679688,26.35899353027344
42546,0.26080322265625,-0.7842559814453125,0.6264801025390625,0.0022700785193592,-0.8563716411590576,-0.1249451339244843,70.23648071289062,22.40989685058594,26.11834716796875
42547,0.26080322265625,-0.7842559814453125,0.6264801025390625,0.0022700785193592,-0.8563716411590576,-0.1249451339244843,70.23648071289062,22.40989685058594,26.11834716796875
42548,0.343048095703125,-0.642059326171875,0.645782470703125,0.1252564489841461,-0.7498156428337097,-0.0276382863521575,70.85671997070312,22.51834106445312,25.92097473144531
42549,0.343048095703125,-0.642059326171875,0.645782470703125,0.1252564489841461,-0.7498156428337097,-0.0276382863521575,70.85671997070312,22.51834106445312,25.92097473144531
42550,0.272674560546875,-0.653411865234375,0.5631866455078125,-0.1288272142410278,-0.633385181427002,-0.2542746365070343,71.48045349121094,22.47846984863281,25.65277099609375
42551,0.272674560546875,-0.653411865234375,0.5631866455078125,-0.1288272142410278,-0.633385181427002,-0.2542746365070343,71.48045349121094,22.47846984863281,25.65277099609375
42552,0.247314453125,-0.655914306640625,0.5177001953125,-0.1288272142410278,-0.633385181427002,-0.2542746365070343,71.84745788574219,22.63201904296875,25.35990905761719
42553,0.2710113525390625,-0.636016845703125,0.5178375244140625,-0.2020793259143829,-0.5396965146064758,-0.1386963576078415,72.20236206054688,22.62225341796875,25.21836853027344
42554,0.3353424072265625,-0.619659423828125,0.4993743896484375,-0.0101405186578631,-0.3338171243667603,-0.1524880826473236,72.58969116210938,22.71339416503906,24.73818969726562
42555,0.3353424072265625,-0.619659423828125,0.4993743896484375,-0.0101405186578631,-0.3338171243667603,-0.1524880826473236,72.58969116210938,22.71339416503906,24.73818969726562
42556,0.29669189453125,-0.6880950927734375,0.499755859375,-0.0284505505114793,-0.3373894989490509,-0.1361162960529327,72.74678039550781,22.74330139160156,24.726318359375
42557,0.2609100341796875,-0.719635009765625,0.5171966552734375,-0.0963606238365173,-0.3598609566688538,-0.112898588180542,72.81233215332031,22.85096740722656,24.66493225097656
42558,0.3113555908203125,-0.7762603759765625,0.568115234375,-0.2197528630495071,-0.3408947288990021,-0.0949835032224655,73.25637817382812,22.77540588378906,24.38800048828125
42559,0.3113555908203125,-0.7762603759765625,0.568115234375,-0.2197528630495071,-0.3408947288990021,-0.0949835032224655,73.25637817382812,22.77540588378906,24.38800048828125
42560,0.3320159912109375,-0.720855712890625,0.59185791015625,0.1699906289577484,-0.2583228945732117,-0.5140372514724731,73.40985107421875,22.66752624511719,24.31439208984375
42561,0.336944580078125,-0.7074127197265625,0.6156158447265625,0.1699906289577484,-0.2583228945732117,-0.5140372514724731,73.46479797363281,22.59199523925781,24.29879760742188
42562,0.242767333984375,-0.9071502685546876,0.58056640625,-0.1301092654466629,-0.2289823144674301,-0.3263168632984161,73.84272766113281,22.77676391601562,24.22709655761719
42563,0.242767333984375,-0.9071502685546876,0.58056640625,-0.1301092654466629,-0.2289823144674301,-0.3263168632984161,73.84272766113281,22.77676391601562,24.22709655761719
42564,0.2730712890625,-0.8699951171875,0.54791259765625,-0.1683045923709869,-0.3183239102363586,-0.3994395434856415,74.03248596191406,22.95353698730469,24.22259521484375
42565,0.2700347900390625,-0.900543212890625,0.5270233154296875,-0.0929866656661033,-0.4019327759742737,-0.4116053879261017,74.21315002441406,22.99909973144531,24.09092712402344
42566,0.271270751953125,-0.9068450927734376,0.5250701904296875,-0.0028634308837354,-0.4751952886581421,-0.245034247636795,74.61302185058594,23.21134948730469,23.77413940429688
42567,0.271270751953125,-0.9068450927734376,0.5250701904296875,-0.0028634308837354,-0.4751952886581421,-0.245034247636795,74.61302185058594,23.21134948730469,23.77413940429688
42568,0.291839599609375,-0.8798370361328125,0.5304412841796875,0.0595930218696594,-0.401486724615097,-0.1703344434499741,74.80072021484375,23.23484802246094,23.58633422851562
42569,0.3302764892578125,-0.8637542724609375,0.5137176513671875,0.0595930218696594,-0.401486724615097,-0.1703344434499741,74.93812561035156,23.31758117675781,23.42633056640625
42570,0.401641845703125,-0.862548828125,0.452117919921875,-0.0823662430047988,-0.3429680168628693,-0.2321400344371796,75.4468994140625,23.49058532714844,23.49285888671875
42571,0.401641845703125,-0.862548828125,0.452117919921875,-0.0823662430047988,-0.3429680168628693,-0.2321400344371796,75.4468994140625,23.49058532714844,23.49285888671875
42572,0.401641845703125,-0.862548828125,0.452117919921875,-0.0823662430047988,-0.3429680168628693,-0.2321400344371796,75.4468994140625,23.49058532714844,23.49285888671875
42573,0.407958984375,-0.8571929931640625,0.4333953857421875,-0.0260837990790605,-0.3455869555473328,-0.1705882549285889,75.55572509765625,23.55526733398438,23.63096618652344
42574,0.3933258056640625,-0.839569091796875,0.432708740234375,0.0879708677530288,-0.3578801155090332,-0.0620383359491825,75.85446166992188,23.54777526855469,23.4332275390625
42575,0.3933258056640625,-0.839569091796875,0.432708740234375,0.0879708677530288,-0.3578801155090332,-0.0620383359491825,75.85446166992188,23.54777526855469,23.4332275390625
42576,0.401397705078125,-0.83184814453125,0.4499664306640625,0.1065663918852806,-0.3588391244411469,-0.0509942099452018,75.99847412109375,23.6475830078125,23.26235961914062
42577,0.4140167236328125,-0.78875732421875,0.444610595703125,0.1077192723751068,-0.3383463621139526,-0.1112375780940056,76.07655334472656,23.619384765625,23.19549560546875
42578,0.438690185546875,-0.7331695556640625,0.49798583984375,0.1137057915329933,-0.2359683215618134,-0.3031795918941498,76.33697509765625,23.66024780273438,22.90267944335938
42579,0.438690185546875,-0.7331695556640625,0.49798583984375,0.1137057915329933,-0.2359683215618134,-0.3031795918941498,76.33697509765625,23.66024780273438,22.90267944335938
42580,0.459991455078125,-0.717254638671875,0.4988861083984375,0.1137057915329933,-0.2359683215618134,-0.3031795918941498,76.52621459960938,23.7353515625,22.83370971679688
42581,0.41217041015625,-0.7158355712890625,0.5052642822265625,0.2134504914283752,-0.2629085779190063,-0.1473814696073532,76.63862609863281,23.71736145019531,22.97309875488281
42582,0.32421875,-0.9662933349609376,0.658416748046875,0.3291560411453247,0.0775352716445922,0.0779621750116348,76.90737915039062,23.88809204101562,23.28012084960938
42583,0.32421875,-0.9662933349609376,0.658416748046875,0.3291560411453247,0.0775352716445922,0.0779621750116348,76.90737915039062,23.88809204101562,23.28012084960938
42584,0.3127899169921875,-0.732513427734375,0.516021728515625,0.3291560411453247,0.0775352716445922,0.0779621750116348,76.99317932128906,24.10871887207031,23.115234375
42585,0.3318939208984375,-0.7245635986328125,0.411651611328125,0.2731431126594543,0.0145041076466441,-0.07434693723917,77.0338134765625,24.16403198242188,23.12077331542969
42586,0.1621551513671875,-0.84674072265625,0.3567047119140625,0.2500998675823212,-0.2666636407375336,0.1694971472024918,77.04048156738281,24.34185791015625,23.10186767578125
42587,0.1621551513671875,-0.84674072265625,0.3567047119140625,0.2500998675823212,-0.2666636407375336,0.1694971472024918,77.04048156738281,24.34185791015625,23.10186767578125
42588,0.1906890869140625,-0.8513641357421875,0.5079193115234375,0.6316930055618286,-0.2607234716415405,0.3767262399196625,77.07391357421875,24.45278930664062,22.94761657714844
42589,0.269073486328125,-0.7483673095703125,0.4377899169921875,1.276153206825256,-0.2315272390842438,0.5974324941635132,77.02702331542969,24.55572509765625,23.07662963867188
42590,0.4334564208984375,-0.666839599609375,0.4571533203125,0.7536886930465698,-0.1948035806417465,0.5873013138771057,76.91876220703125,24.94795227050781,23.19314575195312
42591,0.4334564208984375,-0.666839599609375,0.4571533203125,0.7536886930465698,-0.1948035806417465,0.5873013138771057,76.91876220703125,24.94795227050781,23.19314575195312
42592,0.47802734375,-0.7255096435546875,0.45562744140625,0.3339270949363708,-0.1816440969705582,0.34440878033638,76.84573364257812,25.18438720703125,23.39816284179688
42593,0.5916748046875,-0.68939208984375,0.44012451171875,0.0231750942766666,-0.2369608879089355,0.0349880792200565,76.74781799316406,25.3746337890625,23.58297729492188
42594,0.45599365234375,-0.765899658203125,0.5520782470703125,-0.5227143168449402,-0.1469601541757584,0.1914687603712082,76.71778869628906,25.48306274414062,23.645263671875
42595,0.45599365234375,-0.765899658203125,0.5520782470703125,-0.5227143168449402,-0.1469601541757584,0.1914687603712082,76.71778869628906,25.48306274414062,23.645263671875
42596,0.3539581298828125,-0.6833648681640625,0.4803314208984375,-0.5237069129943848,-0.1798547208309174,0.2403958290815353,76.78482055664062,25.41392517089844,23.43717956542969
42597,0.3146209716796875,-0.651397705078125,0.519317626953125,-0.2379430532455444,-0.2715188562870026,0.0682794526219368,76.82821655273438,25.25148010253906,23.32928466796875
42598,0.3910980224609375,-0.6599273681640625,0.5554656982421875,0.3211788237094879,-0.3393572866916656,-0.4315468668937683,76.88444519042969,24.82809448242188,22.96307373046875
42599,0.3910980224609375,-0.6599273681640625,0.5554656982421875,0.3211788237094879,-0.3393572866916656,-0.4315468668937683,76.88444519042969,24.82809448242188,22.96307373046875
42600,0.4027862548828125,-0.719146728515625,0.522674560546875,0.3211788237094879,-0.3393572866916656,-0.4315468668937683,77.03018188476562,24.93563842773438,22.78445434570312
42601,0.4180755615234375,-0.810455322265625,0.53387451171875,0.1670486479997635,-0.3202597796916962,-0.5611006021499634,77.21772766113281,25.07978820800781,22.76869201660156
42602,0.350799560546875,-0.8450164794921875,0.5130767822265625,0.0630284994840621,-0.3721669018268585,-0.3322418630123138,77.65251159667969,25.26539611816406,22.61091613769531
42603,0.350799560546875,-0.8450164794921875,0.5130767822265625,0.0630284994840621,-0.3721669018268585,-0.3322418630123138,77.65251159667969,25.26539611816406,22.61091613769531
42604,0.33209228515625,-0.7740325927734375,0.54144287109375,-0.028292890638113,-0.3640706241130829,-0.318404883146286,77.75723266601562,25.63681030273438,22.37821960449219
42605,0.339263916015625,-0.707489013671875,0.5789337158203125,-0.0728220120072364,-0.2601442337036133,-0.3883658349514008,77.90225219726562,25.79061889648438,22.37521362304688
42606,0.3994140625,-0.814453125,0.5341339111328125,-0.1205437257885933,-0.2507147789001465,-0.6625816822052002,78.23614501953125,25.99166870117188,22.21707153320312
42607,0.3994140625,-0.814453125,0.5341339111328125,-0.1205437257885933,-0.2507147789001465,-0.6625816822052002,78.23614501953125,25.99166870117188,22.21707153320312
42608,0.410919189453125,-0.843109130859375,0.5752716064453125,-0.2419151663780212,-0.2398781031370163,-0.645623505115509,78.29261779785156,26.04330444335938,21.96635437011719
42609,0.41180419921875,-0.8635101318359375,0.5424957275390625,-0.2698186933994293,-0.3019726276397705,-0.5116997957229614,78.48658752441406,26.15383911132812,21.8699951171875
42610,0.4703521728515625,-0.850128173828125,0.602813720703125,-0.3520019948482513,-0.1412956118583679,-0.1462115347385406,78.90701293945312,26.38276672363281,21.42333984375
42611,0.4703521728515625,-0.850128173828125,0.602813720703125,-0.3520019948482513,-0.1412956118583679,-0.1462115347385406,78.90701293945312,26.38276672363281,21.42333984375
42612,0.4293212890625,-0.8072052001953125,0.496002197265625,-0.3321156203746796,-0.1676132380962372,-0.1322017163038254,79.02182006835938,26.39927673339844,21.37635803222656
42613,0.3881072998046875,-0.8008270263671875,0.434417724609375,-0.3321156203746796,-0.1676132380962372,-0.1322017163038254,79.13931274414062,26.31721496582031,21.43254089355469
42614,0.3860626220703125,-0.8022613525390625,0.4672698974609375,-0.0015206650132313,-0.2918374538421631,-0.2640809118747711,79.41358947753906,26.08993530273438,21.30964660644531
42615,0.3860626220703125,-0.8022613525390625,0.4672698974609375,-0.0015206650132313,-0.2918374538421631,-0.2640809118747711,79.41358947753906,26.08993530273438,21.30964660644531
42616,0.3783416748046875,-0.8528594970703125,0.4656982421875,-0.0015206650132313,-0.2918374538421631,-0.2640809118747711,79.43350219726562,26.06442260742188,21.06721496582031
42617,0.3987579345703125,-0.8652496337890625,0.4386138916015625,0.0252827201038599,-0.3143004179000854,-0.3038783967494965,79.52799987792969,26.06784057617188,21.00869750976562
42618,0.473846435546875,-0.778594970703125,0.4178009033203125,0.1252279579639435,-0.314414381980896,-0.3141030669212341,79.69451904296875,26.21455383300781,20.72283935546875
42619,0.473846435546875,-0.778594970703125,0.4178009033203125,0.1252279579639435,-0.314414381980896,-0.3141030669212341,79.69451904296875,26.21455383300781,20.72283935546875
42620,0.4708251953125,-0.757293701171875,0.4190673828125,0.2663483321666718,-0.2931788861751556,-0.3913227617740631,79.91018676757812,26.46122741699219,20.64157104492188
42621,0.44256591796875,-0.74560546875,0.466278076171875,0.350681334733963,-0.2667256891727448,-0.4678971469402313,80.23191833496094,26.50650024414062,20.78877258300781
42622,0.45159912109375,-0.7891998291015625,0.49688720703125,0.3606085181236267,-0.2592222392559052,-0.535500168800354,80.35824584960938,26.6610107421875,20.7738037109375
42623,0.45159912109375,-0.7891998291015625,0.49688720703125,0.3606085181236267,-0.2592222392559052,-0.535500168800354,80.35824584960938,26.6610107421875,20.7738037109375
42624,0.491973876953125,-0.80474853515625,0.526885986328125,0.2999310493469238,-0.2292196005582809,-0.5391446948051453,80.48434448242188,26.87554931640625,20.53010559082031
42625,0.5742340087890625,-0.719635009765625,0.519378662109375,0.2077492028474808,-0.1312709301710129,-0.3956530690193176,80.80729675292969,27.67842102050781,20.38522338867188
42626,0.5496978759765625,-0.7363433837890625,0.4788818359375,0.2143881916999817,-0.1124687567353249,-0.3014437258243561,80.90589904785156,27.96920776367188,20.31733703613281
42627,0.5496978759765625,-0.7363433837890625,0.4788818359375,0.2143881916999817,-0.1124687567353249,-0.3014437258243561,80.90589904785156,27.96920776367188,20.31733703613281
42628,0.532135009765625,-0.6999359130859375,0.482330322265625,0.1819050908088684,-0.11049934476614,-0.2712397575378418,81.01260375976562,28.15721130371094,20.180419921875
42629,0.455078125,-0.66864013671875,0.475250244140625,0.1665967106819153,-0.1031242534518242,-0.3214565813541412,81.0662841796875,28.32121276855469,20.30671691894531
42630,0.4586181640625,-0.7376861572265625,0.48406982421875,0.0694989189505577,-0.0531183443963527,-0.4253118932247162,81.24371337890625,28.71224975585938,20.50675964355469
42631,0.4586181640625,-0.7376861572265625,0.48406982421875,0.0694989189505577,-0.0531183443963527,-0.4253118932247162,81.24371337890625,28.71224975585938,20.50675964355469
42632,0.5131378173828125,-0.7783966064453125,0.4867401123046875,-0.1989573091268539,-0.1266820430755615,-0.0167747195810079,81.32106018066406,28.95628356933594,20.37654113769531
42633,0.5174102783203125,-0.7914581298828125,0.46868896484375,-0.1989573091268539,-0.1266820430755615,-0.0167747195810079,81.40203857421875,28.90457153320312,20.21890258789062
42634,0.44873046875,-0.652374267578125,0.4884033203125,-0.3667044937610626,-0.1723917424678802,0.0175622161477804,81.62130737304688,28.82781982421875,20.28463745117188
42635,0.4803314208984375,-0.6440277099609375,0.4823760986328125,-0.3452828228473663,-0.1796262264251709,-0.0326421000063419,81.80680847167969,28.61712646484375,20.34579467773438
42636,0.4803314208984375,-0.6440277099609375,0.4823760986328125,-0.3452828228473663,-0.1796262264251709,-0.0326421000063419,81.80680847167969,28.61712646484375,20.34579467773438
42637,0.505523681640625,-0.634552001953125,0.47479248046875,-0.3301312923431396,-0.2140012383460999,-0.0691364631056785,81.83891296386719,28.41543579101562,20.24122619628906
42638,0.519378662109375,-0.6503753662109375,0.478668212890625,-0.3293312788009644,-0.2164079397916794,-0.0948077365756034,81.8507080078125,28.18482971191406,20.21405029296875
42639,0.538970947265625,-0.687957763671875,0.481201171875,-0.3616652488708496,-0.1992657035589218,-0.0921552255749702,81.97904968261719,28.07199096679688,20.06526184082031
42640,0.553619384765625,-0.7139739990234375,0.4850616455078125,-0.363312155008316,-0.1841634511947632,-0.0647702068090438,81.94996643066406,28.02682495117188,19.740234375
42641,0.56439208984375,-0.7303466796875,0.4913787841796875,-0.3369636535644531,-0.127375528216362,-0.0377154201269149,82.07077026367188,27.99223327636719,19.51057434082031
42642,0.5327911376953125,-0.6767730712890625,0.4559478759765625,-0.2390498667955399,-0.4885643422603607,-0.1474778652191162,82.29307556152344,27.73190307617188,19.24322509765625
42643,0.5327911376953125,-0.6767730712890625,0.4559478759765625,-0.2390498667955399,-0.4885643422603607,-0.1474778652191162,82.29307556152344,27.73190307617188,19.24322509765625
42644,0.4756317138671875,-0.7226409912109375,0.4085845947265625,-0.2390498667955399,-0.4885643422603607,-0.1474778652191162,82.34268188476562,27.50418090820312,19.2291259765625
42645,0.451171875,-0.6810150146484375,0.3983306884765625,-0.3948367834091187,-0.5115886926651001,-0.2096315175294876,82.41561889648438,27.44729614257812,19.22196960449219
42646,0.448516845703125,-0.6768798828125,0.317779541015625,-0.1287670284509659,-0.4870167970657349,-0.3486000597476959,82.71551513671875,27.40296936035156,19.17428588867188
42647,0.448516845703125,-0.6768798828125,0.317779541015625,-0.1287670284509659,-0.4870167970657349,-0.3486000597476959,82.71551513671875,27.40296936035156,19.17428588867188
42648,0.43890380859375,-0.72418212890625,0.3637542724609375,-0.1275888532400131,-0.486189067363739,-0.3524110317230225,82.94952392578125,27.4940185546875,18.80343627929688
42649,0.4484405517578125,-0.7465667724609375,0.4266815185546875,-0.1011436581611633,-0.3607938885688782,-0.3996922671794891,83.09428405761719,27.64239501953125,18.45549011230469
42650,0.4944305419921875,-0.881561279296875,0.4270782470703125,-0.1721986681222916,-0.3938548862934113,-0.3578457534313202,83.49923706054688,27.87428283691406,18.11947631835938
42651,0.4944305419921875,-0.881561279296875,0.4270782470703125,-0.1721986681222916,-0.3938548862934113,-0.3578457534313202,83.49923706054688,27.87428283691406,18.11947631835938
42652,0.5916595458984375,-0.9108734130859376,0.513214111328125,-0.2358202487230301,-0.3960621058940887,-0.2878320515155792,83.67387390136719,27.98983764648438,17.87254333496094
42653,0.703338623046875,-0.941925048828125,0.5731658935546875,-0.2286025434732437,-0.309662252664566,-0.2035704404115677,83.85269165039062,28.03434753417969,17.84033203125
42654,0.7468719482421875,-0.8654632568359375,0.5095977783203125,-0.0459432564675808,-0.0344921983778476,-0.0184597000479698,84.22056579589844,28.15951538085938,17.53494262695312
42655,0.7468719482421875,-0.8654632568359375,0.5095977783203125,-0.0459432564675808,-0.0344921983778476,-0.0184597000479698,84.22056579589844,28.15951538085938,17.53494262695312
42656,0.6898956298828125,-0.85943603515625,0.4441986083984375,-0.003802461316809,0.0450175404548645,0.1064516082406044,84.35923767089844,28.020751953125,17.37275695800781
42657,0.6176910400390625,-0.82464599609375,0.3712005615234375,0.0404401011765003,0.0875229239463806,0.1709959805011749,84.3973388671875,27.98075866699219,17.36729431152344
42658,0.53704833984375,-0.749847412109375,0.3514556884765625,0.2551380097866058,0.0849732160568237,0.172933965921402,84.31787109375,27.92111206054688,17.26992797851562
42659,0.53704833984375,-0.749847412109375,0.3514556884765625,0.2551380097866058,0.0849732160568237,0.172933965921402,84.31787109375,27.92111206054688,17.26992797851562
42660,0.4948272705078125,-0.7372894287109375,0.521942138671875,0.4029533267021179,0.3817905187606812,0.1472943723201752,84.32508850097656,27.75102233886719,17.31736755371094
42661,0.5780487060546875,-0.68743896484375,0.21783447265625,0.478749006986618,0.467547744512558,0.0301576368510723,84.16595458984375,27.69906616210938,17.5367431640625
42662,0.5072021484375,-0.593017578125,0.435302734375,0.6209895014762878,0.2927205562591553,-0.0128124682232737,84.19869995117188,27.81379699707031,17.63510131835938
42663,0.5103607177734375,-0.6454315185546875,0.5087432861328125,0.5833382606506348,0.4069294035434723,-0.2312191128730774,84.04267883300781,28.09974670410156,17.86515808105469
42664,0.47442626953125,-0.6000823974609375,0.399169921875,0.5833382606506348,0.4069294035434723,-0.2312191128730774,84.08798217773438,28.25753784179688,18.17469787597656
42665,0.45660400390625,-0.6552886962890625,0.41485595703125,0.4871632754802704,0.3842198252677917,-0.3364115655422211,83.955078125,28.51902770996094,18.51498413085938
42666,0.5230865478515625,-0.68634033203125,0.4271087646484375,0.0633994787931442,0.2570784091949463,-0.2782683670520782,83.57199096679688,29.08847045898438,18.99382019042969
42667,0.5230865478515625,-0.68634033203125,0.4271087646484375,0.0633994787931442,0.2570784091949463,-0.2782683670520782,83.57199096679688,29.08847045898438,18.99382019042969
42668,0.5562286376953125,-0.621337890625,0.4845428466796875,0.0633994787931442,0.2570784091949463,-0.2782683670520782,83.52505493164062,29.32804870605469,19.0882568359375
42669,0.540313720703125,-0.5525360107421875,0.4724884033203125,0.0959454402327537,0.4507187008857727,-0.5172319412231445,83.49594116210938,29.70402526855469,19.35699462890625
42670,0.5275421142578125,-0.585968017578125,0.4265289306640625,0.0959454402327537,0.4507187008857727,-0.5172319412231445,83.43734741210938,29.89166259765625,19.47822570800781
42671,0.5275421142578125,-0.585968017578125,0.4265289306640625,0.0959454402327537,0.4507187008857727,-0.5172319412231445,83.43734741210938,29.89166259765625,19.47822570800781
42672,0.537841796875,-0.6579742431640625,0.451812744140625,0.0486367791891098,0.4042148590087891,-0.5453136563301086,83.37437438964844,29.93305969238281,19.71200561523438
42673,0.5414581298828125,-0.676971435546875,0.4766387939453125,0.0077308900654315,0.4317340850830078,-0.5224935412406921,83.32876586914062,30.13699340820312,19.82685852050781
42674,0.5885467529296875,-0.695098876953125,0.465423583984375,0.0464615076780319,0.3514917194843292,-0.334918349981308,83.17767333984375,30.4942626953125,20.15533447265625
42675,0.5885467529296875,-0.695098876953125,0.465423583984375,0.0464615076780319,0.3514917194843292,-0.334918349981308,83.17767333984375,30.4942626953125,20.15533447265625
42676,0.6164398193359375,-0.8021697998046875,0.3944854736328125,0.0464615076780319,0.3514917194843292,-0.334918349981308,83.14669799804688,30.67396545410156,20.16937255859375
42677,0.5657958984375,-0.851715087890625,0.33758544921875,-0.0110143013298511,0.0529311262071132,-0.1505668759346008,83.06495666503906,30.87367248535156,20.39921569824219
42678,0.49884033203125,-0.748138427734375,0.4203033447265625,-0.0773078352212905,-0.1956400722265244,-0.0178461093455553,83.152587890625,31.02247619628906,20.89234924316406
42679,0.49884033203125,-0.748138427734375,0.4203033447265625,-0.0773078352212905,-0.1956400722265244,-0.0178461093455553,83.152587890625,31.02247619628906,20.89234924316406
42680,0.526824951171875,-0.7467193603515625,0.440673828125,0.0202416218817234,-0.3075040280818939,0.0018064221367239,83.09176635742188,31.12562561035156,20.77923583984375
42681,0.5652008056640625,-0.7018280029296875,0.490234375,0.0644559562206268,-0.2947837114334106,0.0025678200181573,83.14447021484375,31.20272827148438,20.59288024902344
42682,0.586944580078125,-0.688720703125,0.4807586669921875,0.1086385995149612,-0.2579918503761292,-0.0470125153660774,83.231201171875,31.28742980957031,20.509521484375
42683,0.621917724609375,-0.720489501953125,0.4661407470703125,0.1140008717775345,-0.2047629952430725,-0.0474008060991764,83.37452697753906,31.37837219238281,20.43621826171875
42684,0.5965423583984375,-0.75408935546875,0.4492340087890625,0.1330256909132004,-0.1995264291763306,-0.0106513127684593,83.48155212402344,31.42698669433594,20.40422058105469
42685,0.5909881591796875,-0.7590484619140625,0.4578094482421875,0.1340121328830719,-0.2100030332803726,0.0253519620746374,83.45144653320312,31.55224609375,20.21441650390625
42686,0.5897979736328125,-0.7067718505859375,0.4829254150390625,0.1424317061901093,-0.1515128314495087,0.0392960086464881,83.56440734863281,31.77308654785156,20.25140380859375
42687,0.5897979736328125,-0.7067718505859375,0.4829254150390625,0.1424317061901093,-0.1515128314495087,0.0392960086464881,83.56440734863281,31.77308654785156,20.25140380859375
42688,0.5552215576171875,-0.6813507080078125,0.535491943359375,0.1826523691415787,-0.036003541201353,0.007463242392987,83.6861572265625,31.79588317871094,20.11300659179688
42689,0.5552215576171875,-0.6813507080078125,0.535491943359375,0.1826523691415787,-0.036003541201353,0.007463242392987,83.6861572265625,31.79588317871094,20.11300659179688
42690,0.551910400390625,-0.693145751953125,0.4936981201171875,0.2630116641521454,-0.035293810069561,-0.0167108029127121,83.72747802734375,31.86920166015625,20.12078857421875
42691,0.551910400390625,-0.693145751953125,0.4936981201171875,0.2630116641521454,-0.035293810069561,-0.0167108029127121,83.72747802734375,31.86920166015625,20.12078857421875
42692,0.5659332275390625,-0.6848602294921875,0.5100860595703125,0.2630116641521454,-0.035293810069561,-0.0167108029127121,83.76055908203125,32.00086975097656,20.13134765625
42693,0.55999755859375,-0.6824798583984375,0.516754150390625,0.2634422779083252,-0.0494314655661582,0.0271248277276754,83.70979309082031,32.16000366210938,20.20921325683594
42694,0.5337371826171875,-0.662017822265625,0.45379638671875,0.3091202974319458,-0.0493662171065807,0.0303768143057823,83.70195007324219,32.35536193847656,20.1011962890625
42695,0.5337371826171875,-0.662017822265625,0.45379638671875,0.3091202974319458,-0.0493662171065807,0.0303768143057823,83.70195007324219,32.35536193847656,20.1011962890625
42696,0.5523834228515625,-0.6613311767578125,0.53515625,0.1359354704618454,-0.0484588779509067,0.0039646481163799,83.73973083496094,32.47296142578125,20.28053283691406
42697,0.5489044189453125,-0.6711578369140625,0.5309906005859375,-0.0158079918473959,-0.0323869697749614,0.0430771633982658,83.73948669433594,32.57020568847656,20.37391662597656
42698,0.520416259765625,-0.6752471923828125,0.50927734375,-0.08835169672966,-0.0924401879310607,0.0629954785108566,83.73776245117188,32.605712890625,20.33370971679688
42699,0.520416259765625,-0.6752471923828125,0.50927734375,-0.08835169672966,-0.0924401879310607,0.0629954785108566,83.73776245117188,32.605712890625,20.33370971679688
42700,0.487548828125,-0.6658477783203125,0.473663330078125,-0.0659758225083351,0.0232360810041427,0.0317573957145214,83.77067565917969,32.59715270996094,20.38874816894531
42701,0.501922607421875,-0.6654510498046875,0.4810791015625,0.021442973986268,-0.0744936764240264,-0.0050264503806829,83.8564453125,32.56500244140625,20.33265686035156
42702,0.60382080078125,-0.6849822998046875,0.5596466064453125,-0.0448974333703517,-0.1347130686044693,0.0444747880101203,83.86285400390625,32.49002075195312,20.40379333496094
42703,0.60382080078125,-0.6849822998046875,0.5596466064453125,-0.0448974333703517,-0.1347130686044693,0.0444747880101203,83.86285400390625,32.49002075195312,20.40379333496094
42704,0.6024627685546875,-0.6639862060546875,0.51763916015625,-0.0466146394610405,-0.0740441307425499,0.0406374409794807,83.92686462402344,32.54568481445312,20.2677001953125
42705,0.6147308349609375,-0.6497039794921875,0.486480712890625,-0.0056712012737989,-0.0898894071578979,0.0101836612448096,83.97810363769531,32.46101379394531,20.32798767089844
42706,0.64703369140625,-0.6815338134765625,0.49908447265625,0.0161398220807313,-0.1382364332675934,-0.0483038835227489,84.04624938964844,32.525146484375,20.39506530761719
42707,0.64703369140625,-0.6815338134765625,0.49908447265625,0.0161398220807313,-0.1382364332675934,-0.0483038835227489,84.04624938964844,32.525146484375,20.39506530761719
42708,0.605865478515625,-0.66229248046875,0.4578857421875,0.0127123333513736,-0.1451169848442078,0.0073718959465622,84.082763671875,32.63623046875,20.24342346191406
42709,0.519195556640625,-0.703338623046875,0.4220428466796875,-0.0189712941646575,-0.0944559350609779,-0.0134316524490714,84.11929321289062,32.62741088867188,20.33718872070312
42710,0.5139007568359375,-0.652984619140625,0.4023284912109375,0.075730450451374,-0.2490934431552887,-0.0720307826995849,84.18801879882812,32.63363647460938,20.30802917480469
42711,0.5139007568359375,-0.652984619140625,0.4023284912109375,0.075730450451374,-0.2490934431552887,-0.0720307826995849,84.18801879882812,32.63363647460938,20.30802917480469
42712,0.551239013671875,-0.5914459228515625,0.4312286376953125,0.1574607342481613,-0.1935604065656662,-0.1528952717781067,84.26493835449219,32.62580871582031,20.1268310546875
42713,0.566253662109375,-0.5172271728515625,0.43603515625,0.2764113545417786,-0.1289611756801605,-0.2944047451019287,84.34298706054688,32.76068115234375,20.15281677246094
42714,0.620574951171875,-0.5475921630859375,0.4658660888671875,0.3155395686626434,-0.0753972828388214,-0.6188608407974243,84.42353820800781,33.22761535644531,20.18487548828125
42715,0.620574951171875,-0.5475921630859375,0.4658660888671875,0.3155395686626434,-0.0753972828388214,-0.6188608407974243,84.42353820800781,33.22761535644531,20.18487548828125
42716,0.660888671875,-0.6684722900390625,0.4514312744140625,0.3062161207199097,-0.0971358716487884,-0.6106721758842468,84.56613159179688,33.4573974609375,20.29531860351562
42717,0.6750030517578125,-0.7306671142578125,0.43939208984375,0.2546218931674957,-0.1424317061901093,-0.5184066891670227,84.70494079589844,33.60504150390625,20.26168823242188
42718,0.613861083984375,-0.745849609375,0.45599365234375,0.1896852403879166,-0.1481876075267792,-0.3003560900688171,84.919921875,34.21737670898438,20.15695190429688
42719,0.613861083984375,-0.745849609375,0.45599365234375,0.1896852403879166,-0.1481876075267792,-0.3003560900688171,84.919921875,34.21737670898438,20.15695190429688
42720,0.597869873046875,-0.7180633544921875,0.4835968017578125,0.1838566511869431,-0.1584572792053223,-0.2477967441082001,85.03172302246094,34.32675170898438,20.15679931640625
42721,0.626312255859375,-0.6971435546875,0.532257080078125,0.1623074114322662,-0.1304759830236435,-0.2302438616752625,85.06524658203125,34.563232421875,20.15525817871094
42722,0.656158447265625,-0.7578582763671875,0.5243072509765625,0.1079493686556816,-0.1019535288214684,-0.1529935449361801,85.16046142578125,34.77975463867188,20.06187438964844
42723,0.6477813720703125,-0.749969482421875,0.491546630859375,0.0304332729429006,-0.1292360126972198,0.0552579276263713,85.30307006835938,34.94316101074219,19.99403381347656
42724,0.6000213623046875,-0.6546630859375,0.512359619140625,0.0304332729429006,-0.1292360126972198,0.0552579276263713,85.26025390625,34.9366455078125,20.11314392089844
42725,0.5901641845703125,-0.6340789794921875,0.5198516845703125,-0.0210387054830789,-0.0525130070745945,0.0686381831765174,85.42628479003906,34.98231506347656,19.9930419921875
42726,0.559539794921875,-0.6187896728515625,0.52203369140625,0.0218373872339725,0.0383764170110225,-0.0100406501442194,85.40324401855469,35.04766845703125,20.05494689941406
42727,0.559539794921875,-0.6187896728515625,0.52203369140625,0.0218373872339725,0.0383764170110225,-0.0100406501442194,85.40324401855469,35.04766845703125,20.05494689941406
42728,0.56585693359375,-0.618560791015625,0.588653564453125,0.0730518400669097,0.1759281605482101,-0.0487539581954479,85.46736145019531,35.00840759277344,20.02363586425781
42729,0.567230224609375,-0.7229461669921875,0.50341796875,0.1320496499538422,0.1937692016363144,-0.0630996078252792,85.45799255371094,35.08203125,20.10888671875
42730,0.545623779296875,-0.5133514404296875,0.45672607421875,0.233137384057045,0.0504887402057647,-0.0702816173434257,85.32716369628906,35.30668640136719,20.22274780273438
42731,0.545623779296875,-0.5133514404296875,0.45672607421875,0.233137384057045,0.0504887402057647,-0.0702816173434257,85.32716369628906,35.30668640136719,20.22274780273438
42732,0.6340789794921875,-0.534332275390625,0.6836395263671875,0.3942200243473053,0.1941660195589066,-0.1733046770095825,85.36198425292969,35.35395812988281,20.35395812988281
42733,0.647247314453125,-0.668609619140625,0.5987701416015625,0.4277665317058563,0.2488079518079758,-0.1849570721387863,85.34053039550781,35.44436645507812,20.41078186035156
42734,0.619384765625,-0.6425323486328125,0.4991912841796875,0.3662498891353607,0.181465670466423,-0.1280011087656021,85.31834411621094,35.88052368164062,21.16172790527344
42735,0.619384765625,-0.6425323486328125,0.4991912841796875,0.3662498891353607,0.181465670466423,-0.1280011087656021,85.31834411621094,35.88052368164062,21.16172790527344
42736,0.619384765625,-0.6425323486328125,0.4991912841796875,0.3662498891353607,0.181465670466423,-0.1280011087656021,85.31834411621094,35.88052368164062,21.16172790527344
42737,0.629608154296875,-0.589691162109375,0.5173797607421875,0.4580714404582977,0.3990744054317474,-0.1719837486743927,85.41452026367188,36.04414367675781,21.34524536132812
42738,0.6025848388671875,-0.5573577880859375,0.4442138671875,0.4554916322231293,0.4203118085861206,-0.2173349857330322,85.24723815917969,36.54212951660156,21.72627258300781
42739,0.6025848388671875,-0.5573577880859375,0.4442138671875,0.4554916322231293,0.4203118085861206,-0.2173349857330322,85.24723815917969,36.54212951660156,21.72627258300781
42740,0.6336822509765625,-0.5728912353515625,0.44659423828125,0.4215286076068878,0.3901493549346924,-0.2784249782562256,85.14932250976562,36.78939819335938,21.71189880371094
42741,0.6660919189453125,-0.659759521484375,0.4450836181640625,0.3266771733760834,0.2891990542411804,-0.2224735468626022,85.11653137207031,36.92550659179688,21.8551025390625
42742,0.598876953125,-0.7183685302734375,0.4349822998046875,-0.0745541304349899,0.0519886314868927,0.2411825209856033,84.96736145019531,37.33950805664062,22.14305114746094
42743,0.598876953125,-0.7183685302734375,0.4349822998046875,-0.0745541304349899,0.0519886314868927,0.2411825209856033,84.96736145019531,37.33950805664062,22.14305114746094
42744,0.5469970703125,-0.7444000244140625,0.510986328125,-0.0745541304349899,0.0519886314868927,0.2411825209856033,84.81112670898438,37.52449035644531,22.01300048828125
42745,0.5781402587890625,-0.6508331298828125,0.6464080810546875,-0.0766657516360282,0.1851354986429214,0.2344886660575867,84.75456237792969,37.50350952148438,22.03805541992188
42746,0.546234130859375,-0.6650848388671875,0.6006011962890625,0.1009886637330055,0.2440507560968399,0.1860689371824265,84.59193420410156,37.29530334472656,22.21218872070312
42747,0.546234130859375,-0.6650848388671875,0.6006011962890625,0.1009886637330055,0.2440507560968399,0.1860689371824265,84.59193420410156,37.29530334472656,22.21218872070312
42748,0.5687255859375,-0.668670654296875,0.5561370849609375,0.1803058534860611,0.2455714195966721,0.1429086923599243,84.50778198242188,37.21690368652344,22.27464294433594
42749,0.60992431640625,-0.694061279296875,0.5328369140625,0.2195171713829041,0.1489276885986328,0.1832422614097595,84.39022827148438,37.21318054199219,22.32646179199219
42750,0.672637939453125,-0.599365234375,0.58599853515625,0.1436493098735809,0.1384308487176895,0.2537968456745148,84.30729675292969,37.31169128417969,22.54310607910156
42751,0.672637939453125,-0.599365234375,0.58599853515625,0.1436493098735809,0.1384308487176895,0.2537968456745148,84.30729675292969,37.31169128417969,22.54310607910156
42752,0.6445159912109375,-0.589324951171875,0.5601806640625,-0.0314639173448085,0.2099124789237976,0.3060395419597626,84.21784973144531,37.23016357421875,22.58743286132812
42753,0.6320037841796875,-0.5670166015625,0.5687255859375,-0.0314639173448085,0.2099124789237976,0.3060395419597626,84.22174072265625,37.10972595214844,22.68829345703125
42754,0.6159820556640625,-0.5618743896484375,0.6061859130859375,-0.0735021829605102,0.4186563789844513,0.4007226526737213,84.04072570800781,37.09651184082031,22.57357788085938
42755,0.6159820556640625,-0.5618743896484375,0.6061859130859375,-0.0735021829605102,0.4186563789844513,0.4007226526737213,84.04072570800781,37.09651184082031,22.57357788085938
42756,0.6869964599609375,-0.51812744140625,0.6422882080078125,-0.2040607184171677,0.4047514796257019,0.4090410470962524,83.86236572265625,37.08256530761719,22.58320617675781
42757,0.68963623046875,-0.5195465087890625,0.6072845458984375,-0.2040607184171677,0.4047514796257019,0.4090410470962524,83.74363708496094,36.95530700683594,22.61614990234375
42758,0.723297119140625,-0.5487213134765625,0.6141204833984375,-0.1877509951591492,0.4032310843467712,0.2758635282516479,83.52394104003906,36.50102233886719,22.78190612792969
42759,0.723297119140625,-0.5487213134765625,0.6141204833984375,-0.1877509951591492,0.4032310843467712,0.2758635282516479,83.52394104003906,36.50102233886719,22.78190612792969
42760,0.67083740234375,-0.5310516357421875,0.5731201171875,-0.1877509951591492,0.4032310843467712,0.2758635282516479,83.31414794921875,36.32887268066406,22.81394958496094
42761,0.5945892333984375,-0.5198516845703125,0.5454254150390625,-0.2193195670843124,0.3611595332622528,0.1524412035942078,83.10435485839844,36.16853332519531,22.97666931152344
42762,0.6137237548828125,-0.5696563720703125,0.5493011474609375,-0.2390914112329483,0.3651185929775238,0.108291320502758,82.85305786132812,35.68386840820312,23.25311279296875
42763,0.6137237548828125,-0.5696563720703125,0.5493011474609375,-0.2390914112329483,0.3651185929775238,0.108291320502758,82.85305786132812,35.68386840820312,23.25311279296875
42764,0.5783843994140625,-0.63165283203125,0.5525054931640625,-0.2470670491456985,0.4040204286575317,0.1368547827005386,82.6904296875,35.63909912109375,23.36418151855469
42765,0.5701904296875,-0.65533447265625,0.5548858642578125,-0.2867167294025421,0.4109201729297638,0.1796675026416779,82.63946533203125,35.434326171875,23.47496032714844
42766,0.5671539306640625,-0.6554718017578125,0.560089111328125,-0.324905663728714,0.3672280609607697,0.2352383434772491,82.46455383300781,35.28868103027344,23.54823303222656
42767,0.557159423828125,-0.643768310546875,0.5624847412109375,-0.3361351490020752,0.3090236186981201,0.2421015799045563,82.23942565917969,35.17030334472656,23.54502868652344
42768,0.544189453125,-0.611785888671875,0.5782623291015625,-0.3361351490020752,0.3090236186981201,0.2421015799045563,82.1005859375,34.94529724121094,23.58969116210938
42769,0.5337066650390625,-0.577545166015625,0.5921478271484375,-0.3491960763931274,0.2451508939266205,0.2423156946897507,81.92999267578125,34.738525390625,23.58744812011719
42770,0.5329437255859375,-0.5547637939453125,0.5987548828125,-0.4005269110202789,0.1888159960508347,0.2142995148897171,81.81558227539062,34.4580078125,23.58787536621094
42771,0.5373992919921875,-0.5526275634765625,0.5870361328125,-0.40911665558815,0.1460181921720505,0.1921039223670959,81.73974609375,34.22651672363281,23.54441833496094
42772,0.5445556640625,-0.54638671875,0.598663330078125,-0.3725882172584534,0.1409709751605988,0.1822433024644852,81.60035705566406,33.95088195800781,23.52986145019531
42773,0.5492706298828125,-0.5336456298828125,0.61279296875,-0.3062320947647095,0.1922219097614288,0.1810297071933746,81.52777099609375,33.56248474121094,23.80447387695312
42774,0.5737762451171875,-0.559906005859375,0.6169586181640625,-0.0411679409444332,0.2513051927089691,0.2269527167081833,81.3890380859375,33.1231689453125,23.70896911621094
42775,0.5737762451171875,-0.559906005859375,0.6169586181640625,-0.0411679409444332,0.2513051927089691,0.2269527167081833,81.3890380859375,33.1231689453125,23.70896911621094
42776,0.555877685546875,-0.559844970703125,0.6192169189453125,-0.0411679409444332,0.2513051927089691,0.2269527167081833,81.31561279296875,32.86830139160156,23.5179443359375
42777,0.5167236328125,-0.5510711669921875,0.6116485595703125,0.0213524270802736,0.2359661906957626,0.1861216723918915,81.19404602050781,32.82522583007812,23.57020568847656
42778,0.4797515869140625,-0.5538482666015625,0.59356689453125,0.0506487973034381,0.2089023441076279,0.081285536289215,81.01130676269531,32.68124389648438,23.62788391113281
42779,0.4797515869140625,-0.5538482666015625,0.59356689453125,0.0506487973034381,0.2089023441076279,0.081285536289215,81.01130676269531,32.68124389648438,23.62788391113281
42780,0.4895782470703125,-0.5301361083984375,0.541839599609375,0.0230571161955595,0.0585669055581092,-0.0359694510698318,80.74081420898438,32.46107482910156,23.71876525878906
42781,0.521270751953125,-0.5174102783203125,0.56201171875,-0.0390509963035583,0.0194410756230354,-0.0163491461426019,80.72720336914062,32.39350891113281,23.93534851074219
42782,0.52716064453125,-0.509796142578125,0.5689849853515625,-0.1050369367003441,0.0268174987286329,0.0087586045265197,80.62924194335938,32.46308898925781,23.98182678222656
42783,0.5229949951171875,-0.5163726806640625,0.5767974853515625,-0.149785503745079,0.0623166374862194,0.0211862456053495,80.59619140625,32.42585754394531,23.89163208007812
42784,0.51385498046875,-0.5264129638671875,0.5844268798828125,-0.1848516017198563,0.1182747110724449,-0.033298835158348,80.50830078125,32.50611877441406,23.74237060546875
42785,0.5097808837890625,-0.547210693359375,0.5839080810546875,-0.1848516017198563,0.1182747110724449,-0.033298835158348,80.5284423828125,32.4205322265625,23.81434631347656
42786,0.48590087890625,-0.6162872314453125,0.5846099853515625,-0.2191065102815628,0.0849572345614433,0.0286018177866935,80.41864013671875,32.12361145019531,23.80876159667969
42787,0.48590087890625,-0.6162872314453125,0.5846099853515625,-0.2191065102815628,0.0849572345614433,0.0286018177866935,80.41864013671875,32.12361145019531,23.80876159667969
42788,0.47686767578125,-0.6496429443359375,0.5855255126953125,-0.2186694890260696,0.0597802437841892,0.1020581945776939,80.39132690429688,31.98188781738281,23.75059509277344
42789,0.483184814453125,-0.6647491455078125,0.573974609375,-0.2087889015674591,0.0311744306236505,0.1613337695598602,80.34298706054688,31.84992980957031,23.74609375
42790,0.48663330078125,-0.688873291015625,0.5523529052734375,-0.2297578305006027,-0.0787315666675567,0.2343789488077164,80.28700256347656,31.59664916992188,23.75593566894531
42791,0.48663330078125,-0.688873291015625,0.5523529052734375,-0.2297578305006027,-0.0787315666675567,0.2343789488077164,80.28700256347656,31.59664916992188,23.75593566894531
42792,0.4769134521484375,-0.682159423828125,0.5455322265625,-0.2238003313541412,-0.1158038303256035,0.1728647202253342,80.21113586425781,31.38923645019531,23.73263549804688
42793,0.4488677978515625,-0.67877197265625,0.53802490234375,-0.2238003313541412,-0.1158038303256035,0.1728647202253342,80.16935729980469,31.26565551757812,23.74891662597656
42794,0.425994873046875,-0.6802825927734375,0.524261474609375,-0.2066879272460938,-0.1509972363710403,0.1077277958393097,80.21058654785156,31.07295227050781,23.74868774414062
42795,0.419830322265625,-0.670013427734375,0.4979248046875,-0.1688777059316635,-0.1617763787508011,0.0219606924802064,80.18901062011719,30.79637145996094,23.69490051269531
42796,0.3979949951171875,-0.6737518310546875,0.4575042724609375,-0.1688777059316635,-0.1617763787508011,0.0219606924802064,80.19000244140625,30.771484375,23.66806030273438
42797,0.391204833984375,-0.6875457763671875,0.42376708984375,-0.1491732448339462,-0.167943462729454,0.0403969585895538,80.1873779296875,30.70254516601562,23.52116394042969
42798,0.428436279296875,-0.69622802734375,0.449127197265625,-0.0723170712590217,-0.2085777074098587,0.0124558703973889,80.1317138671875,30.62469482421875,23.48886108398438
42799,0.5164947509765625,-0.71588134765625,0.5185394287109375,0.0405796505510807,-0.1766011416912079,-0.0446662716567516,80.21844482421875,30.5438232421875,23.25848388671875
42800,0.5759735107421875,-0.73724365234375,0.57525634765625,0.1516257375478745,-0.1264844387769699,-0.0538632310926914,80.31013488769531,30.49078369140625,23.06585693359375
42801,0.5815582275390625,-0.7177734375,0.620758056640625,0.2319810390472412,-0.0617986507713794,-0.0671635940670967,80.28256225585938,30.45057678222656,23.00547790527344
42802,0.500274658203125,-0.651702880859375,0.5828094482421875,0.0780303552746772,-0.0856400728225708,-0.164825439453125,80.3792724609375,30.65914916992188,23.07888793945312
42803,0.500274658203125,-0.651702880859375,0.5828094482421875,0.0780303552746772,-0.0856400728225708,-0.164825439453125,80.3792724609375,30.65914916992188,23.07888793945312
42804,0.4981689453125,-0.6755218505859375,0.5637969970703125,0.0780303552746772,-0.0856400728225708,-0.164825439453125,80.47450256347656,30.6881103515625,23.14360046386719
42805,0.510528564453125,-0.7037200927734375,0.5415802001953125,0.0069378009065985,-0.120006300508976,-0.1751923263072968,80.54515075683594,30.73432922363281,23.19844055175781
42806,0.5146636962890625,-0.7268218994140625,0.5342864990234375,-0.0495989769697189,-0.1672111004590988,-0.1552907824516296,80.57518005371094,30.76425170898438,23.39329528808594
42807,0.5105133056640625,-0.748504638671875,0.541046142578125,0.0360746458172798,-0.2622766196727753,-0.1279475837945938,80.52098083496094,30.87042236328125,23.38418579101562
42808,0.5001068115234375,-0.75537109375,0.5545501708984375,0.0360746458172798,-0.2622766196727753,-0.1279475837945938,80.61582946777344,30.94845581054688,23.25736999511719
42809,0.500457763671875,-0.7451171875,0.578521728515625,0.1681756973266602,-0.1900138854980469,-0.1783228665590286,80.64256286621094,30.924072265625,23.21809387207031
42810,0.4986572265625,-0.745208740234375,0.573822021484375,0.1962294280529022,-0.1800874769687653,-0.1795849353075027,80.74281311035156,31.02090454101562,23.137451171875
42811,0.4915924072265625,-0.765045166015625,0.54473876953125,0.2094642817974091,-0.2017280608415604,-0.1636054366827011,80.80778503417969,31.03019714355469,23.00193786621094
42812,0.4953765869140625,-0.7870330810546875,0.5147247314453125,0.2255585640668869,-0.2079864889383316,-0.1454453468322754,80.89643859863281,31.10408020019531,23.0184326171875
42813,0.5126495361328125,-0.7810821533203125,0.4951019287109375,0.2255585640668869,-0.2079864889383316,-0.1454453468322754,80.96076965332031,31.17192077636719,23.04808044433594
42814,0.495025634765625,-0.754974365234375,0.4543304443359375,0.2932499945163727,-0.1726287603378296,-0.0819862112402916,81.0692138671875,31.45072937011719,22.98362731933594
42815,0.495025634765625,-0.754974365234375,0.4543304443359375,0.2932499945163727,-0.1726287603378296,-0.0819862112402916,81.0692138671875,31.45072937011719,22.98362731933594
42816,0.476348876953125,-0.757537841796875,0.442413330078125,0.2932499945163727,-0.1726287603378296,-0.0819862112402916,81.13255310058594,31.70773315429688,22.99363708496094
42817,0.4764251708984375,-0.755767822265625,0.44427490234375,0.3059189021587372,-0.144542008638382,-0.0729253366589546,81.14997863769531,31.82456970214844,23.028076171875
42818,0.4774932861328125,-0.7509765625,0.4462738037109375,0.2674431502819061,-0.1350089460611343,0.0010863033821806,81.19380187988281,31.94320678710938,23.0301513671875
42819,0.4953765869140625,-0.743560791015625,0.4609527587890625,0.2674431502819061,-0.1350089460611343,0.0010863033821806,81.23287963867188,32.05653381347656,22.89967346191406
42820,0.517730712890625,-0.7145538330078125,0.4766082763671875,0.2017959654331207,-0.1499338448047638,0.0294159464538097,81.3626708984375,32.12828063964844,22.82139587402344
42821,0.52618408203125,-0.69525146484375,0.4859161376953125,0.1303580105304718,-0.1705605536699295,0.0603802539408206,81.3934326171875,32.24772644042969,23.05534362792969
42822,0.524017333984375,-0.6768798828125,0.4788818359375,0.0618836060166358,-0.1957135796546936,0.0971095040440559,81.53221130371094,32.30772399902344,22.95893859863281
42823,0.5238800048828125,-0.65716552734375,0.4806365966796875,0.0178660824894905,-0.2207182645797729,0.1264133304357529,81.50509643554688,32.41322326660156,22.77696228027344
42824,0.523895263671875,-0.648895263671875,0.4875030517578125,-0.0174809899181127,-0.2076463997364044,0.121940553188324,81.69186401367188,32.30715942382812,22.79473876953125
42825,0.520172119140625,-0.66162109375,0.478851318359375,-0.0174753963947296,-0.1713504493236542,0.1058390811085701,81.68702697753906,32.27816772460938,22.89323425292969
42826,0.5345306396484375,-0.70123291015625,0.487091064453125,-0.0175710041075944,-0.0932050421833992,0.0446998253464698,81.77033996582031,32.12826538085938,22.61949157714844
42827,0.5345306396484375,-0.70123291015625,0.487091064453125,-0.0175710041075944,-0.0932050421833992,0.0446998253464698,81.77033996582031,32.12826538085938,22.61949157714844
42828,0.5391845703125,-0.7196502685546875,0.488555908203125,-0.0159765686839819,-0.0689809322357177,0.0285171288996934,81.78907775878906,32.07817077636719,22.63206481933594
42829,0.5378875732421875,-0.725311279296875,0.4846649169921875,-0.0049217878840863,-0.0661201626062393,0.0172556862235069,81.7939453125,32.06622314453125,22.5577392578125
42830,0.5391998291015625,-0.7442626953125,0.4916839599609375,0.009238239377737,-0.064150758087635,0.0177366528660059,81.89028930664062,32.08189392089844,22.58097839355469
42831,0.54248046875,-0.7644500732421875,0.4947509765625,0.0254449062049388,-0.0569122843444347,0.0330546237528324,81.84498596191406,32.14613342285156,22.46881103515625
42832,0.540008544921875,-0.7753753662109375,0.499908447265625,0.0540387332439422,-0.040742103010416,0.0488359816372394,81.95559692382812,32.0506591796875,22.50259399414062
42833,0.5483245849609375,-0.7725982666015625,0.5171661376953125,0.0890316069126129,0.0284604039043188,0.0579916648566722,81.96382141113281,31.96266174316406,22.55894470214844
42834,0.50396728515625,-0.771331787109375,0.498199462890625,0.0903123170137405,0.0081205107271671,0.0819989964365959,82.00752258300781,31.91445922851562,22.79177856445312
42835,0.50396728515625,-0.771331787109375,0.498199462890625,0.0903123170137405,0.0081205107271671,0.0819989964365959,82.00752258300781,31.91445922851562,22.79177856445312
42836,0.50396728515625,-0.771331787109375,0.498199462890625,0.0903123170137405,0.0081205107271671,0.0819989964365959,82.00752258300781,31.91445922851562,22.79177856445312
42837,0.5061187744140625,-0.7668304443359375,0.4884033203125,0.0844413787126541,-0.0232139769941568,0.0809233412146568,82.00752258300781,31.91445922851562,22.79177856445312
42838,0.5200958251953125,-0.760223388671875,0.4926300048828125,0.0333414450287818,-0.0277594588696956,0.1195080205798149,82.02177429199219,31.87394714355469,23.16679382324219
42839,0.528778076171875,-0.7373504638671875,0.5013885498046875,0.0333414450287818,-0.0277594588696956,0.1195080205798149,82.06149291992188,31.97712707519531,23.02253723144531
42840,0.5226898193359375,-0.722442626953125,0.5004119873046875,0.0238989405333995,-0.0168050788342952,0.1339040100574493,82.02983093261719,32.03092956542969,22.71583557128906
42841,0.5071868896484375,-0.699737548828125,0.498260498046875,0.0332682095468044,-0.0013552826130762,0.128999799489975,81.93453979492188,31.91752624511719,22.52445983886719
42842,0.5071868896484375,-0.699737548828125,0.498260498046875,0.0332682095468044,-0.0013552826130762,0.128999799489975,81.93453979492188,31.91752624511719,22.52445983886719
42843,0.5109710693359375,-0.7001800537109375,0.50323486328125,0.0534363277256488,0.0070003853179514,0.1189074814319611,81.97886657714844,31.9569091796875,22.57015991210938
42844,0.503631591796875,-0.7022857666015625,0.4830322265625,0.0365391038358211,-0.0015078817959874,0.1490557938814163,81.97702026367188,32.0565185546875,22.50984191894531
42845,0.5185699462890625,-0.696990966796875,0.4720916748046875,0.0020064255222678,-0.0349100455641746,0.2668567299842834,81.98202514648438,31.93272399902344,22.60511779785156
42846,0.5444183349609375,-0.6986083984375,0.502532958984375,-0.019463712349534,-0.0633877590298652,0.3154013752937317,81.94020080566406,31.91154479980469,22.61892700195312
42847,0.5331878662109375,-0.662017822265625,0.51666259765625,-0.0097887152805924,-0.0639187917113304,0.2790436148643494,81.89155578613281,31.83544921875,22.45144653320312
42848,0.5211181640625,-0.6096038818359375,0.5251007080078125,0.0526560209691524,-0.0287381708621978,0.1616078019142151,81.91419982910156,31.60093688964844,22.57194519042969
42849,0.5211181640625,-0.6096038818359375,0.5251007080078125,0.0526560209691524,-0.0287381708621978,0.1616078019142151,81.91419982910156,31.60093688964844,22.57194519042969
42850,0.50555419921875,-0.616668701171875,0.52020263671875,0.071775384247303,-0.0094981640577316,0.1238652169704437,81.78448486328125,31.62664794921875,22.45274353027344
42851,0.5,-0.627899169921875,0.5128631591796875,0.0751253738999366,-0.0017739315517246,0.1081546992063522,81.8409423828125,31.63839721679688,22.39248657226562
42852,0.503173828125,-0.645660400390625,0.5106201171875,0.0568150803446769,-0.01137968711555,0.0934631079435348,81.73779296875,31.71630859375,22.51846313476562
42853,0.5041046142578125,-0.6666717529296875,0.51031494140625,0.0241918880492448,-0.015983760356903,0.0829505398869514,81.76026916503906,31.673583984375,22.53263854980469
42854,0.510101318359375,-0.6408233642578125,0.516357421875,0.0106055065989494,-0.0540232881903648,0.0471102558076381,81.78463745117188,31.74397277832031,22.48666381835938
42855,0.510101318359375,-0.6408233642578125,0.516357421875,0.0106055065989494,-0.0540232881903648,0.0471102558076381,81.78463745117188,31.74397277832031,22.48666381835938
42856,0.518096923828125,-0.6324462890625,0.5408477783203125,0.0285133998841047,-0.026639599353075,0.0026549051981419,81.77595520019531,31.71749877929688,22.59356689453125
42857,0.5285797119140625,-0.65771484375,0.54931640625,0.0299789384007453,0.0052546830847859,-0.0123770413920283,81.81675720214844,31.74339294433594,22.71551513671875
42858,0.5044403076171875,-0.6887969970703125,0.5462188720703125,-0.0007861651247367,0.068338043987751,0.0172524899244308,81.79234313964844,31.6539306640625,22.76313781738281
42859,0.5044403076171875,-0.6887969970703125,0.5462188720703125,-0.0007861651247367,0.068338043987751,0.0172524899244308,81.79234313964844,31.6539306640625,22.76313781738281
42860,0.495819091796875,-0.688720703125,0.5535736083984375,0.0003243730170652,0.0931603014469146,0.0221268739551305,81.82608032226562,31.51727294921875,23.17744445800781
42861,0.495086669921875,-0.6981964111328125,0.5644683837890625,0.0103216134011745,0.1055163070559502,0.0191814173012971,81.90678405761719,31.26527404785156,23.533935546875
42862,0.5027313232421875,-0.703765869140625,0.57073974609375,0.0141206122934818,0.0983713120222091,0.0118137821555137,81.89495849609375,31.187744140625,23.61778259277344
42863,0.5074615478515625,-0.7011871337890625,0.58001708984375,0.0079471385106444,0.0893352031707763,-0.0129421642050147,81.8572998046875,31.25526428222656,23.60920715332031
42864,0.5026702880859375,-0.700286865234375,0.5794830322265625,-0.0010514160385355,0.0804746001958847,-0.01998888887465,81.90127563476562,31.26275634765625,23.59843444824219
42865,0.4862060546875,-0.690460205078125,0.572967529296875,-0.0010804444318637,0.0871197208762168,-0.0363955572247505,81.90782165527344,31.23527526855469,23.65518188476562
42866,0.4732666015625,-0.6896209716796875,0.5581207275390625,0.0134170055389404,0.089273951947689,-0.042465966194868,81.84133911132812,31.30061340332031,23.49290466308594
42867,0.4720916748046875,-0.6861114501953125,0.5496673583984375,0.0267495885491371,0.0834349691867828,-0.0388651080429554,81.77876281738281,31.50880432128906,23.26284790039062
42868,0.473480224609375,-0.6898345947265625,0.5439910888671875,0.0153331495821476,0.0859426036477088,-0.0325539484620094,81.84391784667969,31.63951110839844,23.05485534667969
42869,0.4730987548828125,-0.6876678466796875,0.537261962890625,0.0115810222923755,0.0877010896801948,-0.021015802398324,81.79180908203125,31.68190002441406,23.258056640625
42870,0.486602783203125,-0.676666259765625,0.538818359375,0.0376155525445938,0.0938484668731689,-0.0255676787346601,81.79875183105469,31.62712097167969,23.24711608886719
42871,0.486602783203125,-0.676666259765625,0.538818359375,0.0376155525445938,0.0938484668731689,-0.0255676787346601,81.79875183105469,31.62712097167969,23.24711608886719
42872,0.4962310791015625,-0.6734161376953125,0.542877197265625,0.0524895712733268,0.0972844734787941,-0.0282609332352876,81.66766357421875,31.76908874511719,23.15032958984375
42873,0.504241943359375,-0.6706390380859375,0.54888916015625,0.0560132004320621,0.1019599214196205,-0.0337073616683483,81.65788269042969,31.76123046875,23.37213134765625
42874,0.5052032470703125,-0.6782684326171875,0.555023193359375,0.0407538227736949,0.0944138541817665,-0.0308705642819404,81.673583984375,31.73295593261719,23.49220275878906
42875,0.498138427734375,-0.680755615234375,0.5643310546875,0.015982961282134,0.0948604643344879,-0.0198804978281259,81.66476440429688,31.70686340332031,23.31674194335938
42876,0.4917449951171875,-0.6846923828125,0.5705718994140625,-0.0113317500799894,0.0942061245441436,-0.0148998536169529,81.63534545898438,31.79425048828125,23.34893798828125
42877,0.4847564697265625,-0.6867828369140625,0.5788116455078125,-0.0504671670496463,0.0870720520615577,0.0031526500824838,81.61897277832031,31.76451110839844,23.430908203125
42878,0.474822998046875,-0.679656982421875,0.5812835693359375,-0.0777102410793304,0.090244673192501,0.0139560289680957,81.63699340820312,31.75958251953125,23.47187805175781
42879,0.4693145751953125,-0.67333984375,0.581512451171875,-0.0946498066186904,0.0892079100012779,0.0131296506151557,81.65608215332031,31.73149108886719,23.48007202148438
42880,0.473388671875,-0.669342041015625,0.5868988037109375,-0.0934111699461937,0.0918713361024856,-0.0002354234457015,81.59527587890625,31.69166564941406,23.47611999511719
42881,0.478179931640625,-0.6759033203125,0.585235595703125,-0.0902500003576278,0.1004674881696701,-0.0235729701817035,81.61399841308594,31.58522033691406,23.53861999511719
42882,0.4809112548828125,-0.6810760498046875,0.5723724365234375,-0.1086228862404823,0.1100402176380157,-0.0483675338327884,81.49073791503906,31.58207702636719,23.48045349121094
42883,0.4809112548828125,-0.6810760498046875,0.5723724365234375,-0.1086228862404823,0.1100402176380157,-0.0483675338327884,81.49073791503906,31.58207702636719,23.48045349121094
42884,0.48583984375,-0.6829376220703125,0.5660400390625,-0.1280218809843063,0.1059661135077477,-0.046649795025587,81.44688415527344,31.69796752929688,23.424072265625
42885,0.4796600341796875,-0.6893157958984375,0.5565948486328125,-0.138075053691864,0.1011758893728256,-0.0427983291447162,81.52139282226562,31.76687622070312,23.5167236328125
42886,0.477508544921875,-0.687042236328125,0.5441131591796875,-0.132796123623848,0.0867948159575462,-0.0347649045288562,81.46369934082031,31.76898193359375,23.45903015136719
42887,0.4762420654296875,-0.6728973388671875,0.5454559326171875,-0.1118924468755722,0.0856832116842269,-0.0228946637362241,81.48155212402344,31.69291687011719,23.4735107421875
42888,0.4784698486328125,-0.6661834716796875,0.5440826416015625,-0.0833265781402587,0.0942924171686172,-0.0282659921795129,81.38534545898438,31.67158508300781,23.52383422851562
42889,0.486175537109375,-0.671051025390625,0.5464935302734375,-0.06934604793787,0.0987460166215896,-0.0375681482255458,81.30635070800781,31.75025939941406,23.47637939453125
42890,0.4962921142578125,-0.685699462890625,0.5434417724609375,-0.0553631223738193,0.0892278775572776,-0.0537298060953617,81.28201293945312,31.76348876953125,23.38479614257812
42891,0.4962921142578125,-0.685699462890625,0.5434417724609375,-0.0553631223738193,0.0892278775572776,-0.0537298060953617,81.28201293945312,31.76348876953125,23.38479614257812
42892,0.501861572265625,-0.7018890380859375,0.5351409912109375,-0.0540539138019084,0.0801504924893379,-0.0432449430227279,81.28045654296875,31.74052429199219,23.3690185546875
42893,0.5020599365234375,-0.702178955078125,0.5290374755859375,-0.0479201227426528,0.0649827271699905,-0.0266310777515173,81.28289794921875,31.74685668945312,23.4093017578125
42894,0.4948272705078125,-0.6998748779296875,0.524810791015625,-0.0414462424814701,0.0569458417594432,-0.013146162033081,81.21038818359375,31.82077026367188,23.35945129394531
42895,0.4852752685546875,-0.6904449462890625,0.5225830078125,-0.0082936165854334,0.0519667938351631,-0.0001041295981849,81.20285034179688,31.80467224121094,23.24555969238281
42896,0.4833221435546875,-0.68231201171875,0.5275115966796875,0.0609232708811759,0.0625201016664505,-0.0017294568242505,81.19473266601562,31.82876586914062,23.35382080078125
42897,0.4917144775390625,-0.681610107421875,0.5457305908203125,0.0914561450481414,0.0779312849044799,-0.0168010834604501,81.17596435546875,31.82414245605469,23.4432373046875
42898,0.49664306640625,-0.6809234619140625,0.55706787109375,0.0938942730426788,0.0852605700492858,-0.0293514970690012,81.07490539550781,31.86404418945312,23.46980285644531
42899,0.4981231689453125,-0.69000244140625,0.571746826171875,0.0888068377971649,0.0929499119520187,-0.0318580642342567,81.07833862304688,31.91410827636719,23.38302612304688
42900,0.49871826171875,-0.69873046875,0.5801849365234375,0.0682682693004608,0.1078247353434563,-0.0426638387143611,81.02395629882812,31.86314392089844,23.55416870117188
42901,0.4940948486328125,-0.7080535888671875,0.5707550048828125,0.0386206284165382,0.115203820168972,-0.0342165604233741,81.11228942871094,31.80238342285156,23.89790344238281
42902,0.4767303466796875,-0.7117156982421875,0.5577239990234375,0.0143152894452214,0.1148434951901436,-0.0179582275450229,81.09774780273438,31.7861328125,24.10826110839844
42903,0.467041015625,-0.7077484130859375,0.547821044921875,0.0036767602432519,0.1044489145278931,-0.0033803503029048,81.01399230957031,31.75318908691406,24.15740966796875
42904,0.4659881591796875,-0.70465087890625,0.549957275390625,0.0211654733866453,0.0966759398579597,-0.0066674901172518,81.02096557617188,31.72390747070312,24.27210998535156
42905,0.466522216796875,-0.70672607421875,0.5505828857421875,0.0394645854830741,0.0923570916056633,-0.0073151709511876,80.897216796875,31.91053771972656,24.28834533691406
42906,0.4864959716796875,-0.704803466796875,0.559783935546875,0.0662780925631523,0.0666605159640312,-0.0090467585250735,80.85043334960938,31.80119323730469,24.33221435546875
42907,0.4864959716796875,-0.704803466796875,0.559783935546875,0.0662780925631523,0.0666605159640312,-0.0090467585250735,80.85043334960938,31.80119323730469,24.33221435546875
42908,0.490478515625,-0.70037841796875,0.5637664794921875,0.0662780925631523,0.0666605159640312,-0.0090467585250735,80.82539367675781,31.79043579101562,24.38301086425781
42909,0.4861297607421875,-0.7024688720703125,0.5689697265625,0.0605794563889503,0.072259284555912,-0.0138194095343351,80.82095336914062,31.85816955566406,24.34675598144531
42910,0.478424072265625,-0.70416259765625,0.5572052001953125,0.0313371494412422,0.0605432391166687,-0.0124795725569129,80.79341125488281,31.86341857910156,24.4908447265625
42911,0.478424072265625,-0.70416259765625,0.5572052001953125,0.0313371494412422,0.0605432391166687,-0.0124795725569129,80.79341125488281,31.86341857910156,24.4908447265625
42912,0.4770050048828125,-0.7028045654296875,0.5521392822265625,0.0328642055392265,0.0386579148471355,-0.008566590026021,80.71699523925781,31.86772155761719,24.39129638671875
42913,0.483673095703125,-0.685791015625,0.56597900390625,0.0682030245661735,0.0163944195955991,-0.0186644978821277,80.84461975097656,31.81083679199219,24.29081726074219
42914,0.483673095703125,-0.685791015625,0.56597900390625,0.0682030245661735,0.0163944195955991,-0.0186644978821277,80.84461975097656,31.81083679199219,24.29081726074219
42915,0.4795684814453125,-0.689239501953125,0.5644989013671875,0.0682030245661735,0.0163944195955991,-0.0186644978821277,80.82984924316406,31.85490417480469,24.10263061523438
42916,0.466705322265625,-0.6918487548828125,0.5598602294921875,0.0723737999796867,0.0146670928224921,-0.0201356280595064,80.77214050292969,31.87210083007812,23.97532653808594
42917,0.47296142578125,-0.6990814208984375,0.566070556640625,0.0719911009073257,0.0079490030184388,-0.0221047699451446,80.88377380371094,31.822998046875,23.70375061035156
42918,0.47296142578125,-0.6990814208984375,0.566070556640625,0.0719911009073257,0.0079490030184388,-0.0221047699451446,80.88377380371094,31.822998046875,23.70375061035156
42919,0.4766845703125,-0.698944091796875,0.564697265625,0.0494405217468738,-0.0098880510777235,0.0003366235469002,80.85848999023438,31.87628173828125,23.90206909179688
42920,0.4741973876953125,-0.6877288818359375,0.5579376220703125,0.0494405217468738,-0.0098880510777235,0.0003366235469002,80.86393737792969,31.84886169433594,23.97877502441406
42921,0.4716644287109375,-0.6809539794921875,0.5536041259765625,0.0619459263980388,-0.0229383390396833,-0.001889779116027,80.87342834472656,31.93461608886719,23.80287170410156
42922,0.47296142578125,-0.6750335693359375,0.560302734375,0.0753429606556892,-0.0207822434604167,-0.0132484277710318,80.71620178222656,32.39604187011719,23.57621765136719
42923,0.47296142578125,-0.6750335693359375,0.560302734375,0.0753429606556892,-0.0207822434604167,-0.0132484277710318,80.71620178222656,32.39604187011719,23.57621765136719
42924,0.4786224365234375,-0.686431884765625,0.562744140625,0.075190357863903,-0.0118007333949208,-0.0143126267939806,80.711181640625,32.44793701171875,23.66372680664062
42925,0.4765472412109375,-0.6938018798828125,0.5680084228515625,0.068720206618309,-0.0096294581890106,-0.0073900055140256,80.70712280273438,32.56660461425781,23.79713439941406
42926,0.467803955078125,-0.69488525390625,0.5689239501953125,0.0308918692171573,0.008118912577629,0.013817012310028,80.46754455566406,32.65512084960938,24.05052185058594
42927,0.467803955078125,-0.69488525390625,0.5689239501953125,0.0308918692171573,0.008118912577629,0.013817012310028,80.46754455566406,32.65512084960938,24.05052185058594
42928,0.4605712890625,-0.6867218017578125,0.558685302734375,0.0185366664081811,-0.0032887374982237,0.0149845425039529,80.49163818359375,32.82345581054688,24.19705200195312
42929,0.4651947021484375,-0.6773834228515625,0.5598297119140625,0.0196019299328327,-0.0140756051987409,0.00543631054461,80.41098022460938,32.65731811523438,24.42304992675781
42930,0.4680023193359375,-0.6746673583984375,0.554473876953125,0.0502977930009365,-0.0450199395418167,-0.002152100438252,80.30850219726562,32.58772277832031,24.60906982421875
42931,0.4680023193359375,-0.6746673583984375,0.554473876953125,0.0502977930009365,-0.0450199395418167,-0.002152100438252,80.30850219726562,32.58772277832031,24.60906982421875
42932,0.4837646484375,-0.674896240234375,0.563140869140625,0.0458111651241779,-0.0398829691112041,-0.0139616215601563,80.25825500488281,32.56297302246094,24.71131896972656
42933,0.4837646484375,-0.674896240234375,0.563140869140625,0.0458111651241779,-0.0398829691112041,-0.0139616215601563,80.25825500488281,32.56297302246094,24.71131896972656
42934,0.487579345703125,-0.67938232421875,0.56463623046875,0.0357052683830261,-0.0383881367743015,-0.0237902849912643,80.23593139648438,32.58381652832031,24.66818237304688
42935,0.487579345703125,-0.67938232421875,0.56463623046875,0.0357052683830261,-0.0383881367743015,-0.0237902849912643,80.23593139648438,32.58381652832031,24.66818237304688
42936,0.48638916015625,-0.695526123046875,0.5602264404296875,0.019864784553647,-0.0254100188612937,-0.0235950741916894,80.11911010742188,32.55393981933594,24.82742309570312
42937,0.48345947265625,-0.6979827880859375,0.556671142578125,0.0106358667835593,-0.0132998265326023,-0.0160982757806778,80.14691162109375,32.39794921875,24.96682739257812
42938,0.48309326171875,-0.6964111328125,0.5570831298828125,0.015328356064856,-0.0101892538368701,-0.00950881652534,80.16694641113281,32.28932189941406,25.20306396484375
42939,0.4821014404296875,-0.6921539306640625,0.5583343505859375,0.0511428117752075,-0.0008799084462225,0.0101088266819715,80.14480590820312,32.35600280761719,25.17060852050781
42940,0.482177734375,-0.6935272216796875,0.5522308349609375,0.0673382952809333,-0.0001512675517005,0.0196922123432159,79.98440551757812,32.40280151367188,24.96504211425781
42941,0.482177734375,-0.6935272216796875,0.5522308349609375,0.0673382952809333,-0.0001512675517005,0.0196922123432159,79.98440551757812,32.40280151367188,24.96504211425781
42942,0.483184814453125,-0.6955718994140625,0.5424957275390625,0.0842754691839218,-0.0116513296961784,0.0242965519428253,79.97666931152344,32.38430786132812,24.97735595703125
42943,0.4886627197265625,-0.6834259033203125,0.554412841796875,0.1079634875059128,-0.025161812081933,0.0284324400126934,79.97265625,32.39286804199219,24.89218139648438
42944,0.501190185546875,-0.669158935546875,0.5753631591796875,0.1018707081675529,-0.0337526388466358,0.0314082577824592,79.97526550292969,32.39617919921875,24.89736938476562
42945,0.5023956298828125,-0.6557769775390625,0.5892181396484375,0.0848483145236969,-0.0308324806392192,0.0301006436347961,80.0672607421875,32.46875,24.91560363769531
42946,0.49505615234375,-0.6573638916015625,0.59124755859375,0.0796631351113319,-0.0113107115030288,0.0182325337082147,80.04228210449219,32.49188232421875,24.88836669921875
42947,0.486846923828125,-0.6677093505859375,0.581024169921875,0.0821646451950073,0.0081769693642854,0.0085157239809632,80.06605529785156,32.63954162597656,24.886474609375
42948,0.4824676513671875,-0.6733245849609375,0.5716705322265625,0.0858131721615791,0.0157547276467084,0.0074613783508539,80.17549133300781,32.63462829589844,24.83735656738281
42949,0.483184814453125,-0.6820831298828125,0.5648193359375,0.0976701006293296,0.008372445590794,0.0112105766311287,80.18341064453125,32.64599609375,24.74180603027344
42950,0.47247314453125,-0.686737060546875,0.5660552978515625,0.1314027607440948,-0.0346687659621238,0.0217990390956401,80.20658874511719,32.89007568359375,24.86346435546875
42951,0.47247314453125,-0.686737060546875,0.5660552978515625,0.1314027607440948,-0.0346687659621238,0.0217990390956401,80.20658874511719,32.89007568359375,24.86346435546875
42952,0.4693603515625,-0.6881561279296875,0.5746917724609375,0.1365325450897217,-0.0413093566894531,0.0243231821805238,80.25146484375,33.09765625,24.77932739257812
42953,0.47601318359375,-0.6865234375,0.580078125,0.1381333768367767,-0.031535554677248,0.0152503252029418,80.34388732910156,33.15115356445312,24.86988830566406
42954,0.475067138671875,-0.7023468017578125,0.570648193359375,0.0821212381124496,-0.0241612624377012,0.0394579283893108,80.46890258789062,33.32038879394531,24.96392822265625
42955,0.475067138671875,-0.7023468017578125,0.570648193359375,0.0821212381124496,-0.0241612624377012,0.0394579283893108,80.46890258789062,33.32038879394531,24.96392822265625
42956,0.4697113037109375,-0.6994476318359375,0.5648040771484375,0.0821212381124496,-0.0241612624377012,0.0394579283893108,80.67268371582031,33.49270629882812,24.70648193359375
42957,0.46820068359375,-0.6798248291015625,0.57757568359375,0.0668725073337554,-0.046235404908657,0.0488173402845859,80.7197265625,33.75315856933594,24.48516845703125
42958,0.46820068359375,-0.6798248291015625,0.57757568359375,0.0668725073337554,-0.046235404908657,0.0488173402845859,80.7197265625,33.75315856933594,24.48516845703125
42959,0.4750213623046875,-0.671875,0.5870361328125,0.0742990002036094,-0.0525209978222847,0.0371742658317089,80.82838439941406,33.7967529296875,24.2493896484375
42960,0.4837188720703125,-0.680633544921875,0.59539794921875,0.0446942336857318,-0.0522195287048816,0.0349603816866874,80.97103881835938,33.96455383300781,24.17747497558594
42961,0.4931640625,-0.6774749755859375,0.600372314453125,0.0055545549839735,-0.0397966802120208,0.0381276793777942,81.01870727539062,34.03338623046875,24.08453369140625
42962,0.4903717041015625,-0.672515869140625,0.59027099609375,0.0026841999497264,-0.0320162549614906,0.0672533363103866,81.06687927246094,34.06523132324219,24.06591796875
42963,0.4866180419921875,-0.6702117919921875,0.5836334228515625,0.0026841999497264,-0.0320162549614906,0.0672533363103866,81.101318359375,34.12864685058594,23.86048889160156
42964,0.4879913330078125,-0.657684326171875,0.5876617431640625,0.0151880076155066,-0.0323017463088035,0.0717146694660186,81.11280822753906,34.07048034667969,23.78529357910156
42965,0.48651123046875,-0.658416748046875,0.59027099609375,0.0254718046635389,-0.011995144188404,0.0602984949946403,81.04127502441406,34.10905456542969,23.79399108886719
42966,0.4754486083984375,-0.666107177734375,0.57733154296875,0.0533915869891643,-0.0111168334260582,0.031894814223051,81.03237915039062,33.98497009277344,23.86856079101562
42967,0.4718475341796875,-0.677490234375,0.5690155029296875,0.0533915869891643,-0.0111168334260582,0.031894814223051,80.955810546875,34.06744384765625,23.92506408691406
42968,0.4790496826171875,-0.687713623046875,0.5615081787109375,0.0476724468171596,-0.0183086991310119,0.0328500904142856,80.89472961425781,34.088623046875,24.03329467773438
42969,0.47979736328125,-0.6892242431640625,0.558807373046875,0.0275003332644701,-0.0229362081736326,0.0423168316483497,80.84100341796875,34.06216430664062,23.99700927734375
42970,0.46588134765625,-0.6687774658203125,0.5645294189453125,0.0445480272173881,-0.0113400062546134,0.0520557425916194,80.65525817871094,34.18116760253906,23.86505126953125
42971,0.46588134765625,-0.6687774658203125,0.5645294189453125,0.0445480272173881,-0.0113400062546134,0.0520557425916194,80.65525817871094,34.18116760253906,23.86505126953125
42972,0.46368408203125,-0.6707763671875,0.5681304931640625,0.0531132854521274,-0.0094164051115512,0.042816437780857,80.64495849609375,34.25679016113281,23.93345642089844
42973,0.4627532958984375,-0.67333984375,0.5729522705078125,0.0448854491114616,-0.0149994557723403,0.0344115048646926,80.66665649414062,34.16818237304688,24.00616455078125
42974,0.4670257568359375,-0.6811370849609375,0.570068359375,0.0227732229977846,-0.0136732012033462,0.0308676343411207,80.68626403808594,34.09690856933594,24.11430358886719
42975,0.4645538330078125,-0.6774749755859375,0.563812255859375,-0.0030405309516936,-0.0332266613841056,0.0387497916817665,80.62374877929688,34.04640197753906,24.250244140625
42976,0.472564697265625,-0.6659393310546875,0.577606201171875,0.006654973141849,-0.0104979146271944,0.0347372069954872,80.57843017578125,34.02496337890625,24.58393859863281
42977,0.4778594970703125,-0.665069580078125,0.5810394287109375,0.0155752310529351,-0.0074645741842687,0.0168879032135009,80.50857543945312,33.92906188964844,24.51092529296875
42978,0.479339599609375,-0.6794586181640625,0.580657958984375,0.0085306372493505,-0.0056400424800813,0.0009800433181226,80.34429931640625,33.86793518066406,24.47166442871094
42979,0.479339599609375,-0.6794586181640625,0.580657958984375,0.0085306372493505,-0.0056400424800813,0.0009800433181226,80.34429931640625,33.86793518066406,24.47166442871094
42980,0.473541259765625,-0.69384765625,0.5586395263671875,-0.037137247622013,-0.0291842501610517,0.0181939173489809,80.40283203125,33.8636474609375,24.70388793945312
42981,0.473541259765625,-0.69384765625,0.5586395263671875,-0.037137247622013,-0.0291842501610517,0.0181939173489809,80.40283203125,33.8636474609375,24.70388793945312
42982,0.4809417724609375,-0.671112060546875,0.5606536865234375,0.0171946994960308,-0.0589402802288532,0.025614283978939,80.43414306640625,34.19071960449219,24.63044738769531
42983,0.4809417724609375,-0.671112060546875,0.5606536865234375,0.0171946994960308,-0.0589402802288532,0.025614283978939,80.43414306640625,34.19071960449219,24.63044738769531
42984,0.4902191162109375,-0.662445068359375,0.587738037109375,0.0619725584983825,-0.0504131056368351,0.0094379764050245,80.61982727050781,34.53779602050781,24.41914367675781
42985,0.4833221435546875,-0.440582275390625,0.7067108154296875,0.0976322814822197,0.0326415672898292,0.039373505860567,81.05657958984375,35.07481384277344,24.27519226074219
42986,0.2097625732421875,-0.381072998046875,0.440582275390625,0.281126469373703,0.006328469607979,-0.6641726493835449,81.73150634765625,35.96839904785156,23.83766174316406
42987,0.3668670654296875,-0.521728515625,0.921630859375,-1.543658137321472,-0.8683172464370728,-1.341102719306946,83.01504516601562,37.17359924316406,22.87255859375
42988,1.217803955078125,-0.9866943359375,0.8485870361328125,-1.790659666061401,-0.4807266592979431,0.1554242074489594,84.82403564453125,38.7413330078125,20.4716796875
42989,0.5226898193359375,-1.0889892578125,0.5985107421875,-1.34832227230072,0.8253069519996643,0.1528292298316956,86.54324340820312,40.74118041992188,17.94168090820312
42990,0.1957550048828125,-0.407806396484375,0.3956451416015625,1.381900668144226,0.002379800658673,-0.1635777503252029,87.35922241210938,43.64830017089844,16.79637145996094
42991,0.1957550048828125,-0.407806396484375,0.3956451416015625,1.381900668144226,0.002379800658673,-0.1635777503252029,87.35922241210938,43.64830017089844,16.79637145996094
42992,0.5195159912109375,-0.7303009033203125,0.340423583984375,1.534106492996216,0.1088109016418457,-0.3632865846157074,87.20341491699219,43.75148010253906,16.46800231933594
42993,0.640655517578125,-0.701080322265625,0.5590362548828125,1.18610692024231,-0.0360959507524967,-0.1428144127130508,87.14947509765625,43.6141357421875,16.20970153808594
42994,0.5695037841796875,-0.7385711669921875,0.7387847900390625,0.3652621209621429,-0.0469709709286689,-0.0210115425288677,87.05574035644531,43.20729064941406,15.85972595214844
42995,0.4649658203125,-0.6883087158203125,0.696136474609375,0.0517454855144023,-0.1283308118581772,0.0691939815878868,87.057373046875,43.10774230957031,15.65251159667969
42996,0.419769287109375,-0.6617279052734375,0.6976318359375,0.0845468416810035,-0.098563328385353,0.077368289232254,87.02096557617188,42.98030090332031,15.93562316894531
42997,0.4474945068359375,-0.6566009521484375,0.615936279296875,0.1308794468641281,-0.0489291921257972,0.0098742023110389,86.49092102050781,42.62040710449219,16.12867736816406
42998,0.4474945068359375,-0.6566009521484375,0.615936279296875,0.1308794468641281,-0.0489291921257972,0.0098742023110389,86.49092102050781,42.62040710449219,16.12867736816406
42999,0.48291015625,-0.668304443359375,0.5986480712890625,0.108921691775322,-0.050964381545782,0.0246925633400678,86.2205810546875,42.48637390136719,15.97415161132812
43000,0.498321533203125,-0.6779937744140625,0.6012115478515625,0.0969286784529686,-0.0245636664330959,0.0259327962994575,85.91282653808594,42.14472961425781,16.00082397460938
43001,0.4839935302734375,-0.6561737060546875,0.55633544921875,-0.0394427478313446,-0.0055257929489016,0.0247359722852706,85.28436279296875,41.4251708984375,16.41621398925781
43002,0.4839935302734375,-0.6561737060546875,0.55633544921875,-0.0394427478313446,-0.0055257929489016,0.0247359722852706,85.28436279296875,41.4251708984375,16.41621398925781
43003,0.512481689453125,-0.6706085205078125,0.561004638671875,-0.0753903612494468,-0.0057241981849074,0.0428073853254318,84.50411987304688,40.70529174804688,17.2701416015625
43004,0.512481689453125,-0.6706085205078125,0.561004638671875,-0.0753903612494468,-0.0057241981849074,0.0428073853254318,84.50411987304688,40.70529174804688,17.2701416015625
43005,0.5252838134765625,-0.6682586669921875,0.56622314453125,-0.0931379348039627,0.0131901036947965,0.0578025802969932,84.19279479980469,40.32217407226562,17.8487548828125
43006,0.505584716796875,-0.6466827392578125,0.5564117431640625,-0.1169830784201622,0.0446998253464698,0.0624761618673801,83.38076782226562,39.454833984375,18.56338500976562
43007,0.505584716796875,-0.6466827392578125,0.5564117431640625,-0.1169830784201622,0.0446998253464698,0.0624761618673801,83.38076782226562,39.454833984375,18.56338500976562
43008,0.4883880615234375,-0.6657562255859375,0.562347412109375,-0.131506621837616,0.0343904644250869,0.0636868327856063,82.93894958496094,38.59005737304688,19.43455505371094
43009,0.4883880615234375,-0.6657562255859375,0.562347412109375,-0.131506621837616,0.0343904644250869,0.0636868327856063,82.93894958496094,38.59005737304688,19.43455505371094
43010,0.4844818115234375,-0.678436279296875,0.56378173828125,-0.1116847172379494,0.0112129729241132,0.0810913890600204,82.63693237304688,38.38935852050781,19.81361389160156
43011,0.4838409423828125,-0.6845703125,0.5673370361328125,-0.0955632776021957,0.0006285060080699,0.1111627370119095,82.423095703125,38.11726379394531,20.23263549804688
43012,0.4821014404296875,-0.675537109375,0.568695068359375,-0.0559266470372676,-0.0114558534696698,0.1583595424890518,82.20372009277344,37.68484497070312,20.58042907714844
43013,0.4729461669921875,-0.6723175048828125,0.56988525390625,-0.0559266470372676,-0.0114558534696698,0.1583595424890518,82.18951416015625,37.32893371582031,20.92570495605469
43014,0.4617767333984375,-0.664642333984375,0.5667724609375,-0.0241271741688251,-0.0190874077379703,0.1230247244238853,81.84721374511719,36.63838195800781,21.4793701171875
43015,0.4617767333984375,-0.664642333984375,0.5667724609375,-0.0241271741688251,-0.0190874077379703,0.1230247244238853,81.84721374511719,36.63838195800781,21.4793701171875
43016,0.464202880859375,-0.6532135009765625,0.5734100341796875,-0.0072477930225431,-0.0219380557537078,0.0931054428219795,81.64141845703125,36.44009399414062,21.64605712890625
43017,0.478729248046875,-0.6639862060546875,0.579376220703125,-0.0036421390250325,-0.0233247634023428,0.0233633797615766,81.50601196289062,35.88252258300781,22.0291748046875
43018,0.48529052734375,-0.6719207763671875,0.57574462890625,-0.0055090151727199,-0.0325928293168544,0.0295123513787984,81.42478942871094,35.57444763183594,22.22463989257812
43019,0.48529052734375,-0.6719207763671875,0.57574462890625,-0.0055090151727199,-0.0325928293168544,0.0295123513787984,81.42478942871094,35.57444763183594,22.22463989257812
43020,0.4900054931640625,-0.6758575439453125,0.571380615234375,-0.0055090151727199,-0.0325928293168544,0.0295123513787984,81.33531188964844,35.41165161132812,22.32362365722656
43021,0.4880523681640625,-0.675628662109375,0.57098388671875,-0.0018703379901126,-0.0336005687713623,0.0328684672713279,81.22297668457031,35.05134582519531,22.66685485839844
43022,0.4903411865234375,-0.6697540283203125,0.5770263671875,0.0121951475739479,-0.0245207883417606,0.0215465705841779,81.20304870605469,34.96322631835938,22.69328308105469
43023,0.486053466796875,-0.6680450439453125,0.574310302734375,0.0202509425580501,-0.0195643808692693,0.0092076128348708,81.19642639160156,34.79159545898438,22.63580322265625
43024,0.480560302734375,-0.67218017578125,0.578125,0.031024495139718,-0.0146018462255597,-0.0063132895156741,81.08338928222656,34.65615844726562,22.82478332519531
43025,0.4806060791015625,-0.6828155517578125,0.57965087890625,0.0294297933578491,-0.0044410875998437,-0.0125789083540439,81.04931640625,34.54783630371094,22.91050720214844
43026,0.48431396484375,-0.6840057373046875,0.5774688720703125,0.0240318328142166,-0.006468285806477,-0.0115325525403022,81.01220703125,34.53004455566406,22.86477661132812
43027,0.49127197265625,-0.679962158203125,0.571014404296875,0.0188328102231025,-0.0031619712244719,-0.0106792757287621,80.97625732421875,34.41952514648438,22.80355834960938
43028,0.4904327392578125,-0.678070068359375,0.5647735595703125,0.0170679334551096,-0.0121362917125225,0.0102600939571857,80.93771362304688,34.28965759277344,22.88294982910156
43029,0.4859771728515625,-0.6727752685546875,0.56512451171875,0.0271770264953374,-0.019031748175621,0.0250949673354625,80.90043640136719,34.12864685058594,23.08848571777344
43030,0.484161376953125,-0.6651763916015625,0.567596435546875,0.0335835255682468,-0.0223095659166574,0.0198914166539907,80.83854675292969,34.001953125,23.27635192871094
43031,0.4842376708984375,-0.669189453125,0.5667572021484375,0.0335835255682468,-0.0223095659166574,0.0198914166539907,80.8143310546875,34.03208923339844,23.2386474609375
43032,0.4818572998046875,-0.6704254150390625,0.564544677734375,0.0267202947288751,-0.0253479667007923,0.0171747263520956,80.75946044921875,34.01493835449219,23.24580383300781
43033,0.4846343994140625,-0.6673736572265625,0.560760498046875,0.0307824127376079,-0.0214003641158342,0.0115000624209642,80.70343017578125,33.89691162109375,23.23472595214844
43034,0.493133544921875,-0.665283203125,0.568634033203125,0.0446870438754558,-0.0164649933576583,0.0012743226252496,80.65904235839844,33.80242919921875,23.22087097167969
43035,0.493133544921875,-0.665283203125,0.568634033203125,0.0446870438754558,-0.0164649933576583,0.0012743226252496,80.65904235839844,33.80242919921875,23.22087097167969
43036,0.490753173828125,-0.67242431640625,0.5686492919921875,0.0346972607076168,0.0015843145083636,-0.0081631215289235,80.72093200683594,33.67118835449219,23.40873718261719
43037,0.4802093505859375,-0.687103271484375,0.570709228515625,0.0259658209979534,-0.0184916593134403,0.0041513354517519,80.69244384765625,33.47434997558594,24.09677124023438
43038,0.4802093505859375,-0.687103271484375,0.570709228515625,0.0259658209979534,-0.0184916593134403,0.0041513354517519,80.69244384765625,33.47434997558594,24.09677124023438
43039,0.4768829345703125,-0.6841583251953125,0.5651092529296875,0.0205478854477405,-0.0345680974423885,0.0087886974215507,80.69264221191406,33.42626953125,24.00346374511719
43040,0.4752349853515625,-0.6829681396484375,0.55908203125,0.0205478854477405,-0.0345680974423885,0.0087886974215507,80.67318725585938,33.34587097167969,23.87104797363281
43041,0.47552490234375,-0.68682861328125,0.5597076416015625,0.0082304989919066,-0.071564994752407,0.0349891409277916,80.7340087890625,33.2896728515625,23.76730346679688
43042,0.47552490234375,-0.68682861328125,0.5597076416015625,0.0082304989919066,-0.071564994752407,0.0349891409277916,80.7340087890625,33.2896728515625,23.76730346679688
43043,0.4685211181640625,-0.6768798828125,0.573028564453125,0.0098795285448431,-0.0728041678667068,0.0384235568344593,80.75019836425781,33.33085632324219,23.64900207519531
43044,0.468597412109375,-0.669677734375,0.5860748291015625,0.0148207573220133,-0.0579730235040187,0.0318833626806736,80.76133728027344,33.19523620605469,23.67694091796875
43045,0.4693450927734375,-0.6738739013671875,0.5939178466796875,0.0404853746294975,-0.0413093566894531,0.0278121903538703,80.721435546875,33.08193969726562,23.56343078613281
43046,0.4690093994140625,-0.6777801513671875,0.5892486572265625,0.0404853746294975,-0.0413093566894531,0.0278121903538703,80.6497802734375,33.02105712890625,23.49113464355469
43047,0.4775238037109375,-0.680389404296875,0.5813751220703125,0.0325928293168544,-0.0614716149866581,0.0448215343058109,80.62844848632812,33.03785705566406,23.41836547851562
43048,0.4803619384765625,-0.679107666015625,0.5764923095703125,0.0325928293168544,-0.0614716149866581,0.0448215343058109,80.58355712890625,33.12144470214844,23.50483703613281
43049,0.479522705078125,-0.681884765625,0.570556640625,0.0055537559092044,-0.0733881965279579,0.0333006978034973,80.59671020507812,32.99009704589844,23.53633117675781
43050,0.48748779296875,-0.67291259765625,0.5759735107421875,0.0055537559092044,-0.0733881965279579,0.0333006978034973,80.66812133789062,32.79019165039062,23.61433410644531
43051,0.493408203125,-0.6665191650390625,0.5882720947265625,-0.016734505072236,-0.0409844517707824,-0.0077932081185281,80.64987182617188,32.85397338867188,23.57843017578125
43052,0.495269775390625,-0.6644287109375,0.5824127197265625,-0.0238065291196107,-0.0209665335714817,-0.0261035058647394,80.63816833496094,32.90322875976562,23.61439514160156
43053,0.4978790283203125,-0.663604736328125,0.5784454345703125,-0.0318335629999637,-0.0077982684597373,-0.0201127249747514,80.66250610351562,32.81297302246094,23.79898071289062
43054,0.4747467041015625,-0.68780517578125,0.562652587890625,-0.03038533590734,-0.011885154992342,0.0215106178075075,80.63275146484375,32.74234008789062,23.74482727050781
43055,0.4747467041015625,-0.68780517578125,0.562652587890625,-0.03038533590734,-0.011885154992342,0.0215106178075075,80.63275146484375,32.74234008789062,23.74482727050781
43056,0.46856689453125,-0.6893768310546875,0.5682220458984375,-0.03038533590734,-0.011885154992342,0.0215106178075075,80.5557861328125,32.71690368652344,23.60978698730469
43057,0.4801177978515625,-0.6617889404296875,0.582366943359375,-0.0314660482108593,0.0241876281797885,-0.0044594630599021,80.49664306640625,32.77740478515625,23.72956848144531
43058,0.4801177978515625,-0.6617889404296875,0.582366943359375,-0.0314660482108593,0.0241876281797885,-0.0044594630599021,80.49664306640625,32.77740478515625,23.72956848144531
43059,0.4844207763671875,-0.6657562255859375,0.576385498046875,-0.0314660482108593,0.0241876281797885,-0.0044594630599021,80.53298950195312,32.72796630859375,23.70919799804688
43060,0.48651123046875,-0.6768035888671875,0.5631256103515625,-0.0501065775752067,0.0203303061425685,-0.010667291469872,80.51206970214844,32.70436096191406,23.626953125
43061,0.4932861328125,-0.686279296875,0.5550537109375,-0.0647374540567398,0.0049359025433659,-0.0060373861342668,80.5067138671875,32.59228515625,23.66339111328125
43062,0.4984130859375,-0.688690185546875,0.5542449951171875,-0.0795060098171234,-0.006097839679569,0.0120473420247435,80.47193908691406,32.50138854980469,23.68305969238281
43063,0.49847412109375,-0.68267822265625,0.5645904541015625,-0.0567136146128177,-0.0048831719905138,0.0373985059559345,80.51048278808594,32.52778625488281,23.69107055664062
43064,0.4964599609375,-0.671234130859375,0.5559234619140625,-0.056641973555088,-0.0009843043517321,0.0305717568844556,80.39291381835938,32.5623779296875,23.63029479980469
43065,0.4885711669921875,-0.666290283203125,0.5561065673828125,-0.0577975176274776,0.0011542140273377,0.0330940373241901,80.36326599121094,32.4510498046875,23.73289489746094
43066,0.484039306640625,-0.657562255859375,0.5560150146484375,-0.0548984035849571,0.0094550205394625,0.0021001687273383,80.43763732910156,32.30961608886719,23.79945373535156
43067,0.486968994140625,-0.6625823974609375,0.5555267333984375,-0.0473046638071537,0.0096757970750331,-0.0342687591910362,80.37966918945312,32.424560546875,23.70370483398438
43068,0.487823486328125,-0.679412841796875,0.55303955078125,-0.0473046638071537,0.0096757970750331,-0.0342687591910362,80.3385009765625,32.44651794433594,23.69398498535156
43069,0.481048583984375,-0.693145751953125,0.5535125732421875,-0.0531641505658626,-0.0026106967125087,-0.0227572433650493,80.39483642578125,32.29756164550781,23.77284240722656
43070,0.475799560546875,-0.7032012939453125,0.56005859375,-0.0593823678791523,-0.0075543224811553,0.0208690632134676,80.34725952148438,32.31114196777344,23.47538757324219
43071,0.4752349853515625,-0.71099853515625,0.56207275390625,-0.0593823678791523,-0.0075543224811553,0.0208690632134676,80.27859497070312,32.33380126953125,23.24040222167969
43072,0.4746246337890625,-0.6985321044921875,0.5644989013671875,-0.0496889911592006,-0.0102236093953251,0.0374174118041992,80.21275329589844,32.39541625976562,23.18890380859375
43073,0.47564697265625,-0.682586669921875,0.5614013671875,-0.029876671731472,-0.0082720443606376,0.0394065268337726,80.29432678222656,32.34678649902344,23.28628540039062
43074,0.4766998291015625,-0.6744842529296875,0.558135986328125,-0.0150718940421938,-0.0123320333659648,0.0292601510882377,80.27191162109375,32.33940124511719,23.22837829589844
43075,0.48162841796875,-0.6717071533203125,0.556365966796875,-0.0029957899823784,-0.0192780904471874,0.0086885625496506,80.30461120605469,32.33058166503906,23.26275634765625
43076,0.4843292236328125,-0.675628662109375,0.5519256591796875,-0.0029957899823784,-0.0192780904471874,0.0086885625496506,80.36552429199219,32.35618591308594,23.26388549804688
43077,0.485382080078125,-0.680633544921875,0.5529327392578125,0.0040088561363518,-0.0189369395375251,0.0025744778104126,80.26792907714844,32.27853393554688,23.40354919433594
43078,0.4837188720703125,-0.6809234619140625,0.5526580810546875,0.0204717200249433,-0.0060469736345112,-0.0071236896328628,80.31472778320312,32.21673583984375,23.44950866699219
43079,0.48480224609375,-0.681640625,0.5556182861328125,0.0340210832655429,-0.00072864087997,-0.0104188183322548,80.30587768554688,32.29367065429688,23.41946411132812
43080,0.4902801513671875,-0.6775360107421875,0.5655364990234375,0.0238078609108924,-0.005078381858766,0.0077021280303597,80.30378723144531,32.25984191894531,23.33871459960938
43081,0.4942779541015625,-0.6778411865234375,0.56988525390625,0.0238078609108924,-0.005078381858766,0.0077021280303597,80.30955505371094,32.28318786621094,23.25775146484375
43082,0.4901580810546875,-0.6793060302734375,0.5713958740234375,0.0115445367991924,-0.0055790562182664,0.0126204537227749,80.30789184570312,32.28402709960938,23.21456909179688
43083,0.48663330078125,-0.676025390625,0.564849853515625,0.0117586553096771,-9.321063771494664e-06,0.0165874995291233,80.26589965820312,32.34635925292969,23.24468994140625
43084,0.4848785400390625,-0.6722412109375,0.5585174560546875,0.0274577233940362,0.0001352885883534,0.0039984700269997,80.21817016601562,32.28005981445312,23.32342529296875
43085,0.480224609375,-0.675445556640625,0.5569915771484375,0.0274577233940362,0.0001352885883534,0.0039984700269997,80.25656127929688,32.35726928710938,23.42636108398438
43086,0.4766387939453125,-0.685028076171875,0.5588531494140625,0.0546762943267822,0.010038785636425,-0.0095706023275852,80.26054382324219,32.30375671386719,23.49269104003906
43087,0.4766387939453125,-0.685028076171875,0.5588531494140625,0.0546762943267822,0.010038785636425,-0.0095706023275852,80.26054382324219,32.30375671386719,23.49269104003906
43088,0.476287841796875,-0.68780517578125,0.5647430419921875,0.0585898086428642,0.0095423720777034,-0.0057409764267504,80.24858093261719,32.36697387695312,23.3897705078125
43089,0.4787750244140625,-0.691619873046875,0.5701751708984375,0.0473597906529903,0.0020815266761928,-0.0033281524665653,80.27481079101562,32.37347412109375,23.38641357421875
43090,0.4713897705078125,-0.700103759765625,0.5737762451171875,0.0208488218486309,-0.0118843559175729,0.0191819500178098,80.3155517578125,32.46440124511719,23.30917358398438
43091,0.4713897705078125,-0.700103759765625,0.5737762451171875,0.0208488218486309,-0.0118843559175729,0.0191819500178098,80.3155517578125,32.46440124511719,23.30917358398438
43092,0.4643402099609375,-0.6965789794921875,0.5690765380859375,0.0208488218486309,-0.0118843559175729,0.0191819500178098,80.19911193847656,32.33244323730469,23.33128356933594
43093,0.46343994140625,-0.6924591064453125,0.56707763671875,0.0499638319015502,-0.0123967481777072,0.0073106433264911,80.32637023925781,32.27406311035156,23.39811706542969
43094,0.466522216796875,-0.6895294189453125,0.5622100830078125,0.0585586503148078,-0.0090448940172791,0.0004559331864584,80.35215759277344,32.19664001464844,23.5235595703125
43095,0.4776458740234375,-0.6847381591796875,0.56341552734375,0.0544424690306186,-0.0069242189638316,-0.0021933794487267,80.29202270507812,32.23731994628906,23.44752502441406
43096,0.4912567138671875,-0.68670654296875,0.569732666015625,0.0544424690306186,-0.0069242189638316,-0.0021933794487267,80.37551879882812,32.36711120605469,23.35951232910156
43097,0.500244140625,-0.6883697509765625,0.574798583984375,0.0337907187640667,0.0015691345324739,0.0010993528412655,80.26739501953125,32.3270263671875,23.34321594238281
43098,0.493621826171875,-0.67547607421875,0.577850341796875,-0.0070608388632535,0.0035907400306314,0.011093663983047,80.25946044921875,32.4154052734375,23.33711242675781
43099,0.493621826171875,-0.67547607421875,0.577850341796875,-0.0070608388632535,0.0035907400306314,0.011093663983047,80.25946044921875,32.4154052734375,23.33711242675781
43100,0.488067626953125,-0.669281005859375,0.5710906982421875,-0.0070608388632535,0.0035907400306314,0.011093663983047,80.27310180664062,32.3267822265625,23.22564697265625
43101,0.4793243408203125,-0.66998291015625,0.566741943359375,0.0010756507981568,0.0073868096806108,0.01161031704396,80.31407165527344,32.35772705078125,23.36366271972656
43102,0.4793243408203125,-0.66998291015625,0.566741943359375,0.0010756507981568,0.0073868096806108,0.01161031704396,80.31407165527344,32.35772705078125,23.36366271972656
43103,0.4785919189453125,-0.6692657470703125,0.5673370361328125,-0.0026847326662391,0.0205161944031715,0.0037033918779343,80.32447814941406,32.30169677734375,23.21432495117188
43104,0.478271484375,-0.6720733642578125,0.56573486328125,-0.0186083056032657,0.0166412945836782,-0.00234757643193,80.30250549316406,32.28392028808594,23.27027893066406
43105,0.4774169921875,-0.6743011474609375,0.5643768310546875,-0.0186083056032657,0.0166412945836782,-0.00234757643193,80.281494140625,32.38825988769531,23.21961975097656
43106,0.471527099609375,-0.6730499267578125,0.56103515625,-0.0209148693829774,-0.0129110049456358,0.0053159357048571,80.25831604003906,32.22695922851562,23.37884521484375
43107,0.4671630859375,-0.6713409423828125,0.5553436279296875,-0.0163198504596948,-0.0312750972807407,0.0037097833119332,80.25534057617188,32.20582580566406,23.38189697265625
43108,0.465484619140625,-0.671600341796875,0.5531005859375,-0.0163198504596948,-0.0312750972807407,0.0037097833119332,80.26687622070312,32.24417114257812,23.39883422851562
43109,0.469818115234375,-0.6748809814453125,0.5536346435546875,-0.0076802903786301,-0.0400438234210014,0.000541686953511,80.24812316894531,32.13920593261719,23.43060302734375
43110,0.47186279296875,-0.6715545654296875,0.5527496337890625,-0.0028461201582103,-0.039904274046421,-0.0064730793237686,80.32044982910156,32.2320556640625,23.33708190917969
43111,0.47772216796875,-0.6760406494140625,0.5576934814453125,0.0007150587625801,-0.0445192642509937,-0.0157086551189422,80.24374389648438,32.26443481445312,23.27577209472656
43112,0.48187255859375,-0.681640625,0.56243896484375,0.0035739622544497,-0.0437868945300579,-0.0131259215995669,80.24757385253906,32.35458374023438,23.28274536132812
43113,0.4825286865234375,-0.681671142578125,0.566619873046875,0.0075010596774518,-0.0514179170131683,-0.0106379967182874,80.18214416503906,32.40660095214844,23.24530029296875
43114,0.48748779296875,-0.6811065673828125,0.5735931396484375,-0.0118878185749054,-0.0372554920613765,-0.0091668665409088,80.16932678222656,32.26710510253906,23.31468200683594
43115,0.4929046630859375,-0.6909027099609375,0.5790863037109375,-0.0118878185749054,-0.0372554920613765,-0.0091668665409088,80.21231079101562,32.36575317382812,23.32646179199219
43116,0.4833221435546875,-0.692230224609375,0.5791778564453125,-0.0164024084806442,-0.0296987742185592,-0.0021904499735683,80.24198913574219,32.28761291503906,23.21224975585938
43117,0.473541259765625,-0.6704254150390625,0.5680999755859375,0.0065724151208996,-0.0331289246678352,-0.0061684134416282,80.27970886230469,32.249755859375,23.14131164550781
43118,0.473541259765625,-0.6704254150390625,0.5680999755859375,0.0065724151208996,-0.0331289246678352,-0.0061684134416282,80.27970886230469,32.249755859375,23.14131164550781
43119,0.4753875732421875,-0.6695709228515625,0.564971923828125,0.0182660892605781,-0.0293629486113786,-0.0140247391536831,80.27294921875,32.25059509277344,23.18161010742188
43120,0.4761199951171875,-0.6785125732421875,0.559967041015625,0.0246568769216537,-0.0268513206392526,-0.0207540150731802,80.29147338867188,32.28302001953125,23.154296875
43121,0.4848480224609375,-0.691253662109375,0.5594482421875,0.0205689240247011,-0.0238800328224897,-0.0189222916960716,80.34194946289062,32.23202514648438,23.26455688476562
43122,0.484344482421875,-0.6981353759765625,0.5552215576171875,0.0139235388487577,-0.0135118141770362,0.007220628671348,80.31907653808594,32.27226257324219,23.1380615234375
43123,0.484344482421875,-0.6981353759765625,0.5552215576171875,0.0139235388487577,-0.0135118141770362,0.007220628671348,80.31907653808594,32.27226257324219,23.1380615234375
43124,0.4791717529296875,-0.6894073486328125,0.5543975830078125,0.010946124792099,-0.0247530173510313,0.0161837637424469,80.27223205566406,32.370361328125,23.27609252929688
43125,0.47259521484375,-0.680999755859375,0.5547943115234375,0.0226813443005085,-0.0398805700242519,-0.0027872642967849,80.28950500488281,32.16264343261719,23.47125244140625
43126,0.47259521484375,-0.680999755859375,0.5547943115234375,0.0226813443005085,-0.0398805700242519,-0.0027872642967849,80.28950500488281,32.16264343261719,23.47125244140625
43127,0.4763336181640625,-0.6850128173828125,0.551971435546875,0.0226813443005085,-0.0398805700242519,-0.0027872642967849,80.312744140625,32.26036071777344,23.41026306152344
43128,0.4883880615234375,-0.6838226318359375,0.564727783203125,0.0208192616701126,-0.0267916675657033,-0.0089018819853663,80.32899475097656,32.25546264648438,23.24774169921875
43129,0.49468994140625,-0.6844329833984375,0.5808868408203125,0.0208192616701126,-0.0267916675657033,-0.0089018819853663,80.27220153808594,32.26625061035156,23.24404907226562
43130,0.4818572998046875,-0.6882476806640625,0.579559326171875,-0.0547508634626865,-0.0358307026326656,0.0212168712168932,80.33468627929688,32.31547546386719,23.27774047851562
43131,0.471466064453125,-0.6841888427734375,0.5649261474609375,-0.0349880792200565,-0.0354988723993301,0.0147970551624894,80.38040161132812,32.36712646484375,23.16966247558594
43132,0.47265625,-0.682525634765625,0.5755767822265625,-0.0120286997407674,-0.0116044580936431,0.0165278445929288,80.34413146972656,32.25784301757812,23.15980529785156
43133,0.47265625,-0.682525634765625,0.5755767822265625,-0.0120286997407674,-0.0116044580936431,0.0165278445929288,80.34413146972656,32.25784301757812,23.15980529785156
43134,0.468902587890625,-0.6748809814453125,0.5607757568359375,0.0274334885179996,-0.0196011308580637,0.0040021985769271,80.34619140625,32.33935546875,23.20339965820312
43135,0.468902587890625,-0.6748809814453125,0.5607757568359375,0.0274334885179996,-0.0196011308580637,0.0040021985769271,80.34619140625,32.33935546875,23.20339965820312
43136,0.4952850341796875,-0.69622802734375,0.5701141357421875,0.0448678731918335,-0.0209305826574564,0.0038783615455031,80.32719421386719,32.25906372070312,23.1400146484375
43137,0.4930572509765625,-0.689422607421875,0.5698394775390625,0.0252555552870035,-0.0157113187015056,0.0115831531584262,80.37767028808594,32.223876953125,23.19570922851562
43138,0.4852142333984375,-0.69024658203125,0.5647735595703125,0.012826582416892,-0.0162010733038187,0.0107415942475199,80.38349914550781,32.14274597167969,23.29377746582031
43139,0.4880218505859375,-0.6931915283203125,0.5634613037109375,0.012826582416892,-0.0162010733038187,0.0107415942475199,80.37864685058594,32.11967468261719,23.40269470214844
43140,0.4868927001953125,-0.684478759765625,0.565521240234375,0.0095905754715204,-0.0103650232776999,0.0145885301753878,80.38731384277344,32.22361755371094,23.23977661132812
43141,0.4837493896484375,-0.6772003173828125,0.5628509521484375,0.0102883242070674,-0.005617672111839,0.0091751227155327,80.38040161132812,32.38870239257812,23.08366394042969
43142,0.4844818115234375,-0.6746368408203125,0.5563507080078125,0.0105754127725958,-0.005142830312252,0.0048288437537848,80.36039733886719,32.34617614746094,23.01841735839844
43143,0.48272705078125,-0.6726531982421875,0.5538330078125,-0.0114950025454163,-0.0165925584733486,0.0092355767264962,80.32614135742188,32.33377075195312,22.92289733886719
43144,0.4770050048828125,-0.6748199462890625,0.5580902099609375,-0.0140742734074592,-0.0179329272359609,0.0058605521917343,80.32589721679688,32.27098083496094,22.92680358886719
43145,0.475738525390625,-0.67633056640625,0.561492919921875,-0.0140742734074592,-0.0179329272359609,0.0058605521917343,80.36479187011719,32.26075744628906,22.92802429199219
43146,0.4795684814453125,-0.68133544921875,0.5566864013671875,-0.002976881340146,-0.0198003370314836,0.0122452145442366,80.3616943359375,32.22569274902344,22.93116760253906
43147,0.4834442138671875,-0.6972503662109375,0.5601654052734375,-0.002976881340146,-0.0198003370314836,0.0122452145442366,80.34425354003906,32.12557983398438,22.91522216796875
43148,0.477325439453125,-0.69232177734375,0.54888916015625,0.0123490775004029,-0.0172032210975885,0.0207659993320703,80.47871398925781,32.04714965820312,22.8360595703125
43149,0.478729248046875,-0.6887969970703125,0.543426513671875,0.0329741947352886,-0.0156681761145591,0.0236118528991937,80.44613647460938,31.93539428710938,23.02371215820312
43150,0.47845458984375,-0.6801300048828125,0.5410308837890625,0.0497132278978824,-0.0163518097251653,0.0239804331213235,80.45863342285156,31.96626281738281,23.116455078125
43151,0.4804229736328125,-0.67822265625,0.54217529296875,0.05327919870615,-0.0168652664870023,0.0136654786765575,80.51350402832031,32.06318664550781,23.02798461914062
43152,0.4774322509765625,-0.689971923828125,0.5523223876953125,0.0346892699599266,-0.0332005620002746,0.0081308968365192,80.42475891113281,32.04011535644531,23.00004577636719
43153,0.4774322509765625,-0.689971923828125,0.5523223876953125,0.0346892699599266,-0.0332005620002746,0.0081308968365192,80.42475891113281,32.04011535644531,23.00004577636719
43154,0.480255126953125,-0.6839752197265625,0.5634613037109375,0.0137269971892237,-0.0322250463068485,0.007031544111669,80.44099426269531,32.11746215820312,22.96824645996094
43155,0.480255126953125,-0.6839752197265625,0.5634613037109375,0.0137269971892237,-0.0322250463068485,0.007031544111669,80.44099426269531,32.11746215820312,22.96824645996094
43156,0.4785614013671875,-0.6880340576171875,0.5712127685546875,-0.0010247844038531,-0.0087610008195042,0.0116529278457164,80.53781127929688,32.17640686035156,23.18653869628906
43157,0.4785614013671875,-0.6880340576171875,0.5712127685546875,-0.0010247844038531,-0.0087610008195042,0.0116529278457164,80.53781127929688,32.17640686035156,23.18653869628906
43158,0.4819488525390625,-0.686309814453125,0.5638427734375,-0.0426577143371105,-0.006304767448455,0.0067886640317738,80.49493408203125,32.14077758789062,23.26651000976562
43159,0.4779052734375,-0.6828460693359375,0.5801849365234375,-0.0263578370213508,0.0137706734240055,0.0331297218799591,80.53536987304688,32.12350463867188,23.20576477050781
43160,0.4711151123046875,-0.677978515625,0.57794189453125,-0.0036650423426181,0.0275522656738758,0.0334964394569397,80.50990295410156,31.91404724121094,23.16984558105469
43161,0.4711151123046875,-0.677978515625,0.57794189453125,-0.0036650423426181,0.0275522656738758,0.0334964394569397,80.50990295410156,31.91404724121094,23.16984558105469
43162,0.4673614501953125,-0.6790618896484375,0.5707550048828125,-0.0036650423426181,0.0275522656738758,0.0334964394569397,80.43276977539062,32.01655578613281,23.08078002929688
43163,0.4642333984375,-0.6854400634765625,0.5626983642578125,-0.0095636779442429,0.0274982023984193,0.0371747985482215,80.39154052734375,32.06971740722656,23.08595275878906
43164,0.470123291015625,-0.6867218017578125,0.554718017578125,-0.0156804267317056,0.025056617334485,0.0326732583343982,80.42138671875,32.06338500976562,23.18217468261719
43165,0.4772186279296875,-0.686798095703125,0.550994873046875,-0.0131661361083388,0.0233857501298189,0.0292012952268123,80.37451171875,31.98068237304688,23.23283386230469
43166,0.4785919189453125,-0.688446044921875,0.5478668212890625,-0.004242948256433,0.0171217285096645,0.0269517228007316,80.42770385742188,32.00434875488281,23.18400573730469
43167,0.48126220703125,-0.68646240234375,0.545379638671875,0.0167179927229881,0.0195622500032186,0.0298761390149593,80.39498901367188,31.96133422851562,23.09959411621094
43168,0.4767913818359375,-0.688690185546875,0.546875,0.0194900780916214,0.0121080614626407,0.0411069579422473,80.40406799316406,31.93507385253906,23.12652587890625
43169,0.4735565185546875,-0.6898345947265625,0.55511474609375,0.0220597628504037,0.0129783824086189,0.0485699325799942,80.47920227050781,31.72758483886719,23.79728698730469
43170,0.472503662109375,-0.69049072265625,0.557647705078125,0.0144191533327102,0.0076102488674223,0.0389388762414455,80.52000427246094,31.72734069824219,23.81623840332031
43171,0.469757080078125,-0.6891326904296875,0.5572052001953125,0.0144191533327102,0.0076102488674223,0.0389388762414455,80.43128967285156,31.76449584960938,23.76728820800781
43172,0.474151611328125,-0.6807098388671875,0.5583038330078125,0.0136044919490814,0.0011334413429722,0.0296441782265901,80.38777160644531,31.78126525878906,23.8453369140625
43173,0.476043701171875,-0.676239013671875,0.562255859375,0.023159647360444,-0.0111232250928878,0.0183790065348148,80.44772338867188,31.70745849609375,23.87594604492188
43174,0.473907470703125,-0.6747894287109375,0.57086181640625,0.023509319871664,-0.023501330986619,0.0023270701058208,80.46243286132812,31.62368774414062,23.99078369140625
43175,0.4721527099609375,-0.6787872314453125,0.57373046875,0.0132425688207149,-0.0249242577701807,0.0025646241847425,80.37025451660156,31.76441955566406,24.00672912597656
43176,0.46954345703125,-0.686676025390625,0.5728302001953125,0.0132425688207149,-0.0249242577701807,0.0025646241847425,80.42118835449219,31.76853942871094,23.90484619140625
43177,0.465606689453125,-0.693328857421875,0.570648193359375,0.0090994890779256,-0.0297965109348297,0.0065931878052651,80.44905090332031,31.79364013671875,23.79400634765625
43178,0.467376708984375,-0.69781494140625,0.5702056884765625,0.0165430232882499,-0.0283054076135158,-0.0014314490836113,80.4478759765625,31.83399963378906,23.76065063476562
43179,0.470977783203125,-0.701568603515625,0.57501220703125,0.0165430232882499,-0.0283054076135158,-0.0014314490836113,80.42611694335938,31.78041076660156,23.77400207519531
43180,0.4706573486328125,-0.6982574462890625,0.5762939453125,0.0187087059020996,-0.0281211175024509,-0.0065524415113031,80.44456481933594,31.72909545898438,23.73934936523438
43181,0.4655303955078125,-0.6891937255859375,0.5704345703125,0.016895093023777,-0.0294175427407026,-0.0062043662182986,80.37503051757812,31.71870422363281,23.76193237304688
43182,0.466552734375,-0.6898040771484375,0.56878662109375,0.0235503334552049,-0.0374365895986557,-0.0109855392947793,80.30307006835938,31.86650085449219,23.78224182128906
43183,0.4682464599609375,-0.696533203125,0.573486328125,0.0301706846803426,-0.0437216460704803,-0.0134694697335362,80.29396057128906,31.94078063964844,23.93194580078125
43184,0.461151123046875,-0.69976806640625,0.566192626953125,0.0279461462050676,-0.0458857342600822,-0.0126372314989566,80.25894165039062,31.84684753417969,23.75521850585938
43185,0.4564208984375,-0.697479248046875,0.5557861328125,0.01675820723176,-0.0546403415501117,0.0012061456218361,80.33396911621094,31.77595520019531,23.51608276367188
43186,0.4564208984375,-0.697479248046875,0.5557861328125,0.01675820723176,-0.0546403415501117,0.0012061456218361,80.33396911621094,31.77595520019531,23.51608276367188
43187,0.4571380615234375,-0.6857452392578125,0.5572357177734375,-0.0066661583259701,-0.0537074357271194,-0.0004213120846543,80.43534851074219,31.83920288085938,23.51925659179688
43188,0.4619903564453125,-0.67974853515625,0.559051513671875,-0.0066661583259701,-0.0537074357271194,-0.0004213120846543,80.42488098144531,31.70909118652344,23.54254150390625
43189,0.4688873291015625,-0.6773223876953125,0.5552215576171875,-0.019330820068717,-0.051369447261095,-0.0068949242122471,80.40583801269531,31.73355102539062,23.5225830078125
43190,0.4758453369140625,-0.6736602783203125,0.553955078125,-0.0296340584754943,-0.0535545721650123,-0.0037513286806643,80.42311096191406,31.67060852050781,23.74998474121094
43191,0.475433349609375,-0.6635894775390625,0.554229736328125,-0.0219287350773811,-0.0440324395895004,-0.0039369510486721,80.4129638671875,31.7493896484375,23.73626708984375
43192,0.4748687744140625,-0.662750244140625,0.5558319091796875,-0.0144511107355356,-0.0363063439726829,-0.003491137875244,80.43511962890625,31.70606994628906,23.57846069335938
43193,0.479339599609375,-0.660400390625,0.560333251953125,-0.0085093323141336,-0.025971146300435,-0.0073090456426143,80.46781921386719,31.71290588378906,23.58001708984375
43194,0.4784088134765625,-0.6623687744140625,0.5634002685546875,-0.0079130502417683,-0.0105471834540367,-0.0122406873852014,80.49066162109375,31.74864196777344,23.60673522949219
43195,0.475006103515625,-0.6683349609375,0.5614013671875,-0.0129456259310245,-0.0034011229872703,-0.0121016697958111,80.49519348144531,31.6326904296875,23.49366760253906
43196,0.469970703125,-0.6766510009765625,0.55743408203125,-0.0108071072027087,0.0003145193331874,-0.0191595796495676,80.47392272949219,31.60284423828125,23.53302001953125
43197,0.47369384765625,-0.689849853515625,0.555328369140625,-0.0144764110445976,-0.0094648748636245,-0.0202530734241008,80.60552978515625,31.59635925292969,23.48173522949219
43198,0.4746856689453125,-0.6936187744140625,0.5558319091796875,-0.0169765874743461,-0.0116870161145925,-0.0176527630537748,80.5416259765625,31.68949890136719,23.47808837890625
43199,0.4788360595703125,-0.696685791015625,0.5631103515625,-0.0169765874743461,-0.0116870161145925,-0.0176527630537748,80.46873474121094,31.7261962890625,23.52841186523438
43200,0.476837158203125,-0.6989593505859375,0.56585693359375,-0.0005936186062172,0.0055175372399389,-0.0056578856892883,80.57835388183594,31.76611328125,23.42927551269531
43201,0.47296142578125,-0.6956939697265625,0.5650787353515625,-0.0005936186062172,0.0055175372399389,-0.0056578856892883,80.5758056640625,31.69142150878906,23.46064758300781
43202,0.47052001953125,-0.6923370361328125,0.56414794921875,0.0148519165813922,0.0156098520383238,-0.004120975267142,80.553955078125,31.74711608886719,23.41313171386719
43203,0.473602294921875,-0.6898651123046875,0.5624237060546875,0.0185803417116403,0.017642643302679,-0.0016706009628251,80.59477233886719,31.75038146972656,23.36572265625
43204,0.482391357421875,-0.686981201171875,0.562042236328125,0.0134612135589122,0.0161486100405454,-0.0029001825023442,80.58415222167969,31.75198364257812,23.34774780273438
43205,0.4884185791015625,-0.6876983642578125,0.5612335205078125,0.0055833170190453,0.011083809658885,-0.0038666436448693,80.60557556152344,31.71090698242188,23.53172302246094
43206,0.493377685546875,-0.689727783203125,0.5639495849609375,-0.0069433934986591,0.0013108078856021,-0.0074235615320503,80.64936828613281,31.69636535644531,23.60333251953125
43207,0.49786376953125,-0.6968841552734375,0.5666046142578125,-0.0209444295614957,-0.0067061060108244,-0.0099466405808925,80.57475280761719,31.58778381347656,23.47669982910156
43208,0.500274658203125,-0.699249267578125,0.562286376953125,-0.0273144450038671,0.0004846953088417,0.0031212246976792,80.59492492675781,31.6212158203125,23.36079406738281
43209,0.48944091796875,-0.696014404296875,0.5587310791015625,-0.0273144450038671,0.0004846953088417,0.0031212246976792,80.54145812988281,31.7132568359375,23.32568359375
43210,0.47637939453125,-0.6962127685546875,0.55987548828125,-0.0163390263915062,0.0092126727104187,0.0102217448875308,80.47114562988281,31.72874450683594,23.38728332519531
43211,0.46795654296875,-0.700592041015625,0.56304931640625,-0.0157307591289281,0.0133088808506727,0.011943744495511,80.50242614746094,31.79568481445312,23.26634216308594
43212,0.4644775390625,-0.6981658935546875,0.561492919921875,-0.0189217589795589,0.0102217448875308,0.0107208210974931,80.4332275390625,31.76031494140625,23.38494873046875
43213,0.4676055908203125,-0.6941375732421875,0.561553955078125,-0.0189217589795589,0.0102217448875308,0.0107208210974931,80.42008972167969,31.57455444335938,23.60575866699219
43214,0.4765472412109375,-0.6877593994140625,0.5602874755859375,-0.0195446722209453,0.0038679752033203,0.0097924433648586,80.5328369140625,31.586669921875,23.66841125488281
43215,0.480712890625,-0.6833648681640625,0.5568695068359375,-0.016539828851819,-0.0001507349224993,0.0081532672047615,80.52638244628906,31.57490539550781,23.51388549804688
43216,0.4862060546875,-0.6854400634765625,0.5552978515625,-0.016539828851819,-0.0001507349224993,0.0081532672047615,80.47349548339844,31.63275146484375,23.31959533691406
43217,0.480926513671875,-0.6892547607421875,0.55596923828125,-0.0096648782491683,-0.0010032127611339,0.0124694528058171,80.462890625,31.61036682128906,23.38172912597656
43218,0.476898193359375,-0.6852569580078125,0.5590972900390625,-0.0067423246800899,-0.0018085526535287,0.0162340980023145,80.4189453125,31.58750915527344,23.25119018554688
43219,0.474578857421875,-0.6888580322265625,0.5615997314453125,-0.0043433494865894,-0.008354602381587,0.0147320739924907,80.54078674316406,31.59133911132812,23.34451293945312
43220,0.46923828125,-0.693145751953125,0.565521240234375,-0.0007773766992613,-0.0016495619202032,0.0169941633939743,80.49064636230469,31.501220703125,23.3895263671875
43221,0.46466064453125,-0.6969451904296875,0.5633392333984375,0.0072467275895178,0.0101186800748109,0.0220528375357389,80.52706909179688,31.52780151367188,23.48844909667969
43222,0.4617462158203125,-0.696258544921875,0.557098388671875,0.0183510445058345,0.0095764612779021,0.0259519722312688,80.56462097167969,31.3330078125,23.57205200195312
43223,0.468597412109375,-0.69305419921875,0.5537567138671875,0.0256260018795728,0.0025379925500601,0.0259250737726688,80.52743530273438,31.46133422851562,23.47288513183594
43224,0.472564697265625,-0.687591552734375,0.5535736083984375,0.0150750894099474,-0.0143935866653919,0.0029957899823784,80.48167419433594,31.51956176757812,23.32537841796875
43225,0.477142333984375,-0.6900482177734375,0.5494537353515625,0.0150750894099474,-0.0143935866653919,0.0029957899823784,80.4884033203125,31.48919677734375,23.35670471191406
43226,0.483367919921875,-0.6937103271484375,0.5479278564453125,0.0004905542591586,-0.0259924512356519,-0.0025891251862049,80.48776245117188,31.48960876464844,23.31144714355469
43227,0.491851806640625,-0.6968231201171875,0.5514068603515625,-0.0202336329966783,-0.0406001582741737,-0.0047239148989319,80.42509460449219,31.60444641113281,23.33572387695312
43228,0.4925384521484375,-0.694610595703125,0.5529937744140625,-0.0313392803072929,-0.0525284558534622,-0.00453722756356,80.43708801269531,31.62379455566406,23.45660400390625
43229,0.4881134033203125,-0.69635009765625,0.5534820556640625,-0.0330146737396717,-0.0446044839918613,-0.0045963497832417,80.52290344238281,31.47207641601562,23.435302734375
43230,0.4838714599609375,-0.693389892578125,0.5509185791015625,-0.0330146737396717,-0.0446044839918613,-0.0045963497832417,80.60134887695312,31.44830322265625,23.51759338378906
43231,0.4762420654296875,-0.69171142578125,0.547393798828125,-0.0294252671301364,-0.0459837354719638,-0.0107565075159072,80.58082580566406,31.47463989257812,23.24691772460938
43232,0.4718170166015625,-0.693359375,0.5478668212890625,-0.0232312865555286,-0.0443552136421203,-0.0161400884389877,80.55787658691406,31.478515625,23.11875915527344
43233,0.4720306396484375,-0.6957244873046875,0.549835205078125,-0.0188035145401954,-0.04550676420331,-0.0145001132041215,80.5045166015625,31.41970825195312,23.17597961425781
43234,0.4721832275390625,-0.6991424560546875,0.5540924072265625,-0.0140790669247508,-0.0466244928538799,-0.0167845729738473,80.51797485351562,31.34429931640625,23.22898864746094
43235,0.4736480712890625,-0.69482421875,0.5580291748046875,-0.0120806312188506,-0.051094077527523,-0.0192080494016408,80.50439453125,31.36318969726562,23.2698974609375
43236,0.474365234375,-0.6943511962890625,0.5565948486328125,-0.0146899968385696,-0.0517119318246841,-0.0111722266301512,80.57861328125,31.37094116210938,23.36386108398438
43237,0.4684906005859375,-0.695037841796875,0.5532073974609375,-0.0048331045545637,-0.0638945624232292,0.0023699470330029,80.64802551269531,31.33380126953125,23.79136657714844
43238,0.4684906005859375,-0.695037841796875,0.5532073974609375,-0.0048331045545637,-0.0638945624232292,0.0023699470330029,80.64802551269531,31.33380126953125,23.79136657714844
43239,0.468414306640625,-0.6851806640625,0.5537567138671875,0.0094454335048794,-0.0568465031683445,-0.0041617220267653,80.62767028808594,31.42378234863281,23.64408874511719
43240,0.477325439453125,-0.688507080078125,0.555389404296875,0.0220512393862009,-0.040799893438816,-0.0194546580314636,80.71882629394531,31.40623474121094,23.42550659179688
43241,0.475555419921875,-0.6880950927734375,0.5536346435546875,0.0079332906752824,-0.0273368153721094,-0.0240004081279039,80.71095275878906,31.42106628417969,23.42953491210938
43242,0.475555419921875,-0.6880950927734375,0.5536346435546875,0.0079332906752824,-0.0273368153721094,-0.0240004081279039,80.71095275878906,31.42106628417969,23.42953491210938
43243,0.474395751953125,-0.68792724609375,0.5529937744140625,-0.0235841553658247,-0.0141054326668381,-0.0143104959279298,80.66017150878906,31.34808349609375,23.35946655273438
43244,0.4724578857421875,-0.69085693359375,0.5492401123046875,-0.0235841553658247,-0.0141054326668381,-0.0143104959279298,80.66645812988281,31.52146911621094,23.28851318359375
43245,0.47479248046875,-0.69146728515625,0.554107666015625,-0.0473818965256214,-0.0193534586578607,-0.0006695187184959,80.66387939453125,31.48670959472656,23.21133422851562
43246,0.47479248046875,-0.69146728515625,0.554107666015625,-0.0473818965256214,-0.0193534586578607,-0.0006695187184959,80.66387939453125,31.48670959472656,23.21133422851562
43247,0.4757537841796875,-0.6909637451171875,0.552276611328125,-0.0473818965256214,-0.0193534586578607,-0.0006695187184959,80.63935852050781,31.43190002441406,23.08705139160156
43248,0.4828338623046875,-0.689300537109375,0.5561676025390625,-0.0469105169177055,-0.0233817547559738,0.0020961740519851,80.73799133300781,31.47445678710938,23.12033081054688
43249,0.477294921875,-0.6948089599609375,0.5538482666015625,-0.0512733086943626,-0.029178125783801,0.0058163437061011,80.84136962890625,31.13873291015625,23.99224853515625
43250,0.477294921875,-0.6948089599609375,0.5538482666015625,-0.0512733086943626,-0.029178125783801,0.0058163437061011,80.84136962890625,31.13873291015625,23.99224853515625
43251,0.482330322265625,-0.700592041015625,0.5568084716796875,-0.0599285811185836,-0.0314599201083183,0.0047092675231397,80.83587646484375,31.10762023925781,23.98263549804688
43252,0.4881744384765625,-0.71319580078125,0.5564117431640625,-0.0788660496473312,-0.0285104699432849,0.0130617395043373,80.82781982421875,31.16697692871094,23.91612243652344
43253,0.48663330078125,-0.7238922119140625,0.5509185791015625,-0.0950221195816993,-0.0334346555173397,0.0359734483063221,80.9337158203125,31.02517700195312,24.12744140625
43254,0.4815521240234375,-0.7364959716796875,0.5518341064453125,-0.0988863632082939,-0.0370632112026214,0.0663015246391296,80.95291137695312,30.99235534667969,24.25906372070312
43255,0.4783782958984375,-0.7284088134765625,0.552642822265625,-0.0684983655810356,-0.0336248055100441,0.1131886094808578,80.90577697753906,31.05516052246094,24.30284118652344
43256,0.4663543701171875,-0.6964111328125,0.542327880859375,-0.0441339053213596,-0.0304148979485034,0.1144405603408813,80.87319946289062,30.96592712402344,23.87124633789062
43257,0.46624755859375,-0.683197021484375,0.5429534912109375,-0.0241860300302505,-0.0264523793011903,0.0969142988324165,80.873046875,31.0238037109375,23.50042724609375
43258,0.46624755859375,-0.683197021484375,0.5429534912109375,-0.0241860300302505,-0.0264523793011903,0.0969142988324165,80.873046875,31.0238037109375,23.50042724609375
43259,0.46929931640625,-0.678466796875,0.54150390625,-0.006835535634309,-0.0167483538389205,0.075962409377098,80.87751770019531,31.03639221191406,23.2105712890625
43260,0.482421875,-0.697174072265625,0.5210418701171875,0.0144239468500018,-0.0095660742372274,0.0368610769510269,80.77452087402344,30.86502075195312,23.20414733886719
43261,0.482421875,-0.697174072265625,0.5210418701171875,0.0144239468500018,-0.0095660742372274,0.0368610769510269,80.77452087402344,30.86502075195312,23.20414733886719
43262,0.48516845703125,-0.7037811279296875,0.5155181884765625,0.084929272532463,-0.0234323553740978,0.0110680973157286,80.80441284179688,30.85061645507812,23.08912658691406
43263,0.486083984375,-0.6974029541015625,0.5081329345703125,0.0703758969902992,-0.0286018177866935,0.0141203459352254,80.74534606933594,30.86701965332031,23.00393676757812
43264,0.4883880615234375,-0.69549560546875,0.5174713134765625,0.0703758969902992,-0.0286018177866935,0.0141203459352254,80.69111633300781,30.8897705078125,22.91360473632812
43265,0.4895782470703125,-0.689453125,0.5621490478515625,0.0551729723811149,-0.0024407871533185,0.0119168469682335,80.67390441894531,31.00822448730469,22.88200378417969
43266,0.4895782470703125,-0.689453125,0.5621490478515625,0.0551729723811149,-0.0024407871533185,0.0119168469682335,80.67390441894531,31.00822448730469,22.88200378417969
43267,0.4847564697265625,-0.69451904296875,0.56524658203125,0.0638841763138771,0.0233061220496892,0.0109429284930229,80.716064453125,31.09140014648438,22.7637939453125
43268,0.4799041748046875,-0.700225830078125,0.5550537109375,0.0638841763138771,0.0233061220496892,0.0109429284930229,80.6517333984375,31.14286804199219,22.59962463378906
43269,0.4809417724609375,-0.7012939453125,0.538330078125,0.0555285066366195,0.0203974172472953,0.0147872017696499,80.71853637695312,31.07698059082031,22.7235107421875
43270,0.479248046875,-0.6997528076171875,0.52471923828125,0.0651750117540359,-0.011806858703494,0.0376557670533657,80.75251770019531,31.20146179199219,22.66596984863281
43271,0.479248046875,-0.6997528076171875,0.52471923828125,0.0651750117540359,-0.011806858703494,0.0376557670533657,80.75251770019531,31.20146179199219,22.66596984863281
43272,0.4698638916015625,-0.6822662353515625,0.525970458984375,0.0887961834669113,-0.0080422135069966,0.0193598493933677,80.74949645996094,31.06619262695312,22.80424499511719
43273,0.4639892578125,-0.68994140625,0.526214599609375,0.0947129279375076,-0.005453088786453,0.0066427225247025,80.76887512207031,31.08476257324219,22.86651611328125
43274,0.4601593017578125,-0.709625244140625,0.5274810791015625,0.097359575331211,-0.0135038243606686,0.0093194656074047,80.75700378417969,31.11276245117188,22.9468994140625
43275,0.459320068359375,-0.7238311767578125,0.538116455078125,0.0931640341877937,-0.010350908152759,0.0042160502634942,80.78788757324219,31.23152160644531,22.68983459472656
43276,0.4673309326171875,-0.7196197509765625,0.55682373046875,0.0909291058778762,0.0023198795970529,0.0034980620257556,80.78840637207031,31.21400451660156,22.7769775390625
43277,0.475860595703125,-0.705596923828125,0.569366455078125,0.0739322826266288,0.0071569788269698,0.008045676164329,80.871337890625,31.23300170898438,22.78114318847656
43278,0.48162841796875,-0.688507080078125,0.562286376953125,0.0356906205415725,-0.0063801351934671,0.0049156625755131,80.7198486328125,31.21478271484375,22.50604248046875
43279,0.48162841796875,-0.688507080078125,0.562286376953125,0.0356906205415725,-0.0063801351934671,0.0049156625755131,80.7198486328125,31.21478271484375,22.50604248046875
43280,0.4841156005859375,-0.703857421875,0.5596466064453125,0.0572142861783504,-0.017479658126831,0.0021694109309464,80.70947265625,31.12014770507812,22.44509887695312
43281,0.4704437255859375,-0.705780029296875,0.5531463623046875,0.0283786449581384,-0.0206067413091659,0.0170112084597349,80.77330017089844,31.1260986328125,22.59689331054688
43282,0.4678497314453125,-0.6990966796875,0.5532073974609375,0.0540573745965957,0.0057625477202236,0.0013997574569657,80.6712646484375,31.13124084472656,22.51594543457031
43283,0.476531982421875,-0.72003173828125,0.5646209716796875,0.055256862193346,0.0129906330257654,0.0126425586640834,80.72294616699219,31.104248046875,22.47749328613281
43284,0.4755096435546875,-0.7292022705078125,0.56719970703125,0.055256862193346,0.0129906330257654,0.0126425586640834,80.74195861816406,31.12840270996094,22.34835815429688
43285,0.466217041015625,-0.706298828125,0.551055908203125,0.0486133433878421,0.0326080098748207,0.0164660587906837,80.85635375976562,31.07461547851562,22.67051696777344
43286,0.466217041015625,-0.706298828125,0.551055908203125,0.0486133433878421,0.0326080098748207,0.0164660587906837,80.85635375976562,31.07461547851562,22.67051696777344
43287,0.4738922119140625,-0.7053375244140625,0.5472259521484375,0.0451110191643238,0.0337936505675315,0.0175739340484142,80.95602416992188,31.23544311523438,22.66319274902344
43288,0.47320556640625,-0.7036590576171875,0.5401611328125,0.0288052819669246,0.0025177525822073,0.0219420511275529,80.92648315429688,31.35379028320312,22.50241088867188
43289,0.4675140380859375,-0.69927978515625,0.529632568359375,0.0302393957972526,-0.0102566322311759,0.0136649459600448,80.90716552734375,31.47601318359375,22.50222778320312
43290,0.4659271240234375,-0.6905975341796875,0.531280517578125,0.0353148467838764,-0.025186313316226,0.0113799534738063,80.80477905273438,31.57740783691406,22.62632751464844
43291,0.4666748046875,-0.6844329833984375,0.5346527099609375,0.0321709848940372,-0.0330484956502914,0.0037590519059449,80.88833618164062,31.65919494628906,22.57574462890625
43292,0.46844482421875,-0.68402099609375,0.542022705078125,0.02330825291574,-0.0272342842072248,-0.0009515474666841,80.94570922851562,31.7353515625,22.6376953125
43293,0.4722900390625,-0.695556640625,0.551177978515625,-0.0007984156836755,-0.0173472985625267,0.01713477820158,81.01734924316406,31.75296020507812,22.80915832519531
43294,0.4722900390625,-0.695556640625,0.551177978515625,-0.0007984156836755,-0.0173472985625267,0.01713477820158,81.01734924316406,31.75296020507812,22.80915832519531
43295,0.4786529541015625,-0.7005462646484375,0.5524139404296875,-0.0007984156836755,-0.0173472985625267,0.01713477820158,80.94612121582031,31.91067504882812,22.71438598632812
43296,0.476776123046875,-0.7032928466796875,0.548858642578125,-0.0088872350752353,-0.0069370018318295,0.0173046886920929,80.991455078125,31.89756774902344,22.79374694824219
43297,0.474609375,-0.7003173828125,0.54296875,-0.0088872350752353,-0.0069370018318295,0.0173046886920929,80.93161010742188,31.94438171386719,22.79017639160156
43298,0.4744415283203125,-0.69866943359375,0.5440673828125,-0.001563541823998,-0.0098220044746994,0.0142106274142861,80.90177917480469,32.05177307128906,22.83154296875
43299,0.470977783203125,-0.6914520263671875,0.55902099609375,0.011576228775084,0.004611796233803,0.0071340757422149,80.89462280273438,32.15522766113281,22.82168579101562
43300,0.47900390625,-0.708587646484375,0.5366668701171875,-0.0034879420418292,-0.0184455867856741,0.0132162030786275,80.83152770996094,32.11293029785156,22.79495239257812
43301,0.4671478271484375,-0.6873626708984375,0.5627899169921875,0.011511780321598,-0.0117599871009588,0.0030125677585601,80.84107971191406,32.03814697265625,22.9803466796875
43302,0.4744110107421875,-0.693939208984375,0.5655517578125,0.0497055053710937,0.0004058657505083,0.0066176890395581,80.91654968261719,32.01455688476562,22.99366760253906
43303,0.469757080078125,-0.698822021484375,0.57232666015625,0.0404704622924327,-0.0110174976289272,0.0267855413258075,80.96768188476562,31.99420166015625,22.87895202636719
43304,0.47503662109375,-0.700439453125,0.5834197998046875,0.0404704622924327,-0.0110174976289272,0.0267855413258075,80.89251708984375,31.90579223632812,22.87442016601562
43305,0.47314453125,-0.69744873046875,0.5841064453125,0.0224608350545167,-0.0186924617737531,0.0324466228485107,80.82237243652344,32.07684326171875,23.00546264648438
43306,0.458526611328125,-0.6817169189453125,0.5768890380859375,0.0184660926461219,0.0052331113256514,0.0065867961384356,80.87435913085938,32.00675964355469,22.97511291503906
43307,0.458526611328125,-0.6817169189453125,0.5768890380859375,0.0184660926461219,0.0052331113256514,0.0065867961384356,80.87435913085938,32.00675964355469,22.97511291503906
43308,0.4534149169921875,-0.6854095458984375,0.565826416015625,0.0226190257817506,0.0176471713930368,-0.0005720470217056,80.80349731445312,32.00558471679688,22.98136901855469
43309,0.4560394287109375,-0.6963958740234375,0.5556182861328125,0.031977105885744,0.0238675158470869,-0.0030162963084876,80.84394836425781,31.89891052246094,22.96089172363281
43310,0.460174560546875,-0.704864501953125,0.5462188720703125,0.033979270607233,0.015180816873908,0.0070270169526338,80.90104675292969,31.86399841308594,23.1334228515625
43311,0.466949462890625,-0.7021026611328125,0.5370330810546875,0.024449948221445,0.0088837724179029,0.0179414507001638,80.88700866699219,31.97404479980469,23.10966491699219
43312,0.4751434326171875,-0.692840576171875,0.53509521484375,0.0237290319055318,-0.0069335396401584,0.021449364721775,80.7763671875,32.07284545898438,22.97897338867188
43313,0.4785614013671875,-0.685791015625,0.5382232666015625,0.0246150642633438,-0.01608975417912,0.0197231043130159,80.80078125,32.00398254394531,23.04808044433594
43314,0.482330322265625,-0.6825714111328125,0.545135498046875,0.034787543118,-0.0138444425538182,0.0053241914138197,80.82110595703125,31.95130920410156,23.00723266601562
43315,0.48614501953125,-0.6906280517578125,0.5572662353515625,0.0366421677172184,-0.0075790900737047,-0.0089325085282325,80.82496643066406,32.01370239257812,22.94316101074219
43316,0.4848175048828125,-0.706268310546875,0.5626068115234375,0.0181459803134203,-0.0071172979660332,-0.0041305627673864,80.91404724121094,31.96652221679688,22.91026306152344
43317,0.4639739990234375,-0.707061767578125,0.56427001953125,-0.018598984926939,-0.0040698428638279,0.0200719777494669,81.06182861328125,31.8486328125,22.89944458007812
43318,0.4639739990234375,-0.707061767578125,0.56427001953125,-0.018598984926939,-0.0040698428638279,0.0200719777494669,81.06182861328125,31.8486328125,22.89944458007812
43319,0.4558258056640625,-0.699554443359375,0.5653533935546875,-0.014658304862678,-0.0046490803360939,0.0215721372514963,81.03871154785156,31.9107666015625,22.82093811035156
43320,0.45855712890625,-0.7002716064453125,0.5695037841796875,-0.0166396964341402,-0.004407531581819,0.0219668168574571,80.93418884277344,31.8070068359375,22.71986389160156
43321,0.45648193359375,-0.7005462646484375,0.5660400390625,-0.0187949929386377,-0.0098265316337347,0.0315664485096931,80.94850158691406,31.886962890625,22.59698486328125
43322,0.4630584716796875,-0.6969146728515625,0.5699462890625,-0.0014247911749407,-0.0031598405912518,0.0381284765899181,81.06489562988281,31.84255981445312,22.42744445800781
43323,0.4630584716796875,-0.6969146728515625,0.5699462890625,-0.0014247911749407,-0.0031598405912518,0.0381284765899181,81.06489562988281,31.84255981445312,22.42744445800781
43324,0.4696044921875,-0.6973114013671875,0.5584259033203125,-0.009882990270853,-0.0099016325548291,0.0388749614357948,81.04701232910156,31.80288696289062,22.44038391113281
43325,0.4696044921875,-0.6973114013671875,0.5584259033203125,-0.009882990270853,-0.0099016325548291,0.0388749614357948,81.04701232910156,31.80288696289062,22.44038391113281
43326,0.470489501953125,-0.699432373046875,0.5533599853515625,-0.0158069264143705,-0.0154183711856603,0.0425623729825019,81.08738708496094,31.86573791503906,22.3323974609375
43327,0.4636077880859375,-0.6993255615234375,0.55413818359375,0.003590473672375,0.0012783173006027,0.035797145217657,81.08901977539062,31.82292175292969,22.34773254394531
43328,0.46234130859375,-0.697967529296875,0.5486907958984375,0.0243657939136028,0.0223513785749673,0.0346226915717124,81.16163635253906,31.904541015625,22.4320068359375
43329,0.4581451416015625,-0.6977691650390625,0.5327301025390625,0.0322210527956485,0.0205188579857349,0.0339462496340274,81.07548522949219,31.90959167480469,22.48765563964844
43330,0.4569244384765625,-0.7093505859375,0.5334625244140625,0.0291967671364545,0.0023326626978814,0.0345963276922702,81.01141357421875,31.94606018066406,22.74554443359375
43331,0.4569244384765625,-0.7093505859375,0.5334625244140625,0.0291967671364545,0.0023326626978814,0.0345963276922702,81.01141357421875,31.94606018066406,22.74554443359375
43332,0.4626312255859375,-0.7081451416015625,0.5295867919921875,-0.000858603103552,-0.0061971759423613,0.0383929274976253,81.02151489257812,32.06497192382812,22.86015319824219
43333,0.4663543701171875,-0.699493408203125,0.537445068359375,0.0009499495499767,-0.0010194580536335,0.0381548404693603,80.95628356933594,32.09324645996094,22.96357727050781
43334,0.470977783203125,-0.690948486328125,0.5517730712890625,-0.0325393006205558,0.0012005530297756,0.0455672182142734,80.91069030761719,31.920654296875,23.43881225585938
43335,0.470977783203125,-0.690948486328125,0.5517730712890625,-0.0325393006205558,0.0012005530297756,0.0455672182142734,80.91069030761719,31.920654296875,23.43881225585938
43336,0.4692535400390625,-0.6858673095703125,0.564666748046875,-0.0298439152538776,-0.0055047539062798,0.062373362481594,80.84175109863281,31.88410949707031,23.5462646484375
43337,0.466552734375,-0.679290771484375,0.5782318115234375,-0.0174863152205944,-0.0072603095322847,0.0552872233092784,80.800537109375,31.954345703125,23.65982055664062
43338,0.4688262939453125,-0.6752777099609375,0.5887298583984375,-0.0195065904408693,-0.004063184838742,0.0400318391621112,80.76445007324219,31.8572998046875,23.79661560058594
43339,0.4659576416015625,-0.6756439208984375,0.595977783203125,-0.0389932058751583,0.0013701963471248,0.0239711124449968,80.77973937988281,31.86067199707031,23.57057189941406
43340,0.459503173828125,-0.67926025390625,0.593780517578125,-0.0471462085843086,0.0025784724857658,0.0155653776600956,80.74264526367188,31.98663330078125,23.39476013183594
43341,0.4536895751953125,-0.6941375732421875,0.5846405029296875,-0.055102664977312,-0.0005661880713887,0.0166077390313148,80.70693969726562,32.17196655273438,23.45744323730469
43342,0.4536895751953125,-0.6941375732421875,0.5846405029296875,-0.055102664977312,-0.0005661880713887,0.0166077390313148,80.70693969726562,32.17196655273438,23.45744323730469
43343,0.4603729248046875,-0.692108154296875,0.5809783935546875,-0.055102664977312,-0.0005661880713887,0.0166077390313148,80.7349853515625,32.11685180664062,23.46987915039062
43344,0.465850830078125,-0.691864013671875,0.57916259765625,-0.0446793213486671,0.013636982999742,0.0139594916254282,80.71556091308594,32.15129089355469,23.32566833496094
43345,0.4652252197265625,-0.7085723876953125,0.5699310302734375,-0.0110025834292173,0.0071087758988142,0.00454495055601,81.00993347167969,32.26087951660156,23.26382446289062
43346,0.4652252197265625,-0.7085723876953125,0.5699310302734375,-0.0110025834292173,0.0071087758988142,0.00454495055601,81.00993347167969,32.26087951660156,23.26382446289062
43347,0.4754180908203125,-0.70343017578125,0.569854736328125,-0.0005715143634006,0.0102268047630786,-0.009198292158544,81.17637634277344,32.41694641113281,23.17481994628906
43348,0.47882080078125,-0.70880126953125,0.5680084228515625,-0.0033798178192228,0.0190605092793703,-0.0094443680718541,81.377685546875,32.70907592773438,23.02606201171875
43349,0.4078216552734375,-0.3689422607421875,0.8931427001953125,-0.0301693547517061,0.1176579222083092,-0.0203811712563037,81.97451782226562,33.18656921386719,22.66777038574219
43350,0.6175079345703125,-0.8201904296875,0.3323822021484375,-0.4708098471164703,-0.3082568943500519,-1.941428184509277,84.12762451171875,34.67955017089844,20.10348510742188
43351,0.6175079345703125,-0.8201904296875,0.3323822021484375,-0.4708098471164703,-0.3082568943500519,-1.941428184509277,84.12762451171875,34.67955017089844,20.10348510742188
43352,0.9094085693359376,-0.6974945068359375,0.434661865234375,-1.287774205207825,0.3421714603900909,-0.6568303108215332,85.2850341796875,35.69717407226562,17.86250305175781
43353,0.571044921875,-0.8758544921875,0.3574066162109375,0.2321690618991852,0.034066092222929,-0.5326119661331177,86.15670776367188,37.26106262207031,16.42762756347656
43354,0.308135986328125,-0.9205169677734376,0.219329833984375,0.5848773121833801,-0.4329026937484741,0.3040706813335419,87.20372009277344,40.08438110351562,15.73283386230469
43355,0.308135986328125,-0.9205169677734376,0.219329833984375,0.5848773121833801,-0.4329026937484741,0.3040706813335419,87.20372009277344,40.08438110351562,15.73283386230469
43356,0.4691009521484375,-0.56689453125,0.4540252685546875,0.5976762175559998,-0.4841922521591187,0.3621315956115723,87.17213439941406,40.2200927734375,15.71302795410156
43357,0.553253173828125,-0.6572113037109375,0.693084716796875,0.3777875006198883,-0.1581904292106628,0.3392611443996429,86.89501953125,39.78433227539062,15.51483154296875
43358,0.408355712890625,-0.7231292724609375,0.7274932861328125,-0.0785099864006042,-0.0248930994421243,0.5380781292915344,86.11155700683594,38.192626953125,14.90505981445312
43359,0.408355712890625,-0.7231292724609375,0.7274932861328125,-0.0785099864006042,-0.0248930994421243,0.5380781292915344,86.11155700683594,38.192626953125,14.90505981445312
43360,0.3812408447265625,-0.634765625,0.683990478515625,0.0705388784408569,0.1654036045074463,0.4088202714920044,85.89337158203125,37.63052368164062,15.25563049316406
43361,0.372894287109375,-0.5550537109375,0.5633087158203125,0.1149545460939407,0.2380727529525757,0.1918525248765945,85.40460205078125,36.8702392578125,16.50086975097656
43362,0.372894287109375,-0.5550537109375,0.5633087158203125,0.1149545460939407,0.2380727529525757,0.1918525248765945,85.40460205078125,36.8702392578125,16.50086975097656
43363,0.4228973388671875,-0.6189727783203125,0.5459747314453125,-0.0122603941708803,0.1631239354610443,0.0229165013879537,85.08956909179688,36.39816284179688,16.81796264648438
43364,0.499298095703125,-0.6938018798828125,0.540313720703125,-0.0122603941708803,0.1631239354610443,0.0229165013879537,84.65579223632812,36.07974243164062,17.23777770996094
43365,0.52337646484375,-0.7258758544921875,0.5390625,-0.1050350740551949,0.0962903201580047,0.0565362460911274,84.25640869140625,35.80671691894531,17.81741333007812
43366,0.5355377197265625,-0.732696533203125,0.5396728515625,-0.2518711090087891,-0.0258206780999898,0.1684888750314713,83.56814575195312,35.04917907714844,18.74295043945312
43367,0.5355377197265625,-0.732696533203125,0.5396728515625,-0.2518711090087891,-0.0258206780999898,0.1684888750314713,83.56814575195312,35.04917907714844,18.74295043945312
43368,0.541229248046875,-0.7285919189453125,0.551605224609375,-0.2831909656524658,-0.0491347908973693,0.2318995445966721,83.21261596679688,34.57778930664062,19.04391479492188
43369,0.541900634765625,-0.708343505859375,0.5591583251953125,-0.3295728266239166,0.0292790587991476,0.2972244918346405,82.57041931152344,33.636474609375,19.59526062011719
43370,0.541900634765625,-0.708343505859375,0.5591583251953125,-0.3295728266239166,0.0292790587991476,0.2972244918346405,82.57041931152344,33.636474609375,19.59526062011719
43371,0.51336669921875,-0.7026214599609375,0.5565032958984375,-0.325282484292984,0.0630689784884452,0.3307701945304871,82.27830505371094,33.1966552734375,19.88909912109375
43372,0.490509033203125,-0.70556640625,0.56787109375,-0.3254369497299194,0.0834850370883941,0.3680123686790466,82.08802795410156,32.78790283203125,20.14830017089844
43373,0.4586181640625,-0.738555908203125,0.61456298828125,-0.3356017172336578,0.1550012975931168,0.438515305519104,81.55270385742188,32.04066467285156,20.63078308105469
43374,0.4586181640625,-0.738555908203125,0.61456298828125,-0.3356017172336578,0.1550012975931168,0.438515305519104,81.55270385742188,32.04066467285156,20.63078308105469
43375,0.4383392333984375,-0.76361083984375,0.6142578125,-0.3356017172336578,0.1550012975931168,0.438515305519104,81.2960205078125,31.70002746582031,20.80880737304688
43376,0.4197235107421875,-0.7806854248046875,0.601715087890625,-0.3270292580127716,0.1568649858236313,0.4549230337142944,81.04214477539062,31.32559204101562,21.0538330078125
43377,0.4214324951171875,-0.78155517578125,0.58966064453125,-0.2854719460010529,0.1543613374233246,0.4726623594760895,80.82939147949219,30.92254638671875,21.25897216796875
43378,0.4068450927734375,-0.734344482421875,0.5626373291015625,-0.149365246295929,0.128530815243721,0.5542192459106445,80.35581970214844,30.21853637695312,21.61526489257812
43379,0.4068450927734375,-0.734344482421875,0.5626373291015625,-0.149365246295929,0.128530815243721,0.5542192459106445,80.35581970214844,30.21853637695312,21.61526489257812
43380,0.3761749267578125,-0.672088623046875,0.5408935546875,-0.0817233547568321,0.1080242022871971,0.5443269610404968,80.19029235839844,29.86968994140625,21.714111328125
43381,0.3322906494140625,-0.62738037109375,0.5160369873046875,-0.0266222897917032,0.041382860392332,0.3366033136844635,79.79324340820312,29.16566467285156,22.33132934570312
43382,0.3322906494140625,-0.62738037109375,0.5160369873046875,-0.0266222897917032,0.041382860392332,0.3366033136844635,79.79324340820312,29.16566467285156,22.33132934570312
43383,0.3464813232421875,-0.6500091552734375,0.5101165771484375,-0.0178248025476932,0.0208767857402563,0.2260416597127914,79.69186401367188,29.04974365234375,22.45669555664062
43384,0.371368408203125,-0.6715087890625,0.514495849609375,-0.0054735951125621,-0.0112542519345879,0.1147486865520477,79.46023559570312,28.868408203125,22.54562377929688
43385,0.3845062255859375,-0.7020111083984375,0.53363037109375,0.0041883531957864,-0.0110739562660455,0.0960309281945228,79.3441162109375,28.68154907226562,22.67767333984375
43386,0.383941650390625,-0.6977691650390625,0.5483856201171875,0.0391897484660148,-0.0344208255410194,0.0700523182749748,79.2747802734375,28.5926513671875,22.98164367675781
43387,0.381439208984375,-0.683990478515625,0.548858642578125,0.0519928932189941,-0.0466018579900264,0.0442050099372863,79.27931213378906,28.42152404785156,23.22372436523438
43388,0.394012451171875,-0.7031097412109375,0.5413970947265625,0.0498237498104572,-0.0416531711816787,0.0375021025538444,79.23240661621094,28.36732482910156,23.1920166015625
43389,0.4274749755859375,-0.74835205078125,0.530181884765625,0.0316348895430564,-0.0190083123743534,0.0254779290407896,79.13343811035156,28.20045471191406,23.49630737304688
43390,0.4274749755859375,-0.74835205078125,0.530181884765625,0.0316348895430564,-0.0190083123743534,0.0254779290407896,79.13343811035156,28.20045471191406,23.49630737304688
43391,0.423919677734375,-0.7483978271484375,0.5188140869140625,0.0138516332954168,-0.0050373692065477,0.0187385343015193,79.09803771972656,28.21223449707031,23.44233703613281
43392,0.418670654296875,-0.7430877685546875,0.513702392578125,0.0117589216679334,0.0053902380168437,-0.0008857673965394,79.05235290527344,28.25062561035156,23.2818603515625
43393,0.39788818359375,-0.743988037109375,0.50543212890625,-0.0223252791911363,-0.0164317041635513,-0.0534475110471248,78.82418823242188,28.19236755371094,23.06568908691406
43394,0.39788818359375,-0.743988037109375,0.50543212890625,-0.0223252791911363,-0.0164317041635513,-0.0534475110471248,78.82418823242188,28.19236755371094,23.06568908691406
43395,0.389862060546875,-0.761383056640625,0.49041748046875,-0.0223252791911363,-0.0164317041635513,-0.0534475110471248,78.8057861328125,28.25947570800781,23.05140686035156
43396,0.3902130126953125,-0.7687835693359375,0.4799041748046875,-0.0652642250061035,-0.0526568181812763,-0.0272068530321121,78.82598876953125,28.15431213378906,23.10218811035156
43397,0.39654541015625,-0.764129638671875,0.4846343994140625,-0.0959241315722465,-0.0854161009192466,-0.0099671464413404,78.82017517089844,28.1253662109375,23.28834533691406
43398,0.407989501953125,-0.7498321533203125,0.4969024658203125,-0.1019311547279358,-0.0965081602334976,-0.0013693973887711,78.8553466796875,28.14701843261719,23.35934448242188
43399,0.41021728515625,-0.741546630859375,0.5036773681640625,-0.0775190293788909,-0.0844605565071106,-0.0113722300156951,78.71762084960938,28.04731750488281,23.20294189453125
43400,0.4011077880859375,-0.738525390625,0.50860595703125,-0.0273527950048446,-0.0824490711092948,-0.0201585311442613,78.66409301757812,28.06198120117188,23.16615295410156
43401,0.389617919921875,-0.7292327880859375,0.5162353515625,-0.0201478786766529,-0.0758897066116333,0.0004873584839515,78.75056457519531,27.91209411621094,23.37910461425781
43402,0.389617919921875,-0.7292327880859375,0.5162353515625,-0.0201478786766529,-0.0758897066116333,0.0004873584839515,78.75056457519531,27.91209411621094,23.37910461425781
43403,0.380523681640625,-0.737701416015625,0.501434326171875,-0.0191364102065563,-0.0846152827143669,0.0148335406556725,78.77346801757812,27.94773864746094,23.25257873535156
43404,0.3873748779296875,-0.757598876953125,0.494171142578125,-0.030759509652853,-0.0982964783906936,0.0210352446883916,78.72309875488281,27.96719360351562,23.09942626953125
43405,0.3978424072265625,-0.75140380859375,0.483795166015625,-0.0713974833488464,-0.1166424602270126,-0.0189838111400604,78.75634765625,27.89918518066406,23.09970092773438
43406,0.3978424072265625,-0.75140380859375,0.483795166015625,-0.0713974833488464,-0.1166424602270126,-0.0189838111400604,78.75634765625,27.89918518066406,23.09970092773438
43407,0.394012451171875,-0.743927001953125,0.482452392578125,-0.0947427526116371,-0.1016430035233498,-0.0400134623050689,78.80863952636719,27.91682434082031,23.10508728027344
43408,0.3824462890625,-0.752685546875,0.4907989501953125,-0.0947427526116371,-0.1016430035233498,-0.0400134623050689,78.90565490722656,27.89216613769531,23.00772094726562
43409,0.3569793701171875,-0.765106201171875,0.48785400390625,-0.0886896550655365,-0.1071120724081993,-0.0320588648319244,78.83082580566406,27.87594604492188,23.12034606933594
43410,0.343719482421875,-0.75701904296875,0.4912567138671875,-0.0279120579361915,-0.1351008266210556,-0.0309416707605123,78.86563110351562,27.8143310546875,23.0577392578125
43411,0.35369873046875,-0.744842529296875,0.4855194091796875,-0.0564574152231216,-0.1521874070167542,0.0070493873208761,78.89997863769531,27.85137939453125,22.96731567382812
43412,0.38433837890625,-0.7458038330078125,0.492218017578125,-0.0564574152231216,-0.1521874070167542,0.0070493873208761,78.88717651367188,27.86712646484375,22.86463928222656
43413,0.413330078125,-0.752349853515625,0.518890380859375,-0.1355176120996475,-0.1315130144357681,0.0383407324552536,78.97819519042969,27.77133178710938,22.91415405273438
43414,0.4296875,-0.763916015625,0.5306243896484375,-0.1910037696361542,-0.1134732961654663,0.0501161627471447,79.0648193359375,27.73956298828125,22.85772705078125
43415,0.4320068359375,-0.76458740234375,0.532379150390625,-0.222869023680687,-0.1071243211627007,0.0778409987688064,79.12342834472656,27.52183532714844,22.78643798828125
43416,0.412078857421875,-0.782623291015625,0.5424346923828125,-0.2437788397073746,-0.0878907069563865,0.1216657161712646,79.13916015625,27.55850219726562,22.58451843261719
43417,0.382080078125,-0.8047637939453125,0.545013427734375,-0.2173701375722885,-0.0657920613884925,0.1860244572162628,79.13987731933594,27.484619140625,22.50361633300781
43418,0.365631103515625,-0.8058624267578125,0.5396575927734375,-0.158718541264534,-0.0722246617078781,0.2498769462108612,79.14176940917969,27.467041015625,22.44041442871094
43419,0.3732452392578125,-0.7820892333984375,0.5543365478515625,-0.0255900491029024,-0.0080549968406558,0.2183275371789932,79.11784362792969,27.28741455078125,22.41807556152344
43420,0.408935546875,-0.78277587890625,0.5349884033203125,0.0336599573493003,0.0299688186496496,0.1567201018333435,79.02297973632812,26.98912048339844,22.27597045898438
43421,0.4346466064453125,-0.8169708251953125,0.513885498046875,0.0774907991290092,0.0572084300220012,0.1015434041619301,78.93687438964844,26.81321716308594,22.37004089355469
43422,0.4346466064453125,-0.8169708251953125,0.513885498046875,0.0774907991290092,0.0572084300220012,0.1015434041619301,78.93687438964844,26.81321716308594,22.37004089355469
43423,0.4461212158203125,-0.8438720703125,0.5037384033203125,0.1336206495761871,0.0734750181436538,0.0802090838551521,78.91085815429688,26.82627868652344,22.18077087402344
43424,0.4396209716796875,-0.8691253662109375,0.5062103271484375,0.1780786514282227,0.0832384303212165,0.0896380096673965,78.81875610351562,26.90409851074219,22.14105224609375
43425,0.4218292236328125,-0.8779449462890625,0.5149078369140625,0.2277593910694122,0.0272318869829177,0.1726162433624268,78.7301025390625,26.93641662597656,22.27891540527344
43426,0.4218292236328125,-0.8779449462890625,0.5149078369140625,0.2277593910694122,0.0272318869829177,0.1726162433624268,78.7301025390625,26.93641662597656,22.27891540527344
43427,0.4323883056640625,-0.874053955078125,0.5076446533203125,0.2320151180028915,0.0168953593820333,0.2006241828203201,78.68873596191406,26.9066162109375,22.20967102050781
43428,0.4373321533203125,-0.869873046875,0.499481201171875,0.2320151180028915,0.0168953593820333,0.2006241828203201,78.7008056640625,26.89323425292969,22.37847900390625
43429,0.43426513671875,-0.8482666015625,0.486968994140625,0.2569886445999146,0.017536649480462,0.1930653303861618,78.63601684570312,26.94332885742188,22.523193359375
43430,0.44091796875,-0.8358612060546875,0.485687255859375,0.3030983507633209,0.0010338390711694,0.154009535908699,78.63487243652344,26.84111022949219,22.67341613769531
43431,0.454315185546875,-0.83538818359375,0.4990692138671875,0.3346680104732513,-0.016376044601202,0.0997316539287567,78.52961730957031,26.82574462890625,22.74784851074219
43432,0.456512451171875,-0.8375091552734375,0.5088653564453125,0.3263658583164215,-0.0009028115891851,0.0625917389988899,78.44688415527344,26.94683837890625,22.65873718261719
43433,0.38055419921875,-0.827667236328125,0.489776611328125,0.1315268725156784,-0.019864784553647,0.0614364631474018,78.29156494140625,27.16447448730469,22.90853881835938
43434,0.38055419921875,-0.827667236328125,0.489776611328125,0.1315268725156784,-0.019864784553647,0.0614364631474018,78.29156494140625,27.16447448730469,22.90853881835938
43435,0.38055419921875,-0.827667236328125,0.489776611328125,0.1315268725156784,-0.019864784553647,0.0614364631474018,78.29156494140625,27.16447448730469,22.90853881835938
43436,0.3640594482421875,-0.805938720703125,0.4820556640625,0.0185603685677051,-0.0838869139552116,0.0647758021950721,78.29551696777344,27.14395141601562,22.99453735351562
43437,0.35101318359375,-0.7834930419921875,0.47381591796875,0.0185603685677051,-0.0838869139552116,0.0647758021950721,78.3653564453125,27.20274353027344,23.16007995605469
43438,0.3398590087890625,-0.771453857421875,0.466461181640625,0.0160719100385904,-0.1177372857928276,0.0828341618180275,78.43159484863281,27.17877197265625,23.35626220703125
43439,0.3343505859375,-0.7532501220703125,0.4650726318359375,0.0389244966208934,-0.1519221514463425,0.1080947816371918,78.43484497070312,27.18397521972656,23.28630065917969
43440,0.3499603271484375,-0.7383575439453125,0.473846435546875,0.0624324865639209,-0.1735020130872726,0.1181868240237236,78.39126586914062,27.21090698242188,23.10740661621094
43441,0.4131927490234375,-0.7261810302734375,0.53326416015625,0.032545693218708,-0.129560649394989,0.0819475948810577,78.39935302734375,27.13438415527344,22.90623474121094
43442,0.4131927490234375,-0.7261810302734375,0.53326416015625,0.032545693218708,-0.129560649394989,0.0819475948810577,78.39935302734375,27.13438415527344,22.90623474121094
43443,0.4273681640625,-0.734161376953125,0.55230712890625,0.0023121563717722,-0.1154299229383469,0.0922247320413589,78.43922424316406,27.1773681640625,22.82551574707031
43444,0.4295806884765625,-0.73236083984375,0.547515869140625,0.0023121563717722,-0.1154299229383469,0.0922247320413589,78.44100952148438,27.14295959472656,22.864501953125
43445,0.42425537109375,-0.72344970703125,0.528594970703125,0.0095271924510598,-0.0681715980172157,0.1013156995177269,78.52311706542969,27.08221435546875,23.01295471191406
43446,0.42425537109375,-0.72344970703125,0.528594970703125,0.0095271924510598,-0.0681715980172157,0.1013156995177269,78.52311706542969,27.08221435546875,23.01295471191406
43447,0.4164581298828125,-0.7177276611328125,0.5056304931640625,0.0248089432716369,-0.0602787882089614,0.109868973493576,78.41441345214844,27.08283996582031,22.88885498046875
43448,0.414306640625,-0.70513916015625,0.4877166748046875,0.0470639131963253,-0.0665771588683128,0.10711420327425,78.43841552734375,27.1087646484375,22.68058776855469
43449,0.418487548828125,-0.6998748779296875,0.4773101806640625,0.0671702474355697,-0.0717658028006553,0.0898081809282302,78.33909606933594,27.04963684082031,22.71096801757812
43450,0.3982391357421875,-0.719390869140625,0.4667816162109375,0.0813105702400207,-0.0742039233446121,0.0266678296029567,78.46836853027344,26.92282104492188,22.43011474609375
43451,0.3982391357421875,-0.719390869140625,0.4667816162109375,0.0813105702400207,-0.0742039233446121,0.0266678296029567,78.46836853027344,26.92282104492188,22.43011474609375
43452,0.3933868408203125,-0.742462158203125,0.4710235595703125,0.0723879113793373,-0.0729897916316986,0.0052285841666162,78.5078125,26.91787719726562,22.42753601074219
43453,0.3943023681640625,-0.7608489990234375,0.4730377197265625,0.0536001101136207,-0.0724150761961937,-0.0115959355607628,78.43576049804688,26.91421508789062,22.5712890625
43454,0.3864288330078125,-0.7761077880859375,0.474578857421875,0.0246744528412818,-0.0842301920056343,-0.0158221069723367,78.46455383300781,26.96751403808594,22.62657165527344
43455,0.379425048828125,-0.799224853515625,0.4843902587890625,0.0246744528412818,-0.0842301920056343,-0.0158221069723367,78.39463806152344,26.96926879882812,22.48072814941406
43456,0.3878936767578125,-0.8162994384765625,0.500762939453125,0.0248960293829441,-0.0967771410942077,-0.0001669802004471,78.42620849609375,26.93998718261719,22.41889953613281
43457,0.4085693359375,-0.822998046875,0.52801513671875,0.0119490707293152,-0.099500760436058,0.0065907910466194,78.51690673828125,27.04824829101562,22.58352661132812
43458,0.4085693359375,-0.822998046875,0.52801513671875,0.0119490707293152,-0.099500760436058,0.0065907910466194,78.51690673828125,27.04824829101562,22.58352661132812
43459,0.414947509765625,-0.820343017578125,0.5287628173828125,-0.0170080121606588,-0.0853963866829872,0.0135933067649602,78.46697998046875,27.19854736328125,22.59919738769531
43460,0.4165802001953125,-0.8096771240234375,0.5246124267578125,-0.0188365373760461,-0.081120952963829,0.0291291233152151,78.471923828125,27.19413757324219,22.64218139648438
43461,0.4127044677734375,-0.792266845703125,0.52703857421875,0.0020082897972315,-0.0617059729993343,0.0230837482959032,78.6041259765625,27.18595886230469,22.37287902832031
43462,0.4127044677734375,-0.792266845703125,0.52703857421875,0.0020082897972315,-0.0617059729993343,0.0230837482959032,78.6041259765625,27.18595886230469,22.37287902832031
43463,0.406829833984375,-0.7908172607421875,0.519195556640625,0.0063601611182093,-0.0632756426930427,0.0214235335588455,78.60243225097656,27.15019226074219,22.40252685546875
43464,0.39990234375,-0.7924957275390625,0.5170440673828125,0.0078515317291021,-0.065747857093811,0.0200227107852697,78.56791687011719,27.05030822753906,22.36129760742188
43465,0.3902740478515625,-0.8014984130859375,0.538848876953125,-0.01839498616755,-0.0931387320160865,0.0640841796994209,78.65028381347656,27.08235168457031,22.32882690429688
43466,0.3902740478515625,-0.8014984130859375,0.538848876953125,-0.01839498616755,-0.0931387320160865,0.0640841796994209,78.65028381347656,27.08235168457031,22.32882690429688
43467,0.382720947265625,-0.7864990234375,0.547698974609375,-0.0097927097231149,-0.0974855422973632,0.0831854343414306,78.60702514648438,27.00152587890625,22.22442626953125
43468,0.36993408203125,-0.7722320556640625,0.5462493896484375,-0.0005581985460594,-0.1117510348558426,0.1001636162400246,78.56222534179688,26.90837097167969,22.24559020996094
43469,0.362945556640625,-0.7575836181640625,0.5432281494140625,0.0082219773903489,-0.1129137650132179,0.1015423387289047,78.61393737792969,26.79203796386719,22.45205688476562
43470,0.364898681640625,-0.7482757568359375,0.5383453369140625,0.0128446919843554,-0.1113880425691605,0.0904358923435211,78.6044921875,26.82058715820312,22.4237060546875
43471,0.3696441650390625,-0.749755859375,0.53424072265625,0.0124561367556452,-0.1083139553666115,0.0865953490138053,78.6942138671875,26.82002258300781,22.27890014648438
43472,0.37860107421875,-0.7551116943359375,0.526519775390625,0.0124561367556452,-0.1083139553666115,0.0865953490138053,78.7232666015625,26.72639465332031,22.29217529296875
43473,0.4076690673828125,-0.738067626953125,0.5319366455078125,0.0171896386891603,-0.0961206704378128,0.1091049164533615,78.79460144042969,26.81752014160156,22.14924621582031
43474,0.4076690673828125,-0.738067626953125,0.5319366455078125,0.0171896386891603,-0.0961206704378128,0.1091049164533615,78.79460144042969,26.81752014160156,22.14924621582031
43475,0.4190673828125,-0.7212982177734375,0.554351806640625,0.0334804616868495,-0.0725301280617713,0.1087288782000542,78.82966613769531,26.684326171875,22.09747314453125
43476,0.4211578369140625,-0.7103729248046875,0.5653228759765625,0.071782574057579,-0.0306015852838754,0.1026190519332886,78.82920837402344,26.6719970703125,22.07345581054688
43477,0.40008544921875,-0.7357025146484375,0.538421630859375,0.0630607232451438,0.0022011026740074,0.0381681583821773,78.71774291992188,26.61811828613281,22.2542724609375
43478,0.40008544921875,-0.7357025146484375,0.538421630859375,0.0630607232451438,0.0022011026740074,0.0381681583821773,78.71774291992188,26.61811828613281,22.2542724609375
43479,0.389190673828125,-0.7438201904296875,0.522247314453125,0.0469062551856041,-0.0038799594622105,0.0248608756810426,78.76072692871094,26.660888671875,22.216796875
43480,0.3747711181640625,-0.7482452392578125,0.505950927734375,0.0403269156813621,-0.0131136709824204,0.0138590903952717,78.71737670898438,26.72923278808594,22.19929504394531
43481,0.3607177734375,-0.7473297119140625,0.489776611328125,0.0409090816974639,-0.0213881134986877,0.0039476035162806,78.76593017578125,26.69076538085938,22.14793395996094
43482,0.3641204833984375,-0.7529754638671875,0.4882965087890625,0.0384869389235973,-0.0176772642880678,-0.0196338891983032,78.67462158203125,26.65093994140625,22.06758117675781
43483,0.3774871826171875,-0.7601470947265625,0.4953460693359375,0.0352093875408172,-0.0143184857442975,-0.0258465111255645,78.6839599609375,26.65017700195312,22.26422119140625
43484,0.3898468017578125,-0.76055908203125,0.50506591796875,0.0155680403113365,0.0053691989742219,-0.0060203419998288,78.65351867675781,26.69355773925781,22.30293273925781
43485,0.386260986328125,-0.7517547607421875,0.5203857421875,-0.010373012162745,0.0005099953268654,0.0549002662301063,78.73741149902344,26.75489807128906,22.28109741210938
43486,0.386260986328125,-0.7517547607421875,0.5203857421875,-0.010373012162745,0.0005099953268654,0.0549002662301063,78.73741149902344,26.75489807128906,22.28109741210938
43487,0.37249755859375,-0.7557220458984375,0.515472412109375,-0.010373012162745,0.0005099953268654,0.0549002662301063,78.76243591308594,26.68910217285156,22.15554809570312
43488,0.3613433837890625,-0.760009765625,0.5141448974609375,-0.0360432229936122,-0.0014921691035851,0.0503284186124801,78.64781188964844,26.661865234375,22.2291259765625
43489,0.3379058837890625,-0.772857666015625,0.493682861328125,-0.0816234871745109,-0.0624948032200336,0.0199500061571598,78.60931396484375,26.70211791992188,22.41682434082031
43490,0.3379058837890625,-0.772857666015625,0.493682861328125,-0.0816234871745109,-0.0624948032200336,0.0199500061571598,78.60931396484375,26.70211791992188,22.41682434082031
43491,0.323333740234375,-0.7677001953125,0.4881439208984375,-0.0816234871745109,-0.0624948032200336,0.0199500061571598,78.52047729492188,26.71490478515625,22.281005859375
43492,0.319091796875,-0.7772064208984375,0.4913177490234375,-0.0705069229006767,-0.1102812364697456,0.0256462413817644,78.63232421875,26.67410278320312,22.29902648925781
43493,0.3449249267578125,-0.7418975830078125,0.53631591796875,-0.1158831939101219,-0.1451262980699539,0.0459057055413723,78.71638488769531,26.53190612792969,22.23350524902344
43494,0.3449249267578125,-0.7418975830078125,0.53631591796875,-0.1158831939101219,-0.1451262980699539,0.0459057055413723,78.71638488769531,26.53190612792969,22.23350524902344
43495,0.3539581298828125,-0.7605743408203125,0.555633544921875,-0.1158831939101219,-0.1451262980699539,0.0459057055413723,78.70510864257812,26.53219604492188,22.07305908203125
43496,0.320098876953125,-0.8149871826171875,0.5479888916015625,-0.0508538596332073,-0.1260090619325638,0.0189454611390829,78.71076965332031,26.46267700195312,22.05607604980469
43497,0.2663421630859375,-0.8443756103515625,0.5319366455078125,-0.0101069621741771,-0.1385741233825684,-0.0018090853700414,78.76763916015625,26.34405517578125,22.09234619140625
43498,0.194732666015625,-0.844879150390625,0.5121307373046875,-0.0652059018611908,-0.1372305601835251,0.0277184471487999,78.8033447265625,26.43965148925781,22.05070495605469
43499,0.1731719970703125,-0.8862152099609375,0.5052947998046875,-0.129411518573761,-0.1773529499769211,0.0651510432362556,78.77096557617188,26.36065673828125,22.06459045410156
43500,0.3117828369140625,-0.895233154296875,0.588470458984375,-0.0803829878568649,-0.2788779735565186,0.0010689928894862,78.92434692382812,26.37423706054688,21.9478759765625
43501,0.5087127685546875,-0.694732666015625,0.615325927734375,-0.1824472993612289,-0.2087249755859375,0.1234673410654068,79.01802062988281,26.06803894042969,21.87202453613281
43502,0.5087127685546875,-0.694732666015625,0.615325927734375,-0.1824472993612289,-0.2087249755859375,0.1234673410654068,79.01802062988281,26.06803894042969,21.87202453613281
43503,0.5177764892578125,-0.7008514404296875,0.542938232421875,-0.2012436240911484,-0.1252149045467377,0.2658567130565643,79.09114074707031,25.94012451171875,21.93568420410156
43504,0.52227783203125,-0.7022857666015625,0.5083465576171875,-0.1441537141799927,-0.0245282463729381,0.3260129988193512,79.15519714355469,25.81585693359375,21.87197875976562
43505,0.5595245361328125,-0.679901123046875,0.495941162109375,0.1418333053588867,0.2224842011928558,0.3384100198745728,79.22686767578125,25.57589721679688,21.72064208984375
43506,0.5595245361328125,-0.679901123046875,0.495941162109375,0.1418333053588867,0.2224842011928558,0.3384100198745728,79.22686767578125,25.57589721679688,21.72064208984375
43507,0.562042236328125,-0.6768646240234375,0.5244903564453125,0.1418333053588867,0.2224842011928558,0.3384100198745728,79.10707092285156,25.53507995605469,21.6837158203125
43508,0.5494537353515625,-0.6613311767578125,0.5341644287109375,0.2114288955926895,0.3128250241279602,0.3415067195892334,78.94187927246094,25.46186828613281,21.75973510742188
43509,0.483154296875,-0.7028350830078125,0.506256103515625,0.3011595606803894,0.4521903693675995,0.2048524767160416,78.65255737304688,25.23916625976562,22.12019348144531
43510,0.483154296875,-0.7028350830078125,0.506256103515625,0.3011595606803894,0.4521903693675995,0.2048524767160416,78.65255737304688,25.23916625976562,22.12019348144531
43511,0.417633056640625,-0.7662506103515625,0.4545135498046875,0.2921226620674133,0.4341133534908295,0.1474421769380569,78.394287109375,25.3441162109375,22.04153442382812
43512,0.3563079833984375,-0.818145751953125,0.430694580078125,0.2216716706752777,0.3776980340480804,0.1163002476096153,78.21257019042969,25.46688842773438,22.18472290039062
43513,0.2920684814453125,-0.8347320556640625,0.4473114013671875,0.074969582259655,0.2264105081558228,0.0563711300492286,77.92036437988281,25.60792541503906,22.46142578125
43514,0.30230712890625,-0.813018798828125,0.454864501953125,0.0345941968262195,0.1320959776639938,0.0722052231431007,77.865478515625,25.57023620605469,22.62416076660156
43515,0.30230712890625,-0.813018798828125,0.454864501953125,0.0345941968262195,0.1320959776639938,0.0722052231431007,77.865478515625,25.57023620605469,22.62416076660156
43516,0.3048248291015625,-0.8313751220703125,0.5045166015625,0.0550054609775543,0.0671622604131698,0.034510038793087,77.80819702148438,25.60694885253906,22.93603515625
43517,0.3472900390625,-0.88775634765625,0.5526885986328125,0.0894569084048271,-0.0308700315654277,0.0130907678976655,77.63192749023438,25.54460144042969,22.93081665039062
43518,0.3472900390625,-0.88775634765625,0.5526885986328125,0.0894569084048271,-0.0308700315654277,0.0130907678976655,77.63192749023438,25.54460144042969,22.93081665039062
43519,0.3590545654296875,-0.88739013671875,0.5740509033203125,0.0685135498642921,-0.0430537275969982,0.0447578839957714,77.62504577636719,25.62466430664062,22.9390869140625
43520,0.3500213623046875,-0.859527587890625,0.573974609375,0.0489728674292564,-0.0444747880101203,0.0819579809904098,77.69476318359375,25.67755126953125,22.84579467773438
43521,0.3277740478515625,-0.79400634765625,0.5479583740234375,0.0205643977969884,-0.1171897426247597,0.1260295659303665,77.68486022949219,25.58918762207031,23.00801086425781
43522,0.3277740478515625,-0.79400634765625,0.5479583740234375,0.0205643977969884,-0.1171897426247597,0.1260295659303665,77.68486022949219,25.58918762207031,23.00801086425781
43523,0.329345703125,-0.7601776123046875,0.5489654541015625,0.0256188102066516,-0.1549576222896576,0.1186651289463043,77.67655944824219,25.61642456054688,22.906494140625
43524,0.352508544921875,-0.7415313720703125,0.557861328125,0.0479723177850246,-0.1593901962041855,0.1112290546298027,77.69497680664062,25.62631225585938,22.78225708007812
43525,0.3802032470703125,-0.730560302734375,0.5547637939453125,0.0684565529227256,-0.145680770277977,0.0973281487822532,77.67202758789062,25.66014099121094,22.70344543457031
43526,0.3925323486328125,-0.754608154296875,0.51043701171875,0.0373106189072132,-0.1015724316239357,0.0907554700970649,77.71022033691406,25.50320434570312,22.6424560546875
43527,0.3925323486328125,-0.754608154296875,0.51043701171875,0.0373106189072132,-0.1015724316239357,0.0907554700970649,77.71022033691406,25.50320434570312,22.6424560546875
43528,0.3765106201171875,-0.7553558349609375,0.4706878662109375,0.0042570629157125,-0.0899381414055824,0.1030177250504494,77.795654296875,25.50581359863281,22.63442993164062
43529,0.3369598388671875,-0.7469482421875,0.4295654296875,0.0164356976747512,-0.1341878920793533,0.0849015712738037,77.78147888183594,25.57855224609375,22.60804748535156
43530,0.3369598388671875,-0.7469482421875,0.4295654296875,0.0164356976747512,-0.1341878920793533,0.0849015712738037,77.78147888183594,25.57855224609375,22.60804748535156
43531,0.330169677734375,-0.7367095947265625,0.4307098388671875,0.0541716255247592,-0.1574724465608597,0.0366227254271507,77.74223327636719,25.62022399902344,22.62907409667969
43532,0.33367919921875,-0.7306671142578125,0.4378204345703125,0.0541716255247592,-0.1574724465608597,0.0366227254271507,77.69981384277344,25.5692138671875,22.64569091796875
43533,0.344268798828125,-0.79571533203125,0.4584808349609375,0.086218774318695,-0.1921020597219467,-0.0122337630018591,77.83926391601562,25.45738220214844,22.52145385742188
43534,0.3552398681640625,-0.8163299560546875,0.4761199951171875,0.0919869169592857,-0.1969271749258041,-0.0011089402250945,77.93681335449219,25.46971130371094,22.4864501953125
43535,0.3552398681640625,-0.8163299560546875,0.4761199951171875,0.0919869169592857,-0.1969271749258041,-0.0011089402250945,77.93681335449219,25.46971130371094,22.4864501953125
43536,0.3585357666015625,-0.822662353515625,0.489837646484375,0.1186669915914536,-0.1832561045885086,0.0360086001455783,77.95191955566406,25.53292846679688,22.58270263671875
43537,0.3700408935546875,-0.7882232666015625,0.525787353515625,0.1289523839950562,-0.1622003614902496,0.0274547934532165,78.11180114746094,25.46900939941406,22.7392578125
43538,0.3700408935546875,-0.7882232666015625,0.525787353515625,0.1289523839950562,-0.1622003614902496,0.0274547934532165,78.11180114746094,25.46900939941406,22.7392578125
43539,0.376800537109375,-0.7823944091796875,0.53973388671875,0.1183841675519943,-0.1308546811342239,0.0174394436180591,78.16389465332031,25.44306945800781,22.61898803710938
43540,0.3757781982421875,-0.7844390869140625,0.5453948974609375,0.0998395085334777,-0.1048656925559044,0.0112417358905077,78.21078491210938,25.50468444824219,22.53082275390625
43541,0.356842041015625,-0.8018951416015625,0.5391693115234375,0.0647414475679397,-0.0681076794862747,0.0359199158847332,78.1986083984375,25.50660705566406,22.30755615234375
43542,0.356842041015625,-0.8018951416015625,0.5391693115234375,0.0647414475679397,-0.0681076794862747,0.0359199158847332,78.1986083984375,25.50660705566406,22.30755615234375
43543,0.3394317626953125,-0.7891845703125,0.5370941162109375,0.0139009021222591,-0.0760678723454475,0.0379955843091011,78.19961547851562,25.59208679199219,22.26473999023438
43544,0.322662353515625,-0.8061981201171875,0.5386810302734375,0.0139009021222591,-0.0760678723454475,0.0379955843091011,78.18156433105469,25.62849426269531,22.22175598144531
43545,0.3178558349609375,-0.8076171875,0.5154876708984375,-0.0019923108629882,-0.0942471399903297,0.0347459949553012,78.27287292480469,25.6016845703125,22.16374206542969
43546,0.317626953125,-0.8111419677734375,0.5099029541015625,0.0062152855098247,-0.1061836928129196,0.0110156331211328,78.27662658691406,25.60789489746094,22.1617431640625
43547,0.340057373046875,-0.8230743408203125,0.516571044921875,0.0254656784236431,-0.1012525856494904,0.0006343649583868,78.25897216796875,25.50993347167969,22.0546875
43548,0.35394287109375,-0.827728271484375,0.5256195068359375,0.0532099567353725,-0.0902172476053237,0.0054674698039889,78.33137512207031,25.53544616699219,22.00349426269531
43549,0.3436431884765625,-0.859710693359375,0.5231475830078125,0.0879106819629669,-0.0579016506671905,0.0679122060537338,78.33917236328125,25.7349853515625,22.05429077148438
43550,0.3436431884765625,-0.859710693359375,0.5231475830078125,0.0879106819629669,-0.0579016506671905,0.0679122060537338,78.33917236328125,25.7349853515625,22.05429077148438
43551,0.3276214599609375,-0.8737640380859375,0.504791259765625,0.1383645385503769,-0.0585615821182727,0.0932668298482894,78.34156799316406,25.84841918945312,22.05271911621094
43552,0.2905426025390625,-0.90777587890625,0.469451904296875,0.1383645385503769,-0.0585615821182727,0.0932668298482894,78.32357788085938,25.84364318847656,22.13015747070312
43553,0.1222991943359375,-0.952911376953125,0.3105316162109375,0.3397905826568604,-0.1897251904010773,0.1470179408788681,78.43937683105469,25.8929443359375,22.00398254394531
43554,0.1222991943359375,-0.952911376953125,0.3105316162109375,0.3397905826568604,-0.1897251904010773,0.1470179408788681,78.43937683105469,25.8929443359375,22.00398254394531
43555,0.1756134033203125,-0.95623779296875,0.374053955078125,0.4713352918624878,-0.3811976909637451,0.078995481133461,78.31329345703125,25.86808776855469,21.99720764160156
43556,0.2537994384765625,-0.9145355224609376,0.4223480224609375,0.5557215809822083,-0.38326695561409,0.0669420138001442,78.34739685058594,25.99891662597656,22.08045959472656
43557,0.5359954833984375,-0.5396270751953125,0.6101531982421875,0.4288738667964935,-0.1305990219116211,0.2384429275989532,78.72158813476562,26.40736389160156,22.25157165527344
43558,0.5359954833984375,-0.5396270751953125,0.6101531982421875,0.4288738667964935,-0.1305990219116211,0.2384429275989532,78.72158813476562,26.40736389160156,22.25157165527344
43559,0.5359954833984375,-0.5396270751953125,0.6101531982421875,0.4288738667964935,-0.1305990219116211,0.2384429275989532,78.72158813476562,26.40736389160156,22.25157165527344
43560,0.4886932373046875,-0.5703277587890625,0.6610107421875,0.1787476390600204,-0.0574960485100746,0.3122250139713287,78.7640380859375,26.5943603515625,22.32553100585938
43561,0.402435302734375,-0.7959747314453125,0.7707061767578125,-0.1703879833221436,0.0316788330674171,0.2677938938140869,78.81388854980469,26.66473388671875,22.4718017578125
43562,0.402435302734375,-0.7959747314453125,0.7707061767578125,-0.1703879833221436,0.0316788330674171,0.2677938938140869,78.81388854980469,26.66473388671875,22.4718017578125
43563,0.3682708740234375,-0.875396728515625,0.8071746826171875,-0.1703879833221436,0.0316788330674171,0.2677938938140869,78.73464965820312,26.55424499511719,22.47756958007812
43564,0.375335693359375,-0.9024810791015624,0.88580322265625,-0.2853425145149231,0.0523047484457492,0.3344887793064117,78.72889709472656,26.51475524902344,22.34254455566406
43565,0.3878021240234375,-0.7995147705078125,0.8240509033203125,-0.4380670785903931,0.2227196246385574,0.4335176050662994,78.52998352050781,26.12376403808594,22.44393920898438
43566,0.3878021240234375,-0.7995147705078125,0.8240509033203125,-0.4380670785903931,0.2227196246385574,0.4335176050662994,78.52998352050781,26.12376403808594,22.44393920898438
43567,0.3546905517578125,-0.7193450927734375,0.662933349609375,-0.5231497883796692,0.1930922269821167,0.6054534316062927,78.49154663085938,25.97735595703125,22.42152404785156
43568,0.3720550537109375,-0.655792236328125,0.561676025390625,-0.5231497883796692,0.1930922269821167,0.6054534316062927,78.30224609375,25.73760986328125,22.31681823730469
43569,0.4995269775390625,-0.5311279296875,0.5298919677734375,-0.5078735947608948,0.2569993138313293,0.6910519599914551,77.97044372558594,25.14791870117188,22.30667114257812
43570,0.4995269775390625,-0.5311279296875,0.5298919677734375,-0.5078735947608948,0.2569993138313293,0.6910519599914551,77.97044372558594,25.14791870117188,22.30667114257812
43571,0.4904937744140625,-0.553863525390625,0.470428466796875,-0.2315275073051453,0.3906939923763275,0.4867704510688782,77.78981018066406,24.73397827148438,22.15802001953125
43572,0.3729705810546875,-0.635009765625,0.4639129638671875,-0.1288109719753265,0.4264695644378662,0.3523196876049042,77.46163940429688,24.06251525878906,22.48600769042969
43573,0.3115234375,-0.6638641357421875,0.4422149658203125,-0.1318837255239487,0.3638535737991333,0.1573009341955185,77.33287048339844,23.68513488769531,22.640625
43574,0.3115234375,-0.6638641357421875,0.4422149658203125,-0.1318837255239487,0.3638535737991333,0.1573009341955185,77.33287048339844,23.68513488769531,22.640625
43575,0.2539520263671875,-0.6791534423828125,0.4113922119140625,-0.1851035356521606,0.243055522441864,0.0939747020602226,77.09332275390625,23.69538879394531,22.51054382324219
43576,0.2277984619140625,-0.718414306640625,0.398101806640625,-0.1851035356521606,0.243055522441864,0.0939747020602226,76.82954406738281,23.65425109863281,22.38822937011719
43577,0.247589111328125,-0.7849273681640625,0.4308013916015625,-0.3453411459922791,0.0885924473404884,0.0715969577431678,76.5692138671875,23.48204040527344,22.43743896484375
43578,0.247589111328125,-0.7849273681640625,0.4308013916015625,-0.3453411459922791,0.0885924473404884,0.0715969577431678,76.5692138671875,23.48204040527344,22.43743896484375
43579,0.26214599609375,-0.7959747314453125,0.44049072265625,-0.3594452440738678,0.0654565021395683,0.063059389591217,76.51443481445312,23.37637329101562,22.46153259277344
43580,0.25543212890625,-0.8079986572265625,0.449615478515625,-0.3363892138004303,0.0455294027924537,0.0472436770796775,76.55276489257812,23.25044250488281,22.4283447265625
43581,0.2536773681640625,-0.8265228271484375,0.47894287109375,-0.2195470035076141,-0.0126489493995904,-0.0257208105176687,76.38995361328125,23.07904052734375,22.33673095703125
43582,0.2536773681640625,-0.8265228271484375,0.47894287109375,-0.2195470035076141,-0.0126489493995904,-0.0257208105176687,76.38995361328125,23.07904052734375,22.33673095703125
43583,0.2894744873046875,-0.87432861328125,0.5068359375,-0.1047671586275101,-0.0527516268193721,-0.0395612567663192,76.41072082519531,22.94351196289062,22.126220703125
43584,0.2894744873046875,-0.87432861328125,0.5068359375,-0.1047671586275101,-0.0527516268193721,-0.0395612567663192,76.41072082519531,22.94351196289062,22.126220703125
43585,0.3018035888671875,-0.8837738037109375,0.5186004638671875,-0.0520722568035125,-0.0044831652194261,-0.0014431669842451,76.42811584472656,22.91658020019531,22.07418823242188
43586,0.3018035888671875,-0.8837738037109375,0.5186004638671875,-0.0520722568035125,-0.0044831652194261,-0.0014431669842451,76.42811584472656,22.91658020019531,22.07418823242188
43587,0.26702880859375,-0.87396240234375,0.488250732421875,-0.0520722568035125,-0.0044831652194261,-0.0014431669842451,76.46246337890625,22.89250183105469,21.95277404785156
43588,0.22344970703125,-0.8657379150390625,0.4613189697265625,-0.0627368837594986,-0.0210781209170818,-0.0057087522000074,76.51303100585938,22.8350830078125,21.84051513671875
43589,0.215362548828125,-0.8499298095703125,0.4506072998046875,0.0132715972140431,-0.1347538232803345,-0.0226637665182352,76.56202697753906,22.72373962402344,21.84962463378906
43590,0.215362548828125,-0.8499298095703125,0.4506072998046875,0.0132715972140431,-0.1347538232803345,-0.0226637665182352,76.56202697753906,22.72373962402344,21.84962463378906
43591,0.2509307861328125,-0.8233795166015625,0.460845947265625,0.0132715972140431,-0.1347538232803345,-0.0226637665182352,76.60395812988281,22.83732604980469,21.74989318847656
43592,0.2851409912109375,-0.7990264892578125,0.4579925537109375,0.0437951497733593,-0.1320307403802872,-0.0322876311838626,76.60203552246094,22.81329345703125,21.68174743652344
43593,0.3013916015625,-0.800537109375,0.45404052734375,0.0747357532382011,-0.104846253991127,-0.0915783867239952,76.7979736328125,22.87002563476562,21.51091003417969
43594,0.300384521484375,-0.8176422119140625,0.451873779296875,0.0934196934103965,-0.1031317114830017,-0.1192534267902374,76.89797973632812,22.95048522949219,21.48985290527344
43595,0.300384521484375,-0.8176422119140625,0.451873779296875,0.0934196934103965,-0.1031317114830017,-0.1192534267902374,76.89797973632812,22.95048522949219,21.48985290527344
43596,0.3020477294921875,-0.831634521484375,0.4552154541015625,0.125879630446434,-0.1042347922921181,-0.1207003220915794,76.97808837890625,23.05686950683594,21.36984252929688
43597,0.28997802734375,-0.8493804931640625,0.47186279296875,0.1515738070011139,-0.1090838760137558,-0.1237792000174522,77.09674072265625,23.16737365722656,21.399169921875
43598,0.28997802734375,-0.8493804931640625,0.47186279296875,0.1515738070011139,-0.1090838760137558,-0.1237792000174522,77.09674072265625,23.16737365722656,21.399169921875
43599,0.28533935546875,-0.8470458984375,0.48590087890625,0.1378630548715591,-0.1126599684357643,-0.1188116073608398,77.22921752929688,23.28813171386719,21.347900390625
43600,0.2986297607421875,-0.849945068359375,0.500457763671875,0.1173282265663147,-0.0997268632054328,-0.1250686943531036,77.33961486816406,23.45132446289062,21.30435180664062
43601,0.30255126953125,-0.8527374267578125,0.510345458984375,0.1272770017385483,-0.0776239559054374,-0.078478030860424,77.519775390625,23.64501953125,21.1844482421875
43602,0.30255126953125,-0.8527374267578125,0.510345458984375,0.1272770017385483,-0.0776239559054374,-0.078478030860424,77.519775390625,23.64501953125,21.1844482421875
43603,0.2937469482421875,-0.841552734375,0.5126190185546875,0.1578463613986969,-0.0858592465519905,-0.0560504868626594,77.61683654785156,23.728271484375,21.06838989257812
43604,0.2958526611328125,-0.834503173828125,0.5194091796875,0.1844470798969269,-0.0753213837742805,-0.0576385296881198,77.75408935546875,23.95899963378906,20.99021911621094
43605,0.2982330322265625,-0.8465423583984375,0.52435302734375,0.2558706700801849,-0.0169922988861799,-0.0700549855828285,78.04815673828125,23.98448181152344,21.279541015625
43606,0.2982330322265625,-0.8465423583984375,0.52435302734375,0.2558706700801849,-0.0169922988861799,-0.0700549855828285,78.04815673828125,23.98448181152344,21.279541015625
43607,0.3036041259765625,-0.8609161376953125,0.5240631103515625,0.2680104076862335,-0.0105911251157522,-0.073484867811203,78.10197448730469,24.20452880859375,21.27981567382812
43608,0.3165283203125,-0.89019775390625,0.5255584716796875,0.2680104076862335,-0.0105911251157522,-0.073484867811203,78.05633544921875,24.51310729980469,20.99684143066406
43609,0.3153228759765625,-0.8867950439453125,0.5118865966796875,0.2329893112182617,-0.0121903531253337,-0.0287389699369669,78.30616760253906,25.11798095703125,21.19725036621094
43610,0.3153228759765625,-0.8867950439453125,0.5118865966796875,0.2329893112182617,-0.0121903531253337,-0.0287389699369669,78.30616760253906,25.11798095703125,21.19725036621094
43611,0.3030548095703125,-0.872039794921875,0.517486572265625,0.2421402037143707,-0.0198967419564724,-0.0058589545078575,78.34849548339844,25.25968933105469,21.26930236816406
43612,0.2923431396484375,-0.8581695556640625,0.5316925048828125,0.269537478685379,-0.0182642247527837,-0.0212397743016481,78.3319091796875,25.40176391601562,21.45242309570312
43613,0.27508544921875,-0.8526153564453125,0.56005859375,0.2589559257030487,-0.0419495813548564,-0.0527593530714511,78.33564758300781,25.74797058105469,21.79586791992188
43614,0.27508544921875,-0.8526153564453125,0.56005859375,0.2589559257030487,-0.0419495813548564,-0.0527593530714511,78.33564758300781,25.74797058105469,21.79586791992188
43615,0.2791290283203125,-0.853729248046875,0.5705413818359375,0.1532089859247208,-0.0797353088855743,-0.0676653310656547,78.32713317871094,25.81761169433594,21.82627868652344
43616,0.3011932373046875,-0.850830078125,0.5703887939453125,0.1532089859247208,-0.0797353088855743,-0.0676653310656547,78.16806030273438,26.07411193847656,22.1090087890625
43617,0.341766357421875,-0.8248291015625,0.5742645263671875,0.1066811755299568,-0.0648487731814384,-0.0063356603495776,77.92457580566406,26.32667541503906,22.37898254394531
43618,0.341766357421875,-0.8248291015625,0.5742645263671875,0.1066811755299568,-0.0648487731814384,-0.0063356603495776,77.92457580566406,26.32667541503906,22.37898254394531
43619,0.3385162353515625,-0.7996826171875,0.5464324951171875,0.1579792499542236,-0.03323944658041,0.0092225270345807,77.89430236816406,26.22267150878906,22.68411254882812
43620,0.335662841796875,-0.7900543212890625,0.5427703857421875,0.187018096446991,-0.0044602621346712,0.015476694330573,77.90582275390625,26.23619079589844,22.80616760253906
43621,0.3305511474609375,-0.7801971435546875,0.53765869140625,0.2022716104984283,0.0134598826989531,0.0241234451532363,77.74958801269531,26.25868225097656,22.97309875488281
43622,0.3256988525390625,-0.771240234375,0.534454345703125,0.1869219541549683,0.0224927924573421,0.019857594743371,77.67880249023438,26.23348999023438,22.9830322265625
43623,0.3256988525390625,-0.771240234375,0.534454345703125,0.1869219541549683,0.0224927924573421,0.019857594743371,77.67880249023438,26.23348999023438,22.9830322265625
43624,0.3274688720703125,-0.75958251953125,0.531005859375,0.1496137231588364,0.0259437169879674,0.0108768828213214,77.66105651855469,26.17691040039062,23.02427673339844
43625,0.3108673095703125,-0.73388671875,0.496795654296875,0.0558890998363494,0.017133180052042,-0.000883636821527,77.57099914550781,26.28785705566406,23.20393371582031
43626,0.3108673095703125,-0.73388671875,0.496795654296875,0.0558890998363494,0.017133180052042,-0.000883636821527,77.57099914550781,26.28785705566406,23.20393371582031
43627,0.2883758544921875,-0.7271575927734375,0.479339599609375,0.057513628154993,-0.0095588844269514,-0.0019811254460364,77.57269287109375,26.35543823242188,23.118408203125
43628,0.270355224609375,-0.72607421875,0.4696197509765625,0.0732262730598449,-0.0503659695386886,-0.0147576406598091,77.52593994140625,26.40858459472656,23.11567687988281
43629,0.291900634765625,-0.7447509765625,0.511962890625,0.1008872017264366,-0.0836773216724395,-0.0602257885038852,77.54879760742188,26.35420227050781,23.10842895507812
43630,0.291900634765625,-0.7447509765625,0.511962890625,0.1008872017264366,-0.0836773216724395,-0.0602257885038852,77.54879760742188,26.35420227050781,23.10842895507812
43631,0.30657958984375,-0.7788848876953125,0.5380706787109375,0.0975784882903099,-0.0894004553556442,-0.0729852616786956,77.53851318359375,26.51779174804688,22.91532897949219
43632,0.3105010986328125,-0.802978515625,0.56500244140625,0.0948048084974288,-0.0661720931529998,-0.073297381401062,77.62240600585938,26.53953552246094,22.75975036621094
43633,0.3262939453125,-0.820281982421875,0.5675506591796875,0.094566985964775,-0.0621603094041347,-0.0572020374238491,77.74095153808594,26.84054565429688,22.73687744140625
43634,0.3262939453125,-0.820281982421875,0.5675506591796875,0.094566985964775,-0.0621603094041347,-0.0572020374238491,77.74095153808594,26.84054565429688,22.73687744140625
43635,0.3149261474609375,-0.8226165771484375,0.5648956298828125,0.1163857281208038,-0.0686909109354019,-0.027492344379425,77.85737609863281,27.01774597167969,22.76069641113281
43636,0.2942657470703125,-0.8075714111328125,0.561737060546875,0.0938207656145095,-0.08918047696352,-0.0339587666094303,78.01167297363281,27.21638488769531,22.83787536621094
43637,0.2894134521484375,-0.775238037109375,0.5718994140625,0.0460087694227695,-0.0947787091135978,-0.0422246865928173,78.32704162597656,27.76823425292969,22.92437744140625
43638,0.2894134521484375,-0.775238037109375,0.5718994140625,0.0460087694227695,-0.0947787091135978,-0.0422246865928173,78.32704162597656,27.76823425292969,22.92437744140625
43639,0.2714691162109375,-0.7780914306640625,0.560943603515625,0.0496604964137077,-0.0984482765197753,-0.0613155551254749,78.66410827636719,28.32183837890625,22.43122863769531
43640,0.259613037109375,-0.790008544921875,0.549163818359375,0.0924617573618888,-0.1096386164426804,-0.085668034851551,79.0908203125,28.87403869628906,21.85833740234375
43641,0.2782440185546875,-0.2440948486328125,0.9029388427734376,0.0140742734074592,0.4705262184143066,-0.5159123539924622,81.15803527832031,30.66836547851562,19.67695617675781
43642,0.2782440185546875,-0.2440948486328125,0.9029388427734376,0.0140742734074592,0.4705262184143066,-0.5159123539924622,81.15803527832031,30.66836547851562,19.67695617675781
43643,0.3720703125,-0.4722137451171875,0.212738037109375,0.2655278146266937,0.1064076647162437,-0.9972137212753296,82.94537353515625,31.97735595703125,18.10893249511719
43644,0.346038818359375,-1.001220703125,0.6424560546875,0.1121017709374428,-0.1283260136842728,-0.9299143552780152,84.80131530761719,33.74919128417969,17.57734680175781
43645,0.267181396484375,-1.105209350585938,0.33526611328125,0.2799397706985474,-0.4341951310634613,-0.1005140915513039,86.40435791015625,36.19526672363281,17.81648254394531
43646,0.267181396484375,-1.105209350585938,0.33526611328125,0.2799397706985474,-0.4341951310634613,-0.1005140915513039,86.40435791015625,36.19526672363281,17.81648254394531
43647,0.233551025390625,-0.8875579833984375,0.47528076171875,0.2850804626941681,-0.5060408115386963,0.1500840336084366,86.37236022949219,36.51213073730469,17.46316528320312
43648,0.2517242431640625,-0.6954345703125,0.5364532470703125,0.358421266078949,-0.4025421142578125,0.0574193522334098,86.18582153320312,36.24072265625,17.16633605957031
43649,0.389892578125,-0.7680511474609375,0.6593475341796875,-0.0323659293353557,-0.0949227809906005,0.0142042357474565,85.34587097167969,34.85743713378906,16.80545043945312
43650,0.389892578125,-0.7680511474609375,0.6593475341796875,-0.0323659293353557,-0.0949227809906005,0.0142042357474565,85.34587097167969,34.85743713378906,16.80545043945312
43651,0.3821563720703125,-0.785675048828125,0.612548828125,-0.0323659293353557,-0.0949227809906005,0.0142042357474565,84.58270263671875,34.24777221679688,17.74607849121094
43652,0.3937835693359375,-0.757049560546875,0.593231201171875,-0.0011377023765817,0.0530160814523696,0.0319086648523807,83.66464233398438,34.01502990722656,19.34516906738281
43653,0.419158935546875,-0.7214508056640625,0.5592803955078125,-0.0126801086589694,0.1043498441576958,0.0373202078044414,81.74365234375,32.68675231933594,21.62307739257812
43654,0.41070556640625,-0.7188262939453125,0.5429534912109375,-0.0359960831701755,0.1366207003593445,0.0403381027281284,80.97874450683594,31.95103454589844,21.98045349121094
43655,0.41070556640625,-0.7188262939453125,0.5429534912109375,-0.0359960831701755,0.1366207003593445,0.0403381027281284,80.97874450683594,31.95103454589844,21.98045349121094
43656,0.4002227783203125,-0.7147369384765625,0.5322113037109375,-0.0462255515158176,0.1557136923074722,0.035632561892271,80.461181640625,31.43243408203125,22.31251525878906
43657,0.369110107421875,-0.7235107421875,0.5105743408203125,-0.1263598054647446,0.1061605215072632,0.0612305998802185,79.808837890625,30.45223999023438,22.84797668457031
43658,0.369110107421875,-0.7235107421875,0.5105743408203125,-0.1263598054647446,0.1061605215072632,0.0612305998802185,79.808837890625,30.45223999023438,22.84797668457031
43659,0.358978271484375,-0.7272186279296875,0.493743896484375,-0.1263598054647446,0.1061605215072632,0.0612305998802185,79.61680603027344,30.19157409667969,22.95381164550781
43660,0.3479156494140625,-0.7279510498046875,0.4836883544921875,-0.1199879199266434,0.0762822553515434,0.064502827823162,79.5047607421875,30.07929992675781,23.05245971679688
43661,0.337432861328125,-0.7328948974609375,0.4714508056640625,-0.0883485078811645,0.0545484647154808,0.0471049286425113,79.44049072265625,30.08233642578125,23.13070678710938
43662,0.352752685546875,-0.684539794921875,0.4988861083984375,-0.0228672325611114,0.0075641763396561,0.0308710969984531,79.48344421386719,30.18977355957031,23.16616821289062
43663,0.3839874267578125,-0.514984130859375,0.4253692626953125,0.3587051630020142,-0.0636966899037361,-0.1922141760587692,79.81396484375,30.78330993652344,23.05648803710938
43664,0.195831298828125,-0.86798095703125,0.4225311279296875,0.3587051630020142,-0.0636966899037361,-0.1922141760587692,80.48013305664062,31.60459899902344,23.01513671875
43665,0.2698974609375,-0.5800933837890625,0.7673492431640625,-1.166247725486755,-0.287737250328064,-0.8471108078956604,83.43666076660156,34.3212890625,20.72695922851562
43666,0.2698974609375,-0.5800933837890625,0.7673492431640625,-1.166247725486755,-0.287737250328064,-0.8471108078956604,83.43666076660156,34.3212890625,20.72695922851562
43667,0.8170318603515625,-1.093048095703125,0.943084716796875,-1.224320411682129,0.1354504972696304,-0.0822898149490356,85.61027526855469,36.04904174804688,18.21688842773438
43668,0.348968505859375,-1.04779052734375,0.5622100830078125,-0.8363747596740723,0.5812865495681763,-0.0433543995022773,87.42257690429688,37.91841125488281,17.30337524414062
43669,0.1620025634765625,-0.7050018310546875,0.202239990234375,1.002038836479187,-0.3368086516857147,-0.0446758568286895,88.44822692871094,39.04367065429688,17.79286193847656
43670,0.1620025634765625,-0.7050018310546875,0.202239990234375,1.002038836479187,-0.3368086516857147,-0.0446758568286895,88.44822692871094,39.04367065429688,17.79286193847656
43671,0.3270263671875,-0.6492156982421875,0.3630828857421875,1.002038836479187,-0.3368086516857147,-0.0446758568286895,87.911865234375,38.34272766113281,17.2611083984375
43672,0.4730224609375,-0.641937255859375,0.5315093994140625,0.7572038173675537,-0.2110544443130493,-0.0519763827323913,87.07136535644531,37.42558288574219,16.67927551269531
43673,0.3694915771484375,-0.806549072265625,0.6170806884765625,0.3506754636764526,-0.1151340454816818,-0.0847950503230094,85.67353820800781,35.96871948242188,16.83073425292969
43674,0.3694915771484375,-0.806549072265625,0.6170806884765625,0.3506754636764526,-0.1151340454816818,-0.0847950503230094,85.67353820800781,35.96871948242188,16.83073425292969
43675,0.370758056640625,-0.8118438720703125,0.657257080078125,0.2905356884002686,-0.1014517918229103,-0.072214275598526,84.85128784179688,35.64151000976562,17.97206115722656
43676,0.3588409423828125,-0.79644775390625,0.67132568359375,0.1880873441696167,-0.1020446121692657,-0.0313898809254169,84.11711120605469,35.19953918457031,19.35868835449219
43677,0.3495330810546875,-0.7500457763671875,0.6113128662109375,0.0228698961436748,-0.0945339649915695,0.0153667060658335,82.92829895019531,34.26957702636719,20.87486267089844
43678,0.3495330810546875,-0.7500457763671875,0.6113128662109375,0.0228698961436748,-0.0945339649915695,0.0153667060658335,82.92829895019531,34.26957702636719,20.87486267089844
43679,0.346221923828125,-0.73291015625,0.5739288330078125,0.0400118641555309,-0.0752492174506187,0.0123719815164804,82.4403076171875,33.72381591796875,21.31716918945312
43680,0.3536529541015625,-0.7281646728515625,0.5585784912109375,0.1025213152170181,-0.0405311807990074,-0.0148993209004402,82.05609130859375,33.32949829101562,21.60722351074219
43681,0.37603759765625,-0.7659912109375,0.5640411376953125,0.1721712350845337,-0.0192948691546917,-0.0170082785189151,81.57374572753906,32.53176879882812,22.07466125488281
43682,0.37603759765625,-0.7659912109375,0.5640411376953125,0.1721712350845337,-0.0192948691546917,-0.0170082785189151,81.57374572753906,32.53176879882812,22.07466125488281
43683,0.3867950439453125,-0.784210205078125,0.5746002197265625,0.1721712350845337,-0.0192948691546917,-0.0170082785189151,81.33645629882812,32.19473266601562,22.13612365722656
43684,0.3889617919921875,-0.7911376953125,0.5752410888671875,0.1064343005418777,-0.0262846015393734,-0.0073543190956115,81.13925170898438,31.95329284667969,22.18559265136719
43685,0.38226318359375,-0.77423095703125,0.558837890625,-0.0178122855722904,-0.0155920088291168,0.00962386559695,80.78216552734375,31.39395141601562,22.4432373046875
43686,0.38226318359375,-0.77423095703125,0.558837890625,-0.0178122855722904,-0.0155920088291168,0.00962386559695,80.78216552734375,31.39395141601562,22.4432373046875
43687,0.3805084228515625,-0.7599945068359375,0.55072021484375,-0.0178122855722904,-0.0155920088291168,0.00962386559695,80.6522216796875,31.13323974609375,22.42666625976562
43688,0.376922607421875,-0.75531005859375,0.5480804443359375,-0.0080382190644741,-0.0047492152079939,0.0088254492729902,80.57083129882812,30.813232421875,22.42617797851562
43689,0.372802734375,-0.7460784912109375,0.55987548828125,0.0144066363573074,0.0179196111857891,-0.0027896612882614,80.44992065429688,30.47695922851562,22.35005187988281
43690,0.372802734375,-0.7460784912109375,0.55987548828125,0.0144066363573074,0.0179196111857891,-0.0027896612882614,80.44992065429688,30.47695922851562,22.35005187988281
43691,0.3712615966796875,-0.76092529296875,0.555145263671875,0.0126265790313482,0.0139648178592324,-0.0070858728140592,80.32139587402344,30.31553649902344,22.27934265136719
43692,0.3720550537109375,-0.77911376953125,0.55059814453125,-0.040605217218399,0.0061582936905324,0.0152990613132715,80.28001403808594,30.1741943359375,22.33367919921875
43693,0.3731689453125,-0.7747039794921875,0.5310211181640625,-0.0411463715136051,0.0066073024645447,0.0182831324636936,80.31877136230469,29.77580261230469,22.14312744140625
43694,0.3731689453125,-0.7747039794921875,0.5310211181640625,-0.0411463715136051,0.0066073024645447,0.0182831324636936,80.31877136230469,29.77580261230469,22.14312744140625
43695,0.374267578125,-0.7745819091796875,0.5252685546875,-0.0268545169383287,0.0103471800684928,0.0216805282980203,80.14671325683594,29.54501342773438,22.10954284667969
43696,0.3750457763671875,-0.774993896484375,0.5252532958984375,-0.0101421158760786,0.0157030634582042,0.0259112250059843,80.03314208984375,29.42820739746094,22.20970153808594
43697,0.3718414306640625,-0.77777099609375,0.536041259765625,0.009253685362637,0.030304642394185,0.0116318883374333,79.87918090820312,29.08258056640625,22.28378295898438
43698,0.3718414306640625,-0.77777099609375,0.536041259765625,0.009253685362637,0.030304642394185,0.0116318883374333,79.87918090820312,29.08258056640625,22.28378295898438
43699,0.3721771240234375,-0.78240966796875,0.5281219482421875,0.0082928175106644,0.0379934534430503,0.0033499903511255,79.84223937988281,28.93222045898438,22.291015625
43700,0.3666229248046875,-0.7827911376953125,0.5157470703125,-0.0001067927587428,0.0427748933434486,0.0012945625931024,79.7386474609375,28.74600219726562,22.4344482421875
43701,0.348175048828125,-0.7581939697265625,0.5009918212890625,-0.0213638786226511,-0.0094496943056583,0.0223436541855335,79.70132446289062,28.55337524414062,22.74554443359375
43702,0.348175048828125,-0.7581939697265625,0.5009918212890625,-0.0213638786226511,-0.0094496943056583,0.0223436541855335,79.70132446289062,28.55337524414062,22.74554443359375
43703,0.357513427734375,-0.735748291015625,0.5155029296875,-0.0310849491506815,-0.0396928191184997,0.0143211483955383,79.58198547363281,28.53208923339844,22.62208557128906
43704,0.3646240234375,-0.7215118408203125,0.532745361328125,-0.0310918726027011,-0.0491555631160736,0.0013598100049421,79.50532531738281,28.50091552734375,22.54472351074219
43705,0.365631103515625,-0.730316162109375,0.537445068359375,-0.0424033813178539,-0.0307842772454023,-0.0162799041718244,79.39570617675781,28.53955078125,22.38963317871094
43706,0.365631103515625,-0.730316162109375,0.537445068359375,-0.0424033813178539,-0.0307842772454023,-0.0162799041718244,79.39570617675781,28.53955078125,22.38963317871094
43707,0.3712615966796875,-0.73846435546875,0.5320892333984375,-0.0539724193513393,-0.0347681008279323,-0.0072920015081763,79.36346435546875,28.4193115234375,22.33143615722656
43708,0.373321533203125,-0.7329254150390625,0.5275421142578125,-0.0437629260122776,-0.0417381264269352,-0.0049034119583666,79.31631469726562,28.28402709960938,22.32191467285156
43709,0.3766937255859375,-0.7452850341796875,0.5154571533203125,0.0008005462004803,-0.0346615724265575,-0.000484429008793,79.28971862792969,28.35867309570312,22.2464599609375
43710,0.3766937255859375,-0.7452850341796875,0.5154571533203125,0.0008005462004803,-0.0346615724265575,-0.000484429008793,79.28971862792969,28.35867309570312,22.2464599609375
43711,0.3766937255859375,-0.7452850341796875,0.5154571533203125,0.0008005462004803,-0.0346615724265575,-0.000484429008793,79.28971862792969,28.35867309570312,22.2464599609375
43712,0.3810882568359375,-0.7536773681640625,0.5229339599609375,0.0084824347868561,-0.0287781190127134,0.0107431914657354,79.22785949707031,28.23551940917969,22.24702453613281
43713,0.3939971923828125,-0.760345458984375,0.53839111328125,-0.0077609838917851,-0.0351161770522594,0.0425035171210765,79.25238037109375,28.14677429199219,22.12445068359375
43714,0.3939971923828125,-0.760345458984375,0.53839111328125,-0.0077609838917851,-0.0351161770522594,0.0425035171210765,79.25238037109375,28.14677429199219,22.12445068359375
43715,0.3804473876953125,-0.7612762451171875,0.54168701171875,-0.0420100353658199,-0.0523196645081043,0.0595107302069664,79.13375854492188,28.22486877441406,22.19953918457031
43716,0.370269775390625,-0.7533111572265625,0.53619384765625,-0.0658325403928756,-0.0664317533373832,0.0543822832405567,79.15219116210938,28.10588073730469,22.26313781738281
43717,0.3549346923828125,-0.7502593994140625,0.518157958984375,-0.0622215643525123,-0.0826125890016555,0.0447128750383853,79.19964599609375,27.97789001464844,22.3092041015625
43718,0.34112548828125,-0.76312255859375,0.5017547607421875,-0.0098414458334445,-0.1159785315394402,-0.018743859604001,79.27180480957031,27.94926452636719,22.2081298828125
43719,0.332427978515625,-0.7916259765625,0.5304412841796875,-0.0098414458334445,-0.1159785315394402,-0.018743859604001,79.22169494628906,27.88455200195312,22.19281005859375
43720,0.3270111083984375,-0.8245391845703125,0.5563507080078125,0.0494045689702034,-0.1016858816146851,-0.0563801862299442,79.35801696777344,27.69149780273438,22.17826843261719
43721,0.3189544677734375,-0.8626861572265625,0.5619354248046875,-0.0377838648855686,-0.1749054938554764,-0.0270257592201232,79.31121826171875,27.88824462890625,22.20025634765625
43722,0.3356781005859375,-0.863494873046875,0.5424041748046875,-0.0425341427326202,-0.1975828558206558,0.0168141331523656,79.34945678710938,27.84255981445312,22.12214660644531
43723,0.3356781005859375,-0.863494873046875,0.5424041748046875,-0.0425341427326202,-0.1975828558206558,0.0168141331523656,79.34945678710938,27.84255981445312,22.12214660644531
43724,0.3593597412109375,-0.863677978515625,0.537567138671875,-0.0214522946625948,-0.1953109055757523,0.0624822862446308,79.45405578613281,27.78762817382812,22.04885864257812
43725,0.416961669921875,-0.853607177734375,0.534881591796875,0.2201070636510849,-0.0805816650390625,0.0478948205709457,79.44374084472656,27.67327880859375,21.92146301269531
43726,0.416961669921875,-0.853607177734375,0.534881591796875,0.2201070636510849,-0.0805816650390625,0.0478948205709457,79.44374084472656,27.67327880859375,21.92146301269531
43727,0.416961669921875,-0.853607177734375,0.534881591796875,0.2201070636510849,-0.0805816650390625,0.0478948205709457,79.44374084472656,27.67327880859375,21.92146301269531
43728,0.4535064697265625,-0.8694305419921875,0.5505218505859375,0.241837665438652,-0.0431804917752742,0.0755040794610977,79.46995544433594,27.69459533691406,21.91458129882812
43729,0.447906494140625,-0.870880126953125,0.552001953125,0.2704123258590698,0.0946612581610679,0.1919731646776199,79.4056396484375,27.87998962402344,21.85118103027344
43730,0.447906494140625,-0.870880126953125,0.552001953125,0.2704123258590698,0.0946612581610679,0.1919731646776199,79.4056396484375,27.87998962402344,21.85118103027344
43731,0.378265380859375,-0.8294830322265625,0.51763916015625,0.247295543551445,0.069266952574253,0.2606896460056305,79.42691040039062,27.83018493652344,21.94181823730469
43732,0.378265380859375,-0.8294830322265625,0.51763916015625,0.247295543551445,0.069266952574253,0.2606896460056305,79.42691040039062,27.83018493652344,21.94181823730469
43733,0.341949462890625,-0.813232421875,0.4948883056640625,0.2134672701358795,0.0451632179319858,0.2801347076892853,79.31718444824219,27.84414672851562,22.37001037597656
43734,0.341949462890625,-0.813232421875,0.4948883056640625,0.2134672701358795,0.0451632179319858,0.2801347076892853,79.31718444824219,27.84414672851562,22.37001037597656
43735,0.33245849609375,-0.7974700927734375,0.48858642578125,0.1551243364810944,0.0295408479869365,0.3580252528190613,79.15972900390625,27.87673950195312,22.47950744628906
43736,0.3300628662109375,-0.7766876220703125,0.472320556640625,0.1551243364810944,0.0295408479869365,0.3580252528190613,79.16004943847656,27.87136840820312,22.59536743164062
43737,0.33837890625,-0.7682342529296875,0.4908599853515625,-0.0731690153479576,-0.0895397365093231,0.3089618384838104,79.02276611328125,27.5693359375,22.99502563476562
43738,0.33837890625,-0.7682342529296875,0.4908599853515625,-0.0731690153479576,-0.0895397365093231,0.3089618384838104,79.02276611328125,27.5693359375,22.99502563476562
43739,0.3437347412109375,-0.7690582275390625,0.493988037109375,-0.0731690153479576,-0.0895397365093231,0.3089618384838104,78.99519348144531,27.60433959960938,22.99372863769531
43740,0.322601318359375,-0.7566070556640625,0.5139007568359375,-0.1699656099081039,-0.1496925503015518,0.3194235265254974,78.88694763183594,27.60560607910156,22.70494079589844
43741,0.368743896484375,-0.7247161865234375,0.5780487060546875,-0.2508420646190643,-0.0762875825166702,0.1273425072431564,78.73320007324219,27.39616394042969,22.55865478515625
43742,0.368743896484375,-0.7247161865234375,0.5780487060546875,-0.2508420646190643,-0.0762875825166702,0.1273425072431564,78.73320007324219,27.39616394042969,22.55865478515625
43743,0.3843231201171875,-0.7487030029296875,0.5991668701171875,-0.2508420646190643,-0.0762875825166702,0.1273425072431564,78.66360473632812,27.23432922363281,22.47865295410156
43744,0.389404296875,-0.7720947265625,0.6051483154296875,-0.3190677464008331,-0.0474711135029792,0.1183090656995773,78.66204833984375,27.03868103027344,22.3955078125
43745,0.3317718505859375,-0.7733001708984375,0.57818603515625,-0.4519253969192505,-0.0089221224188804,0.1470304578542709,78.76435852050781,26.89399719238281,22.12155151367188
43746,0.3317718505859375,-0.7733001708984375,0.57818603515625,-0.4519253969192505,-0.0089221224188804,0.1470304578542709,78.76435852050781,26.89399719238281,22.12155151367188
43747,0.2898101806640625,-0.76983642578125,0.5867767333984375,-0.4881206750869751,-0.0426491945981979,0.2224679589271545,78.62181091308594,26.79148864746094,22.11196899414062
43748,0.2626953125,-0.747222900390625,0.603302001953125,-0.4940376877784729,-0.0693822726607322,0.2842564880847931,78.61918640136719,26.61088562011719,22.08677673339844
43749,0.29193115234375,-0.6905059814453125,0.642425537109375,-0.4002142548561096,-0.1109113395214081,0.2417452484369278,78.50054931640625,26.07194519042969,21.91481018066406
43750,0.32293701171875,-0.7015533447265625,0.6589813232421875,-0.3624988198280334,-0.0957310497760772,0.1826347857713699,78.49783325195312,25.72561645507812,21.65309143066406
43751,0.3598480224609375,-0.715728759765625,0.6548919677734375,-0.3461968302726746,-0.0685170069336891,0.1348417103290558,78.46885681152344,25.53701782226562,21.4688720703125
43752,0.3598480224609375,-0.715728759765625,0.6548919677734375,-0.3461968302726746,-0.0685170069336891,0.1348417103290558,78.46885681152344,25.53701782226562,21.4688720703125
43753,0.3594818115234375,-0.7215576171875,0.6160430908203125,-0.348446398973465,0.0359137915074825,0.1262564659118652,78.39671325683594,25.2081298828125,21.21969604492188
43754,0.3594818115234375,-0.7215576171875,0.6160430908203125,-0.348446398973465,0.0359137915074825,0.1262564659118652,78.39671325683594,25.2081298828125,21.21969604492188
43755,0.3472900390625,-0.7171783447265625,0.5911865234375,-0.348446398973465,0.0359137915074825,0.1262564659118652,78.36512756347656,24.97816467285156,21.1375732421875
43756,0.3180694580078125,-0.709320068359375,0.569671630859375,-0.3146301209926605,0.0610519014298915,0.1131507903337479,78.35173034667969,24.88436889648438,20.94924926757812
43757,0.2971343994140625,-0.7142333984375,0.5511627197265625,-0.2654023766517639,0.0674493461847305,0.0685122162103653,78.25247192382812,24.73835754394531,20.91557312011719
43758,0.2956390380859375,-0.732025146484375,0.535064697265625,-0.2493586987257004,0.0689345896244049,0.0142870601266622,78.16899108886719,24.65083312988281,20.90650939941406
43759,0.29779052734375,-0.761962890625,0.5177154541015625,-0.2580898702144623,0.0387585796415805,-0.0299746766686439,78.05342102050781,24.45590209960938,20.70857238769531
43760,0.303497314453125,-0.79949951171875,0.51177978515625,-0.2683925628662109,-0.0366272516548633,-0.1185380965471268,78.05075073242188,24.3319091796875,20.69215393066406
43761,0.3019561767578125,-0.802764892578125,0.51507568359375,-0.2683925628662109,-0.0366272516548633,-0.1185380965471268,77.89387512207031,24.18331909179688,20.78292846679688
43762,0.319793701171875,-0.8532257080078125,0.5182037353515625,-0.2645437717437744,-0.0569615513086319,-0.1136432066559792,78.0274658203125,24.10993957519531,20.67666625976562
43763,0.34649658203125,-0.864898681640625,0.5580596923828125,-0.2169040888547897,0.024892034009099,-0.0203273762017488,77.91580200195312,24.15966796875,20.71583557128906
43764,0.3499755859375,-0.8460845947265625,0.5859527587890625,-0.2169040888547897,0.024892034009099,-0.0203273762017488,78.00765991210938,24.06170654296875,20.79246520996094
43765,0.297760009765625,-0.8118743896484375,0.5852203369140625,-0.1436623632907867,0.1649455428123474,0.0217202082276344,77.97813415527344,23.83729553222656,20.82054138183594
43766,0.297760009765625,-0.8118743896484375,0.5852203369140625,-0.1436623632907867,0.1649455428123474,0.0217202082276344,77.97813415527344,23.83729553222656,20.82054138183594
43767,0.30303955078125,-0.82342529296875,0.5615692138671875,-0.1805130541324615,0.1449100524187088,0.0553934834897518,78.03140258789062,23.62397766113281,20.67323303222656
43768,0.3098602294921875,-0.8192901611328125,0.5485687255859375,-0.220362201333046,0.1545118093490601,0.0597892962396144,78.21392822265625,23.5423583984375,20.47061157226562
43769,0.321380615234375,-0.7949066162109375,0.540435791015625,-0.220362201333046,0.1545118093490601,0.0597892962396144,78.15126037597656,23.57347106933594,20.35676574707031
43770,0.3448333740234375,-0.775665283203125,0.52825927734375,-0.2660439312458038,0.2261841297149658,0.10059504956007,78.05815124511719,23.42448425292969,20.38496398925781
43771,0.3520660400390625,-0.7435455322265625,0.5245361328125,-0.2660439312458038,0.2261841297149658,0.10059504956007,78.00857543945312,23.25799560546875,20.33108520507812
43772,0.35540771484375,-0.7180938720703125,0.5030670166015625,-0.2732296586036682,0.2773391902446747,0.1313516348600388,77.77189636230469,23.2862548828125,20.33473205566406
43773,0.3563079833984375,-0.690155029296875,0.4470977783203125,-0.2711595892906189,0.3339169919490814,0.1845932751893997,77.83082580566406,23.24626159667969,20.38946533203125
43774,0.347991943359375,-0.6607208251953125,0.45330810546875,-0.2223372012376785,0.2855502665042877,0.1892048120498657,77.69938659667969,23.16215515136719,20.45687866210938
43775,0.3483734130859375,-0.705657958984375,0.442840576171875,-0.3479100465774536,0.2813882529735565,0.2763761878013611,77.501708984375,22.95144653320312,20.51547241210938
43776,0.3420562744140625,-0.668975830078125,0.398956298828125,-0.4216548204421997,0.1920812875032425,0.351726621389389,77.33937072753906,22.91192626953125,20.48916625976562
43777,0.3008270263671875,-0.6273040771484375,0.3756866455078125,-0.4216548204421997,0.1920812875032425,0.351726621389389,77.03562927246094,22.665771484375,20.27082824707031
43778,0.2837371826171875,-0.6101837158203125,0.3636627197265625,-0.3906891942024231,0.1370308250188828,0.2783333659172058,76.79560852050781,22.48127746582031,20.31288146972656
43779,0.275787353515625,-0.616180419921875,0.3772735595703125,-0.3380467593669891,0.1059986054897308,0.1976603418588638,76.75003051757812,22.16281127929688,20.17048645019531
43780,0.27130126953125,-0.6443023681640625,0.4368438720703125,-0.340490996837616,0.0257959105074405,0.1222585365176201,76.62055969238281,21.93565368652344,20.21617126464844
43781,0.2843780517578125,-0.6707611083984375,0.432342529296875,-0.3041678667068481,0.0306673645973205,0.055309060961008,76.54426574707031,21.68112182617188,20.18405151367188
43782,0.2630157470703125,-0.7019500732421875,0.419342041015625,-0.2163727879524231,-0.0462284795939922,0.0030344056431204,76.57196044921875,21.57308959960938,20.09983825683594
43783,0.2485504150390625,-0.7197418212890625,0.4317626953125,-0.1461106091737747,-0.1024661883711815,-0.0659992545843124,76.61001586914062,21.59150695800781,20.02072143554688
43784,0.2514495849609375,-0.732269287109375,0.4519500732421875,-0.1173319518566132,-0.1578953564167023,-0.149436354637146,76.57427978515625,21.51385498046875,20.01588439941406
43785,0.242340087890625,-0.7687835693359375,0.475250244140625,-0.1066143289208412,-0.2121266424655914,-0.2237769067287445,76.73309326171875,21.59361267089844,19.83334350585938
43786,0.24151611328125,-0.8307342529296875,0.5115966796875,-0.126963272690773,-0.2769370675086975,-0.2872988879680634,76.792236328125,21.59764099121094,19.75579833984375
43787,0.243804931640625,-0.9069061279296876,0.5174560546875,-0.1764352172613144,-0.3157177567481995,-0.3581658601760864,76.92549133300781,21.539306640625,19.74365234375
43788,0.2537841796875,-0.959991455078125,0.51171875,-0.2586075961589813,-0.2882397770881653,-0.3491113781929016,77.0960693359375,21.60136413574219,19.57121276855469
43789,0.272064208984375,-0.994049072265625,0.507232666015625,-0.2659203708171844,-0.2897364795207977,-0.2280832380056381,77.28807067871094,21.56997680664062,19.42880249023438
43790,0.3129425048828125,-1.00244140625,0.5120391845703125,-0.2659203708171844,-0.2897364795207977,-0.2280832380056381,77.49481201171875,21.54057312011719,19.22639465332031
43791,0.3382720947265625,-0.9918975830078124,0.5022735595703125,-0.131260022521019,-0.2344340682029724,-0.227273628115654,77.55082702636719,21.54020690917969,19.06948852539062
43792,0.338775634765625,-0.9944610595703124,0.47637939453125,0.0042802323587238,-0.2108872085809708,-0.2235531955957413,77.64753723144531,21.4932861328125,19.03509521484375
43793,0.33917236328125,-1.02099609375,0.4123687744140625,0.2534943222999573,-0.2605959177017212,-0.1604096442461014,77.84881591796875,21.63410949707031,18.88385009765625
43794,0.33917236328125,-1.02099609375,0.4123687744140625,0.2534943222999573,-0.2605959177017212,-0.1604096442461014,77.84881591796875,21.63410949707031,18.88385009765625
43795,0.3640899658203125,-1.019622802734375,0.4156494140625,0.3674813508987427,-0.2749066650867462,-0.1346901655197144,77.95362854003906,21.87455749511719,18.82987976074219
43796,0.389984130859375,-1.03948974609375,0.40948486328125,0.4480630159378052,-0.2489203363656998,-0.0850427225232124,78.16923522949219,22.013671875,19.01065063476562
43797,0.3680267333984375,-1.023712158203125,0.38507080078125,0.4598051309585571,-0.2272192984819412,0.045566152781248,78.30448913574219,22.15788269042969,19.37867736816406
43798,0.3680267333984375,-1.023712158203125,0.38507080078125,0.4598051309585571,-0.2272192984819412,0.045566152781248,78.30448913574219,22.15788269042969,19.37867736816406
43799,0.349822998046875,-1.005218505859375,0.376922607421875,0.4192092418670654,-0.1794871985912323,0.0614835992455482,78.44003295898438,22.23193359375,19.28305053710938
43800,0.3526763916015625,-0.9530792236328124,0.3815765380859375,0.3565522730350494,-0.124189592897892,0.0538778789341449,78.4317626953125,22.33988952636719,19.37994384765625
43801,0.3530120849609375,-0.9045257568359376,0.3859405517578125,0.3196520209312439,-0.0893812775611877,0.0602585449814796,78.44816589355469,22.42022705078125,19.487060546875
43802,0.3243865966796875,-0.8628692626953125,0.4204864501953125,0.2326843738555908,-0.0831239148974418,0.0608985051512718,78.48162841796875,22.53044128417969,19.46217346191406
43803,0.3060302734375,-0.85784912109375,0.4408111572265625,0.0631326287984848,-0.1443185657262802,0.0659566447138786,78.46014404296875,22.5130615234375,19.53068542480469
43804,0.284088134765625,-0.838470458984375,0.441986083984375,-0.1184531450271606,-0.2275013327598572,0.0688477754592895,78.51808166503906,22.603759765625,19.49665832519531
43805,0.2762908935546875,-0.8608551025390625,0.46112060546875,-0.3021129965782166,-0.3167952597141266,0.0804932415485382,78.54351806640625,22.60749816894531,19.36856079101562
43806,0.2869110107421875,-0.8739776611328125,0.501800537109375,-0.4894085824489594,-0.3286372721195221,0.0705588534474372,78.51937866210938,22.56074523925781,19.41943359375
43807,0.2833404541015625,-0.8640289306640625,0.4811859130859375,-0.6390268206596375,-0.2870970070362091,0.0501723550260067,78.61285400390625,22.48481750488281,19.08767700195312
43808,0.33050537109375,-0.87017822265625,0.4274444580078125,-0.7323234677314758,-0.2306641042232513,0.0756276473402977,78.6605224609375,22.30519104003906,19.03659057617188
43809,0.371734619140625,-0.918304443359375,0.375732421875,-0.7029986381530762,-0.1918059140443802,0.2109500467777252,78.68879699707031,22.07972717285156,18.85182189941406
43810,0.3673248291015625,-0.938507080078125,0.3514251708984375,-0.6155816912651062,-0.1313625574111938,0.5809637904167175,78.73835754394531,21.85687255859375,18.5975341796875
43811,0.3660888671875,-0.9326324462890624,0.3244781494140625,-0.6155816912651062,-0.1313625574111938,0.5809637904167175,78.66796875,21.53756713867188,18.36204528808594
43812,0.3472747802734375,-0.9268341064453124,0.2918701171875,-0.5722786784172058,-0.1596192270517349,0.7233068346977234,78.67819213867188,21.15093994140625,18.13491821289062
43813,0.3819427490234375,-0.9151153564453124,0.2374725341796875,-0.4574343860149384,-0.2980564534664154,0.7446635365486145,78.4788818359375,20.29417419433594,17.50592041015625
43814,0.3819427490234375,-0.9151153564453124,0.2374725341796875,-0.4574343860149384,-0.2980564534664154,0.7446635365486145,78.4788818359375,20.29417419433594,17.50592041015625
43815,0.3558349609375,-0.9575958251953124,0.2424163818359375,-0.2146390676498413,-0.2980276942253113,0.6611158847808838,78.28291320800781,19.93843078613281,17.24101257324219
43816,0.2404022216796875,-0.9495391845703124,0.2526702880859375,-0.031908132135868,-0.352220356464386,0.6377620697021484,78.18470764160156,19.60591125488281,17.09898376464844
43817,0.2550201416015625,-0.863433837890625,0.3431396484375,-0.1881296932697296,-0.3663148880004883,0.3342834413051605,78.05575561523438,19.23454284667969,16.65353393554688
43818,0.2550201416015625,-0.863433837890625,0.3431396484375,-0.1881296932697296,-0.3663148880004883,0.3342834413051605,78.05575561523438,19.23454284667969,16.65353393554688
43819,0.2991790771484375,-0.8685150146484375,0.3099517822265625,-0.2658223509788513,-0.2950415015220642,0.1340323686599731,78.13969421386719,18.91172790527344,16.54568481445312
43820,0.353240966796875,-0.8808135986328125,0.28265380859375,-0.299510270357132,-0.2330636084079742,0.0010839065071195,78.26435852050781,18.70964050292969,16.41532897949219
43821,0.4030914306640625,-0.8833465576171875,0.254302978515625,-0.2982535362243652,-0.1796805411577225,-0.0463869385421276,78.38641357421875,18.55982971191406,16.19778442382812
43822,0.450103759765625,-0.889007568359375,0.229888916015625,-0.3093120455741882,-0.0954988226294517,0.1121843308210373,78.45018005371094,18.47566223144531,16.09291076660156
43823,0.45745849609375,-0.90557861328125,0.2193450927734375,-0.3093120455741882,-0.0954988226294517,0.1121843308210373,78.52842712402344,18.29383850097656,15.98764038085938
43824,0.4027099609375,-0.9089202880859376,0.173065185546875,-0.4120674431324005,-0.1040877848863602,0.2551910281181335,78.60923767089844,18.31074523925781,15.80979919433594
43825,0.3193511962890625,-0.9091949462890624,0.13275146484375,-0.5755583643913269,-0.2527211904525757,0.39312544465065,78.67301940917969,18.15931701660156,15.48052978515625
43826,0.282440185546875,-0.81951904296875,0.1693267822265625,-0.758005678653717,-0.3182450830936432,0.3145507574081421,78.66484069824219,17.88214111328125,15.16355895996094
43827,0.2879791259765625,-0.835784912109375,0.1742401123046875,-0.9517743587493896,-0.3342727720737457,0.112283930182457,78.57011413574219,17.57528686523438,14.71775817871094
43828,0.302337646484375,-0.9180145263671876,0.2203369140625,-1.150038957595825,-0.3270463049411774,-0.0273748990148305,78.62236022949219,17.21537780761719,14.36152648925781
43829,0.3858184814453125,-0.98297119140625,0.156768798828125,-1.441904067993164,-0.2898121178150177,-0.0256036296486854,78.77401733398438,16.54267883300781,13.495361328125
43830,0.3858184814453125,-0.98297119140625,0.156768798828125,-1.441904067993164,-0.2898121178150177,-0.0256036296486854,78.77401733398438,16.54267883300781,13.495361328125
43831,0.383331298828125,-0.9455413818359376,0.096710205078125,-1.474531292915344,-0.3140285015106201,0.0218112897127866,78.91792297363281,16.16268920898438,12.93870544433594
43832,0.3587799072265625,-0.9141082763671876,0.0743255615234375,-1.50907564163208,-0.5326012969017029,0.0855878740549087,78.97384643554688,15.75747680664062,12.31466674804688
43833,0.312469482421875,-0.880767822265625,0.08685302734375,-1.593954682350159,-0.7223100066184998,0.0313824228942394,78.98332214355469,15.34782409667969,11.63595581054688
43834,0.2986602783203125,-0.8537750244140625,0.128692626953125,-1.728096485137939,-0.7209744453430176,-0.140061229467392,79.03118896484375,15.01371765136719,10.97079467773438
43835,0.372650146484375,-0.8438720703125,0.2678680419921875,-1.728096485137939,-0.7209744453430176,-0.140061229467392,79.15554809570312,14.64968872070312,10.4205322265625
43836,0.48272705078125,-0.8376617431640625,0.3376922607421875,-1.850812196731567,-0.5512934923171997,-0.357783168554306,79.33537292480469,14.25422668457031,9.802780151367188
43837,0.4942779541015625,-0.8251953125,0.2151947021484375,-1.588680744171143,-0.2882056832313538,-0.6289821863174438,79.72885131835938,13.50735473632812,8.271530151367188
43838,0.4942779541015625,-0.8251953125,0.2151947021484375,-1.588680744171143,-0.2882056832313538,-0.6289821863174438,79.72885131835938,13.50735473632812,8.271530151367188
43839,0.480133056640625,-0.869476318359375,0.1849822998046875,-1.361493110656738,-0.2314745038747787,-0.6651798486709595,79.93510437011719,13.32612609863281,7.33245849609375
43840,0.456787109375,-0.9244384765625,0.2217559814453125,-1.325546622276306,-0.1886103898286819,-0.6565017104148865,80.12440490722656,13.22091674804688,6.69873046875
43841,0.440032958984375,-0.962890625,0.2249908447265625,-1.438747763633728,-0.1166299432516098,-0.6569347381591797,80.41213989257812,13.14370727539062,6.11083984375
43842,0.446075439453125,-1.008865356445312,0.184234619140625,-1.540912508964539,-0.0832709223031997,-0.618798017501831,80.54649353027344,13.1121826171875,5.474411010742188
43843,0.4278106689453125,-1.034988403320312,0.15032958984375,-1.594369292259216,-0.1439350694417953,-0.5377167463302612,80.80239868164062,13.142333984375,4.963714599609375
43844,0.43341064453125,-0.982757568359375,0.131072998046875,-1.498877644538879,-0.1842859536409378,-0.4972132444381714,81.05000305175781,13.08450317382812,4.283889770507812
43845,0.4409942626953125,-0.960235595703125,0.2106781005859375,-1.29947555065155,-0.1627039611339569,-0.5139304399490356,81.31455993652344,13.00323486328125,3.869949340820312
43846,0.47564697265625,-0.9866790771484376,0.27081298828125,-1.277515411376953,-0.0184091012924909,-0.6585017442703247,81.463134765625,12.98042297363281,3.331817626953125
43847,0.446624755859375,-1.075271606445312,0.2575531005859375,-1.404065132141113,0.1546686738729477,-0.8408747315406799,81.62092590332031,12.94459533691406,2.619842529296875
43848,0.347808837890625,-1.158370971679688,0.18218994140625,-1.591118335723877,0.270136684179306,-1.008265852928162,81.83552551269531,13.07707214355469,2.145538330078125
43849,0.27423095703125,-1.095321655273438,0.1660614013671875,-1.975356578826904,0.2424326092004776,-1.151554346084595,82.29521179199219,13.35211181640625,1.3160400390625
43850,0.27423095703125,-1.095321655273438,0.1660614013671875,-1.975356578826904,0.2424326092004776,-1.151554346084595,82.29521179199219,13.35211181640625,1.3160400390625
43851,0.282867431640625,-1.032958984375,0.1514739990234375,-2.109133243560791,0.0887197479605674,-1.18732750415802,82.64552307128906,13.48832702636719,0.67022705078125
43852,0.3446044921875,-0.9538116455078124,0.1326904296875,-2.079418897628784,0.0169254541397094,-1.151979088783264,82.90907287597656,13.64784240722656,0.2177276611328125
43853,0.5069580078125,-0.981353759765625,0.1234130859375,-1.644845485687256,-0.1584503650665283,-0.6868801116943359,83.71527099609375,13.78413391113281,-1.161819458007812
43854,0.5069580078125,-0.981353759765625,0.1234130859375,-1.644845485687256,-0.1584503650665283,-0.6868801116943359,83.71527099609375,13.78413391113281,-1.161819458007812
43855,0.4185791015625,-0.9228668212890624,0.0920257568359375,-1.425322413444519,-0.1112455651164055,-0.688149094581604,84.06105041503906,13.84986877441406,-1.910018920898438
43856,0.388031005859375,-0.9270477294921876,0.0847930908203125,-1.371786832809448,-0.0354975387454032,-0.8513492345809937,84.28347778320312,13.92698669433594,-2.60552978515625
43857,0.44781494140625,-0.9382476806640624,0.1209259033203125,-1.674702167510986,0.4807485044002533,-0.9839423894882202,84.7239990234375,14.3663330078125,-3.663864135742188
43858,0.44781494140625,-0.9382476806640624,0.1209259033203125,-1.674702167510986,0.4807485044002533,-0.9839423894882202,84.7239990234375,14.3663330078125,-3.663864135742188
43859,0.4239654541015625,-0.9085693359375,0.0464630126953125,-1.674702167510986,0.4807485044002533,-0.9839423894882202,84.98756408691406,14.57598876953125,-4.054534912109375
43860,0.47003173828125,-0.931732177734375,0.0414581298828125,-1.722408771514893,0.6790525317192078,-0.8534839749336243,85.31117248535156,14.82063293457031,-4.518508911132812
43861,0.475433349609375,-0.8892059326171875,-0.04876708984375,-1.117339849472046,1.100478053092957,-1.051903605461121,85.80577087402344,15.14112854003906,-5.103363037109375
43862,0.475433349609375,-0.8892059326171875,-0.04876708984375,-1.117339849472046,1.100478053092957,-1.051903605461121,85.80577087402344,15.14112854003906,-5.103363037109375
43863,0.515380859375,-0.9048309326171876,-0.1217498779296875,-0.5501036047935486,1.040822148323059,-1.149756193161011,86.01531982421875,15.45707702636719,-5.409210205078125
43864,0.6063385009765625,-0.913543701171875,-0.1770477294921875,0.0819246917963028,1.035489201545715,-1.154967427253723,86.24922180175781,15.81585693359375,-5.516921997070312
43865,0.7148284912109375,-0.9337158203125,-0.1961212158203125,0.6803870797157288,1.009369254112244,-1.053183317184448,86.58030700683594,16.23622131347656,-5.157806396484375
43866,0.725128173828125,-0.932464599609375,-0.1875457763671875,1.130673289299011,0.8175364136695862,-0.8351438641548157,86.71739196777344,16.55503845214844,-4.806503295898438
43867,0.65545654296875,-0.8204498291015625,-0.030609130859375,1.426930546760559,0.7200183272361755,-0.7077776789665222,87.06195068359375,16.94699096679688,-4.353775024414062
43868,0.6014556884765625,-0.721710205078125,0.1109619140625,1.54185950756073,0.6488128900527954,-0.7591199278831482,87.26748657226562,17.30752563476562,-3.554931640625
43869,0.5928497314453125,-0.6855010986328125,0.14630126953125,1.52802836894989,0.6617241501808167,-0.8837156891822815,87.493408203125,17.69735717773438,-2.792449951171875
43870,0.613555908203125,-0.73272705078125,0.108795166015625,1.029772520065308,0.2290648818016052,-0.7808949947357178,87.65390014648438,17.99569702148438,-2.061126708984375
43871,0.6393585205078125,-0.7669525146484375,0.0603485107421875,0.8990895748138428,0.053515687584877,-0.5866333842277527,87.94488525390625,18.46879577636719,-1.523147583007812
43872,0.6213226318359375,-0.7224884033203125,-0.0164794921875,0.7865763306617737,0.1047863364219666,-0.5614433288574219,88.0872802734375,18.98941040039062,-1.054840087890625
43873,0.583160400390625,-0.67877197265625,0.0123138427734375,0.7865763306617737,0.1047863364219666,-0.5614433288574219,88.22779846191406,19.43115234375,-0.520599365234375
43874,0.560760498046875,-0.728759765625,-0.0160064697265625,0.6409128904342651,0.2256677448749542,-0.5122310519218445,88.37966918945312,19.740478515625,-0.2228546142578125
43875,0.53594970703125,-0.7684783935546875,-0.048095703125,0.4812726080417633,0.1692662537097931,-0.5287796854972839,88.45085144042969,19.99127197265625,0.0123443603515625
43876,0.4952545166015625,-0.8173980712890625,-0.016357421875,0.328456699848175,0.2031030505895615,-0.6023942232131958,88.52870178222656,20.32060241699219,0.2787628173828125
43877,0.544036865234375,-0.8460845947265625,-0.0733184814453125,-0.6397972702980042,0.4266194999217987,-0.131187841296196,88.94770812988281,20.98399353027344,0.802459716796875
43878,0.5148468017578125,-0.7269744873046875,-0.0746612548828125,-0.6397972702980042,0.4266194999217987,-0.131187841296196,89.11904907226562,21.16671752929688,0.8014373779296875
43879,0.5148468017578125,-0.7269744873046875,-0.0746612548828125,-0.6397972702980042,0.4266194999217987,-0.131187841296196,89.11904907226562,21.16671752929688,0.8014373779296875
43880,0.50714111328125,-0.6680755615234375,-0.12921142578125,-0.9213557243347168,0.5719559192657471,0.0540571101009845,89.15029907226562,21.41838073730469,0.661163330078125
43881,0.55963134765625,-0.7441864013671875,-0.1884307861328125,-2.220345735549927,-0.4829986095428467,1.099433541297913,89.10258483886719,21.36572265625,0.47064208984375
43882,0.55963134765625,-0.7441864013671875,-0.1884307861328125,-2.220345735549927,-0.4829986095428467,1.099433541297913,89.10258483886719,21.36572265625,0.47064208984375
43883,0.4971923828125,-0.75103759765625,-0.298919677734375,-2.220345735549927,-0.4829986095428467,1.099433541297913,89.01519775390625,21.030517578125,0.3717803955078125
43884,0.6155242919921875,-0.5290374755859375,0.140594482421875,-2.498711347579956,-0.5730968117713928,1.136128425598145,88.95445251464844,20.61827087402344,-0.1403961181640625
43885,0.657867431640625,-0.782470703125,-0.078582763671875,-1.37318229675293,0.6702877879142761,-0.9595305323600768,88.45790100097656,19.29475402832031,-1.736083984375
43886,0.657867431640625,-0.782470703125,-0.078582763671875,-1.37318229675293,0.6702877879142761,-0.9595305323600768,88.45790100097656,19.29475402832031,-1.736083984375
43887,0.5406036376953125,-0.69207763671875,-0.27490234375,-1.37318229675293,0.6702877879142761,-0.9595305323600768,88.32830810546875,19.03623962402344,-2.32720947265625
43888,0.5653076171875,-0.673431396484375,-0.3433837890625,-1.3995521068573,-0.1301516145467758,-1.072380423545837,88.38774108886719,19.0838623046875,-2.541046142578125
43889,0.553863525390625,-0.7772369384765625,-0.3015289306640625,-1.517064332962036,-1.342966556549072,-1.051280975341797,88.84904479980469,19.51531982421875,-3.057754516601562
43890,0.553863525390625,-0.7772369384765625,-0.3015289306640625,-1.517064332962036,-1.342966556549072,-1.051280975341797,88.84904479980469,19.51531982421875,-3.057754516601562
43891,0.4893341064453125,-0.8682403564453125,-0.3883209228515625,-2.456493854522705,-2.483248472213745,-0.7734506726264954,89.18753051757812,19.80276489257812,-3.749069213867188
43892,0.403900146484375,-0.885467529296875,-0.474365234375,-2.456493854522705,-2.483248472213745,-0.7734506726264954,89.58659362792969,20.09306335449219,-4.604568481445312
43893,0.4670257568359375,-0.6690673828125,-0.415435791015625,-4.02701997756958,-3.195268154144287,0.4592818319797516,90.2270965576172,20.38056945800781,-7.177719116210938
43894,0.4670257568359375,-0.6690673828125,-0.415435791015625,-4.02701997756958,-3.195268154144287,0.4592818319797516,90.2270965576172,20.38056945800781,-7.177719116210938
43895,0.5984344482421875,-0.7546844482421875,0.0737762451171875,-1.558119177818298,-0.373322457075119,0.2648963630199432,90.33001708984376,20.57212829589844,-9.295913696289062
43896,0.584991455078125,-0.7436370849609375,-0.0823516845703125,-1.558119177818298,-0.373322457075119,0.2648963630199432,90.25621032714844,20.63908386230469,-11.48664855957031
43897,0.520538330078125,-0.806549072265625,-0.4826507568359375,-0.9264748692512512,0.6378473043441772,-0.2901806831359863,89.81608581542969,20.38845825195312,-14.20167541503906
43898,0.520538330078125,-0.806549072265625,-0.4826507568359375,-0.9264748692512512,0.6378473043441772,-0.2901806831359863,89.81608581542969,20.38845825195312,-14.20167541503906
43899,0.5055389404296875,-0.823272705078125,-0.5600738525390625,-1.309109807014465,0.365478903055191,-0.2338148951530457,89.88410949707031,20.38172912597656,-14.70306396484375
43900,0.5764923095703125,-0.768707275390625,-0.5466461181640625,-1.532110691070557,0.1457207202911377,-0.1413464695215225,89.96994018554688,20.36097717285156,-14.75700378417969
43901,0.6845703125,-0.72113037109375,-0.37701416015625,-1.527176976203918,-0.3428502976894379,0.269200325012207,90.14222717285156,20.4791259765625,-15.18009948730469
43902,0.6845703125,-0.72113037109375,-0.37701416015625,-1.527176976203918,-0.3428502976894379,0.269200325012207,90.14222717285156,20.4791259765625,-15.18009948730469
43903,0.642547607421875,-0.7303924560546875,-0.356201171875,-0.8591607809066772,-0.2571231424808502,0.5512325167655945,90.17344665527344,20.63569641113281,-15.691162109375
43904,0.572540283203125,-0.7859954833984375,-0.360260009765625,-0.8591607809066772,-0.2571231424808502,0.5512325167655945,89.96263122558594,20.66165161132812,-16.11001586914062
43905,0.5009307861328125,-0.7636260986328125,-0.4003448486328125,-0.591544508934021,-0.1538236439228058,0.5928446650505066,89.96070861816406,20.52877807617188,-16.55838012695312
43906,0.4508209228515625,-0.7411041259765625,-0.529754638671875,-0.8411218523979187,-0.4226804077625275,0.6186155676841736,89.4781494140625,20.32090759277344,-17.32814025878906
43907,0.4508209228515625,-0.7411041259765625,-0.529754638671875,-0.8411218523979187,-0.4226804077625275,0.6186155676841736,89.4781494140625,20.32090759277344,-17.32814025878906
43908,0.4505462646484375,-0.70025634765625,-0.5187835693359375,-1.170796990394592,-0.7379643321037292,0.5301892757415771,89.28292846679688,20.08805847167969,-17.68167114257812
43909,0.576904296875,-0.69171142578125,-0.3863067626953125,-1.619869589805603,-0.8508296012878418,0.2534184157848358,88.94442749023438,19.63749694824219,-18.51333618164062
43910,0.576904296875,-0.69171142578125,-0.3863067626953125,-1.619869589805603,-0.8508296012878418,0.2534184157848358,88.94442749023438,19.63749694824219,-18.51333618164062
43911,0.649871826171875,-0.691131591796875,-0.398193359375,-2.305241346359253,-0.8612817525863647,0.1513080298900604,88.85438537597656,19.552490234375,-19.16928100585938
43912,0.6483306884765625,-0.673370361328125,-0.479644775390625,-2.305241346359253,-0.8612817525863647,0.1513080298900604,88.72477722167969,19.58293151855469,-19.92976379394531
43913,0.593475341796875,-0.7082977294921875,-0.680755615234375,-3.117812633514404,-1.503826379776001,0.0725186765193939,88.27149963378906,19.92263793945312,-21.70785522460938
43914,0.593475341796875,-0.7082977294921875,-0.680755615234375,-3.117812633514404,-1.503826379776001,0.0725186765193939,88.27149963378906,19.92263793945312,-21.70785522460938
43915,0.566741943359375,-0.7309417724609375,-0.6540069580078125,-3.308769464492798,-1.670892000198364,0.1118367835879326,88.19107055664062,20.24273681640625,-23.057861328125
43916,0.602325439453125,-0.7422943115234375,-0.733795166015625,-3.190262794494629,-1.737928867340088,0.0842219367623329,87.96214294433594,20.54301452636719,-24.32505798339844
43917,0.545928955078125,-0.5650482177734375,-0.6425323486328125,-1.755553364753723,-1.226441860198975,-0.2635312378406525,87.43159484863281,21.28269958496094,-27.31932067871094
43918,0.545928955078125,-0.5650482177734375,-0.6425323486328125,-1.755553364753723,-1.226441860198975,-0.2635312378406525,87.43159484863281,21.28269958496094,-27.31932067871094
43919,0.467041015625,-0.49871826171875,-0.6106414794921875,-1.755553364753723,-1.226441860198975,-0.2635312378406525,87.2066650390625,21.56755065917969,-28.64801025390625
43920,0.4259796142578125,-0.55224609375,-0.6383209228515625,-1.419581532478333,-1.211969971656799,-0.3603557944297791,86.97235107421875,21.97019958496094,-29.84715270996094
43921,0.4414825439453125,-0.5987548828125,-0.6461181640625,-0.6630914211273193,-0.9694385528564452,-0.2590656578540802,86.77706909179688,22.30967712402344,-30.90022277832031
43922,0.47406005859375,-0.590667724609375,-0.682342529296875,-0.3363135755062103,-0.996066153049469,-0.285306304693222,86.57208251953125,22.818359375,-31.94670104980469
43923,0.4774627685546875,-0.5384368896484375,-0.7725830078125,-0.1736623346805573,-1.243691444396973,-0.3898209929466248,86.38809204101562,23.16825866699219,-32.61793518066406
43924,0.468780517578125,-0.521453857421875,-0.793212890625,-0.157744362950325,-1.554241299629211,-0.456299364566803,86.23548889160156,23.48165893554688,-33.23410034179688
43925,0.523773193359375,-0.680694580078125,-0.6082611083984375,-0.2613288164138794,-1.682287931442261,-0.4096953868865967,86.00384521484375,23.715087890625,-33.8841552734375
43926,0.523773193359375,-0.680694580078125,-0.6082611083984375,-0.2613288164138794,-1.682287931442261,-0.4096953868865967,86.00384521484375,23.715087890625,-33.8841552734375
43927,0.5665435791015625,-0.756988525390625,-0.523193359375,-0.4065046310424805,-1.504127502441406,-0.2357395589351654,85.81178283691406,24.01593017578125,-34.49539184570312
43928,0.5770721435546875,-0.7432098388671875,-0.5614776611328125,-0.5366684794425964,-1.247331380844116,0.0744239017367363,85.62995910644531,24.31829833984375,-35.29319763183594
43929,0.5782318115234375,-0.7021331787109375,-0.6100311279296875,-0.653709352016449,-1.00718891620636,0.3930463492870331,85.33351135253906,24.53202819824219,-35.92845153808594
43930,0.542633056640625,-0.6622314453125,-0.6630706787109375,-0.6788703799247742,-0.907439112663269,0.6112732291221619,84.95594787597656,24.75627136230469,-36.64253234863281
43931,0.477203369140625,-0.5828857421875,-0.67449951171875,-0.672309398651123,-0.8749157786369324,0.6909052133560181,84.5435791015625,24.81803894042969,-37.36567687988281
43932,0.4273223876953125,-0.5228729248046875,-0.6786346435546875,-0.7576778531074524,-1.005044221878052,0.5215526819229126,84.20870971679688,24.83872985839844,-37.9307861328125
43933,0.3672332763671875,-0.5296478271484375,-0.6729583740234375,-0.7716469168663025,-1.046980738639832,0.4316877424716949,83.59376525878906,24.68385314941406,-38.74903869628906
43934,0.346832275390625,-0.5418701171875,-0.604888916015625,-0.7604840397834778,-0.759208083152771,0.4109342694282532,83.21139526367188,24.68833923339844,-39.19125366210938
43935,0.346832275390625,-0.5418701171875,-0.604888916015625,-0.7604840397834778,-0.759208083152771,0.4109342694282532,83.21139526367188,24.68833923339844,-39.19125366210938
43936,0.3287811279296875,-0.499969482421875,-0.6805572509765625,-0.7235691547393799,-0.4439817070960999,0.3858947157859802,82.62239074707031,24.80909729003906,-39.97779846191406
43937,0.2862548828125,-0.486480712890625,-0.77838134765625,-0.4852151572704315,-0.1053043156862259,0.3333598673343658,82.14614868164062,24.9268798828125,-40.56941223144531
43938,0.2862548828125,-0.486480712890625,-0.77838134765625,-0.4852151572704315,-0.1053043156862259,0.3333598673343658,82.14614868164062,24.9268798828125,-40.56941223144531
43939,0.2536773681640625,-0.473724365234375,-0.7809906005859375,-0.3811452090740204,0.0260443836450576,0.2990998923778534,81.95523071289062,25.0623779296875,-40.89732360839844
43940,0.2361907958984375,-0.463897705078125,-0.7991943359375,-0.3476240038871765,0.1282205581665039,0.2318430840969086,81.87028503417969,25.11479187011719,-41.12918090820312
43941,0.2366485595703125,-0.4474029541015625,-0.8887176513671875,-0.3758644461631775,-0.0341134965419769,0.0881298556923866,81.85969543457031,25.21441650390625,-41.35630798339844
43942,0.2403564453125,-0.4483489990234375,-0.8953094482421875,-0.3947100341320038,-0.2136390507221222,-0.0012825783342123,81.87289428710938,25.24224853515625,-41.44010925292969
43943,0.2403564453125,-0.4483489990234375,-0.8953094482421875,-0.3947100341320038,-0.2136390507221222,-0.0012825783342123,81.87289428710938,25.24224853515625,-41.44010925292969
43944,0.2424163818359375,-0.46307373046875,-0.885009765625,-0.3966743648052216,-0.3681740164756775,-0.0557229183614254,81.750732421875,25.39927673339844,-41.53857421875
43945,0.227935791015625,-0.4769744873046875,-0.853363037109375,-0.305891215801239,-0.5459898114204407,-0.0488487668335437,81.58526611328125,25.72616577148438,-42.11744689941406
43946,0.2165069580078125,-0.475189208984375,-0.82623291015625,-0.2373864501714706,-0.5257508754730225,-0.0527154095470905,81.44769287109375,25.87289428710938,-42.32672119140625
43947,0.2165069580078125,-0.475189208984375,-0.82623291015625,-0.2373864501714706,-0.5257508754730225,-0.0527154095470905,81.44769287109375,25.87289428710938,-42.32672119140625
43948,0.2002410888671875,-0.47808837890625,-0.8109130859375,-0.1844774335622787,-0.4665384292602539,-0.0674043372273445,81.35964965820312,26.003173828125,-42.57414245605469
43949,0.19232177734375,-0.477020263671875,-0.8641357421875,-0.4681866466999054,-0.6244335174560547,-0.2631991505622864,81.16935729980469,26.20162963867188,-42.9974365234375
43950,0.19232177734375,-0.477020263671875,-0.8641357421875,-0.4681866466999054,-0.6244335174560547,-0.2631991505622864,81.16935729980469,26.20162963867188,-42.9974365234375
43951,0.19091796875,-0.4931640625,-0.891510009765625,-0.4681866466999054,-0.6244335174560547,-0.2631991505622864,81.04869079589844,26.28569030761719,-43.12550354003906
43952,0.198822021484375,-0.502685546875,-0.90570068359375,-0.5743423700332642,-0.6684760451316833,-0.2679558098316193,80.92787170410156,26.50898742675781,-43.42497253417969
43953,0.212127685546875,-0.488555908203125,-0.9389801025390624,-0.2419154196977615,-0.2003048658370972,-0.2233907431364059,80.68891906738281,26.9061279296875,-43.94891357421875
43954,0.212127685546875,-0.488555908203125,-0.9389801025390624,-0.2419154196977615,-0.2003048658370972,-0.2233907431364059,80.68891906738281,26.9061279296875,-43.94891357421875
43955,0.208465576171875,-0.4583282470703125,-0.978057861328125,-0.2419154196977615,-0.2003048658370972,-0.2233907431364059,80.49404907226562,27.07670593261719,-44.01832580566406
43956,0.2105712890625,-0.444732666015625,-1.024612426757812,-0.0467757619917392,-0.1154962331056595,-0.243280291557312,80.56695556640625,27.24234008789062,-44.07942199707031
43957,0.231231689453125,-0.4443206787109375,-1.033096313476562,0.0732888579368591,-0.1274556964635849,-0.2660226225852966,80.61953735351562,27.19432067871094,-44.02821350097656
43958,0.231231689453125,-0.4443206787109375,-1.033096313476562,0.0732888579368591,-0.1274556964635849,-0.2660226225852966,80.61953735351562,27.19432067871094,-44.02821350097656
43959,0.308135986328125,-0.483734130859375,-1.05419921875,0.0361273773014545,-0.3611012101173401,-0.2562355101108551,80.83056640625,27.03947448730469,-43.31459045410156
43960,0.330718994140625,-0.4842987060546875,-1.06219482421875,-0.0240981448441743,-0.5591431856155396,-0.2049765884876251,81.00682067871094,26.80889892578125,-41.91050720214844
43961,0.3303070068359375,-0.463531494140625,-1.060333251953125,-0.0506016574800014,-0.7389523386955261,-0.1528617143630981,80.98170471191406,26.78074645996094,-41.38331604003906
43962,0.31390380859375,-0.4402313232421875,-1.030685424804688,-0.0130835780873894,-0.857313871383667,-0.1394092887639999,80.77357482910156,26.91790771484375,-41.85337829589844
43963,0.2980804443359375,-0.4322662353515625,-0.967803955078125,0.0639763176441192,-0.865459144115448,-0.1215133816003799,80.58387756347656,27.16398620605469,-42.52983093261719
43964,0.278594970703125,-0.4417724609375,-0.89349365234375,0.1352797895669937,-0.7328822016716003,-0.0973169654607772,80.22052001953125,27.40361022949219,-43.18765258789062
43965,0.271636962890625,-0.42919921875,-0.876861572265625,0.1213919445872307,-0.3809713125228882,-0.0525992959737777,79.66339111328125,27.55429077148438,-44.53839111328125
43966,0.271636962890625,-0.42919921875,-0.876861572265625,0.1213919445872307,-0.3809713125228882,-0.0525992959737777,79.66339111328125,27.55429077148438,-44.53839111328125
43967,0.2801361083984375,-0.4073486328125,-0.9280548095703124,0.0758702605962753,-0.309325635433197,-0.0436561331152916,79.53019714355469,27.53172302246094,-44.69674682617188
43968,0.294219970703125,-0.385284423828125,-0.9872283935546876,0.0573786050081253,-0.3789531588554382,-0.0532504394650459,79.37127685546875,27.59965515136719,-44.95887756347656
43969,0.3076934814453125,-0.375732421875,-1.012496948242188,0.0443173982203006,-0.5464503169059753,-0.0681289881467819,79.11820983886719,27.72193908691406,-45.41899108886719
43970,0.31170654296875,-0.3639678955078125,-1.006622314453125,0.0467264913022518,-0.7403278946876526,-0.0877500921487808,79.01689147949219,27.88758850097656,-45.59451293945312
43971,0.3096771240234375,-0.353302001953125,-0.9893951416015624,0.0592010058462619,-0.9207780957221984,-0.1000054255127907,79.05961608886719,27.46119689941406,-44.53167724609375
43972,0.30657958984375,-0.3515167236328125,-0.958709716796875,0.0925288647413253,-1.064178347587585,-0.0950261130928993,79.06488037109375,26.95233154296875,-43.04623413085938
43973,0.3014678955078125,-0.39111328125,-0.8711700439453125,0.2487821280956268,-1.143669724464417,-0.0290164705365896,78.30149841308594,27.14071655273438,-44.4874267578125
43974,0.3014678955078125,-0.39111328125,-0.8711700439453125,0.2487821280956268,-1.143669724464417,-0.0290164705365896,78.30149841308594,27.14071655273438,-44.4874267578125
43975,0.29931640625,-0.408935546875,-0.8510589599609375,0.2740176916122437,-1.128644943237305,0.0405940301716327,78.03831481933594,26.99952697753906,-44.06048583984375
43976,0.298248291015625,-0.4124755859375,-0.8754730224609375,0.2297927141189575,-1.198582053184509,0.1016707047820091,77.81793212890625,26.67240905761719,-43.48382568359375
43977,0.253875732421875,-0.393157958984375,-0.8444061279296875,0.0005635248962789,-1.543209195137024,0.1429150700569153,76.83804321289062,26.60313415527344,-44.29049682617188
43978,0.253875732421875,-0.393157958984375,-0.8444061279296875,0.0005635248962789,-1.543209195137024,0.1429150700569153,76.83804321289062,26.60313415527344,-44.29049682617188
43979,0.1680755615234375,-0.3631744384765625,-0.800750732421875,-0.2341334074735641,-1.489199757575989,0.1061248406767845,75.78593444824219,26.71296691894531,-45.94984436035156
43980,0.1680755615234375,-0.3631744384765625,-0.800750732421875,-0.2341334074735641,-1.489199757575989,0.1061248406767845,75.78593444824219,26.71296691894531,-45.94984436035156
43981,0.1360931396484375,-0.3527069091796875,-0.8665618896484375,-0.1727781742811203,-1.292253136634827,0.0299464464187622,74.8349609375,26.78427124023438,-46.38296508789062
43982,0.1360931396484375,-0.3527069091796875,-0.8665618896484375,-0.1727781742811203,-1.292253136634827,0.0299464464187622,74.8349609375,26.78427124023438,-46.38296508789062
43983,0.12957763671875,-0.3559722900390625,-0.8497161865234375,-0.115241102874279,-1.170936584472656,0.0115964682772755,74.32545471191406,26.82991027832031,-46.75567626953125
43984,0.11871337890625,-0.3684844970703125,-0.8489837646484375,-0.0804706066846847,-1.016036748886108,0.0252137444913387,73.7867431640625,26.93397521972656,-47.35226440429688
43985,0.0699920654296875,-0.342681884765625,-0.8546142578125,-0.065721221268177,-0.8417245745658875,0.0449549593031406,72.97074890136719,27.04632568359375,-48.12605285644531
43986,0.0699920654296875,-0.342681884765625,-0.8546142578125,-0.065721221268177,-0.8417245745658875,0.0449549593031406,72.97074890136719,27.04632568359375,-48.12605285644531
43987,0.05645751953125,-0.331573486328125,-0.883056640625,-0.1783569604158401,-0.8115831613540649,0.0169169325381517,72.69371032714844,26.8743896484375,-47.74739074707031
43988,0.0479888916015625,-0.3150634765625,-0.95660400390625,-0.3654240369796753,-0.911702573299408,-0.0148029141128063,72.36766052246094,26.699462890625,-47.71739196777344
43989,0.0529022216796875,-0.3055267333984375,-0.9781341552734376,-0.6389309763908386,-1.206716060638428,-0.1514656841754913,71.69366455078125,27.21751403808594,-49.19248962402344
43990,0.0529022216796875,-0.3055267333984375,-0.9781341552734376,-0.6389309763908386,-1.206716060638428,-0.1514656841754913,71.69366455078125,27.21751403808594,-49.19248962402344
43991,0.045684814453125,-0.3393707275390625,-0.944061279296875,-0.6270670890808105,-1.124289393424988,-0.1701022237539291,71.36070251464844,27.27326965332031,-48.90834045410156
43992,0.034698486328125,-0.3547210693359375,-0.886322021484375,-0.4626254439353943,-0.8747120499610901,-0.1389349848031998,71.12684631347656,27.08609008789062,-48.00233459472656
43993,0.0138092041015625,-0.337371826171875,-0.8358154296875,-0.0571128204464912,-0.0923038274049758,-0.0450239330530166,70.68545532226562,27.20928955078125,-47.23324584960938
43994,0.0138092041015625,-0.337371826171875,-0.8358154296875,-0.0571128204464912,-0.0923038274049758,-0.0450239330530166,70.68545532226562,27.20928955078125,-47.23324584960938
43995,0.01513671875,-0.320831298828125,-0.8842620849609375,0.030972296372056,0.1458757072687149,-0.0298305992037057,70.42283630371094,27.3826904296875,-47.94744873046875
43996,0.0161590576171875,-0.3070068359375,-0.9086151123046876,0.0363012813031673,0.2064564973115921,-0.0335390530526638,70.38198852539062,27.62808227539062,-48.260498046875
43997,0.0313568115234375,-0.304046630859375,-0.924774169921875,-0.0324479527771472,0.2582179605960846,-0.0439765118062496,70.52874755859375,27.56275939941406,-47.4525146484375
43998,0.0313568115234375,-0.304046630859375,-0.924774169921875,-0.0324479527771472,0.2582179605960846,-0.0439765118062496,70.52874755859375,27.56275939941406,-47.4525146484375
43999,0.04254150390625,-0.32183837890625,-0.9396514892578124,0.0191414710134267,0.2489826530218124,-0.0265980549156665,70.71224975585938,27.39024353027344,-47.25599670410156
44000,0.04498291015625,-0.3325347900390625,-0.90606689453125,0.1471090167760849,0.2259308695793152,0.0095599489286541,70.87330627441406,27.35191345214844,-47.04985046386719
44001,-0.037109375,-0.3441009521484375,-0.7082977294921875,0.4175551533699036,0.7239140272140503,0.0529484339058399,70.84844970703125,27.78134155273438,-49.1485595703125
44002,-0.037109375,-0.3441009521484375,-0.7082977294921875,0.4175551533699036,0.7239140272140503,0.0529484339058399,70.84844970703125,27.78134155273438,-49.1485595703125
44003,-0.037109375,-0.3441009521484375,-0.7082977294921875,0.4175551533699036,0.7239140272140503,0.0529484339058399,70.84844970703125,27.78134155273438,-49.1485595703125
44004,-0.046539306640625,-0.3530426025390625,-0.6824951171875,0.3863599598407745,1.024884819984436,0.0121171167120337,70.95863342285156,27.64932250976562,-49.15742492675781
44005,0.0249481201171875,-0.3896484375,-0.7917633056640625,0.1924591958522797,1.476775527000427,0.0051260525360703,71.64840698242188,27.38436889648438,-48.86976623535156
44006,0.0249481201171875,-0.3896484375,-0.7917633056640625,0.1924591958522797,1.476775527000427,0.0051260525360703,71.64840698242188,27.38436889648438,-48.86976623535156
44007,0.050262451171875,-0.3872833251953125,-0.8739013671875,0.120733343064785,1.481958627700806,0.0423935279250145,72.0255126953125,27.2689208984375,-48.5826416015625
44008,0.0559539794921875,-0.3651580810546875,-0.9449462890625,0.0969017818570137,1.344656348228455,0.0661401376128196,72.52806091308594,27.08984375,-48.17819213867188
44009,0.049957275390625,-0.3343505859375,-0.98992919921875,0.1187908351421356,0.7710133790969849,-0.0360173881053924,73.488037109375,27.10694885253906,-47.78898620605469
44010,0.049957275390625,-0.3343505859375,-0.98992919921875,0.1187908351421356,0.7710133790969849,-0.0360173881053924,73.488037109375,27.10694885253906,-47.78898620605469
44011,0.053985595703125,-0.343475341796875,-0.95660400390625,0.0933541804552078,0.5091404914855957,-0.1010645627975464,73.80615234375,27.11508178710938,-47.52729797363281
44012,0.0531005859375,-0.3595428466796875,-0.8876495361328125,0.0594787746667861,0.385841429233551,-0.1352158784866333,74.18426513671875,27.13623046875,-47.41737365722656
44013,0.074249267578125,-0.356475830078125,-0.83563232421875,0.1508619487285614,0.7766592502593994,-0.152556523680687,74.67085266113281,27.15159606933594,-47.24310302734375
44014,0.074249267578125,-0.356475830078125,-0.83563232421875,0.1508619487285614,0.7766592502593994,-0.152556523680687,74.67085266113281,27.15159606933594,-47.24310302734375
44015,0.074249267578125,-0.356475830078125,-0.83563232421875,0.1508619487285614,0.7766592502593994,-0.152556523680687,74.67085266113281,27.15159606933594,-47.24310302734375
44016,0.086395263671875,-0.3562469482421875,-0.849609375,0.2735260725021362,0.9192198514938354,-0.1502454280853271,74.92286682128906,27.08328247070312,-47.08616638183594
44017,0.1714935302734375,-0.3785858154296875,-0.9377899169921876,0.2912733852863312,0.6407762765884399,-0.1957489997148514,75.87518310546875,27.03042602539062,-46.50801086425781
44018,0.1714935302734375,-0.3785858154296875,-0.9377899169921876,0.2912733852863312,0.6407762765884399,-0.1957489997148514,75.87518310546875,27.03042602539062,-46.50801086425781
44019,0.1714935302734375,-0.3785858154296875,-0.9377899169921876,0.2912733852863312,0.6407762765884399,-0.1957489997148514,75.87518310546875,27.03042602539062,-46.50801086425781
44020,0.18353271484375,-0.3906402587890625,-0.92840576171875,0.1774842441082001,0.3550230860710144,-0.2080274969339371,76.2535400390625,26.94381713867188,-46.21505737304688
44021,0.1852264404296875,-0.41278076171875,-0.8378143310546875,-0.0436412207782268,-0.0043851612135767,-0.2324657291173935,76.51760864257812,26.94444274902344,-45.89141845703125
44022,0.1852264404296875,-0.41278076171875,-0.8378143310546875,-0.0436412207782268,-0.0043851612135767,-0.2324657291173935,76.51760864257812,26.94444274902344,-45.89141845703125
44023,0.193023681640625,-0.42303466796875,-0.806976318359375,-0.1084865257143974,-0.0246089398860931,-0.2234506607055664,76.59507751464844,27.14424133300781,-46.19871520996094
44024,0.2089385986328125,-0.4261016845703125,-0.8050689697265625,-0.1391509622335434,-0.0379870645701885,-0.2107018530368805,76.55818176269531,27.23222351074219,-46.22579956054688
44025,0.230133056640625,-0.4423980712890625,-0.798065185546875,-0.2362876385450363,-0.1564109176397324,-0.1412982642650604,76.66105651855469,27.47050476074219,-46.21224975585938
44026,0.230133056640625,-0.4423980712890625,-0.798065185546875,-0.2362876385450363,-0.1564109176397324,-0.1412982642650604,76.66105651855469,27.47050476074219,-46.21224975585938
44027,0.2354736328125,-0.4303436279296875,-0.8090972900390625,-0.3531056046485901,-0.2637331187725067,-0.121936023235321,76.64495849609375,27.57342529296875,-46.19001770019531
44028,0.2465057373046875,-0.4272308349609375,-0.82843017578125,-0.5003001093864441,-0.3568673133850098,-0.104157030582428,76.63179016113281,27.65028381347656,-45.97140502929688
44029,0.252471923828125,-0.400970458984375,-0.9261016845703124,-0.6452801823616028,-0.5886406302452087,-0.0424073785543441,76.56529235839844,27.98146057128906,-46.39991760253906
44030,0.252471923828125,-0.400970458984375,-0.9261016845703124,-0.6452801823616028,-0.5886406302452087,-0.0424073785543441,76.56529235839844,27.98146057128906,-46.39991760253906
44031,0.24859619140625,-0.39300537109375,-0.9630126953125,-0.6223253607749939,-0.775570809841156,-0.0275352206081152,76.3134765625,28.14389038085938,-46.36961364746094
44032,0.2458648681640625,-0.3910675048828125,-0.9736785888671876,-0.6109829545021057,-1.003497719764709,-0.0091468933969736,76.254150390625,28.1385498046875,-45.72209167480469
44033,0.1521759033203125,-0.3794403076171875,-0.9357147216796876,-0.873820424079895,-1.354755401611328,0.1741576790809631,74.84593200683594,28.87762451171875,-47.39933776855469
44034,0.1521759033203125,-0.3794403076171875,-0.9357147216796876,-0.873820424079895,-1.354755401611328,0.1741576790809631,74.84593200683594,28.87762451171875,-47.39933776855469
44035,0.1521759033203125,-0.3794403076171875,-0.9357147216796876,-0.873820424079895,-1.354755401611328,0.1741576790809631,74.84593200683594,28.87762451171875,-47.39933776855469
44036,0.1521759033203125,-0.3794403076171875,-0.9357147216796876,-0.873820424079895,-1.354755401611328,0.1741576790809631,74.84593200683594,28.87762451171875,-47.39933776855469
44037,0.0879669189453125,-0.33795166015625,-1.021652221679688,-0.8467946648597717,-1.391695857048035,0.2203062772750854,73.70957946777344,29.64218139648438,-49.05531311035156
44038,0.0879669189453125,-0.33795166015625,-1.021652221679688,-0.8467946648597717,-1.391695857048035,0.2203062772750854,73.70957946777344,29.64218139648438,-49.05531311035156
44039,0.06158447265625,-0.3231353759765625,-1.047012329101562,-0.7552064061164856,-1.429578185081482,0.2191291600465775,73.09101867675781,29.97843933105469,-49.72407531738281
44040,0.037872314453125,-0.3028411865234375,-1.043502807617188,-0.6644091606140137,-1.484719276428223,0.2010079473257065,72.48170471191406,30.35404968261719,-50.11325073242188
44041,-0.005096435546875,-0.2725830078125,-0.9527587890625,-0.5273527503013611,-1.296407103538513,0.1447875499725342,71.2781982421875,30.9412841796875,-51.0997314453125
44042,-0.005096435546875,-0.2725830078125,-0.9527587890625,-0.5273527503013611,-1.296407103538513,0.1447875499725342,71.2781982421875,30.9412841796875,-51.0997314453125
44043,-0.01214599609375,-0.2761077880859375,-0.960418701171875,-0.4669458866119385,-1.094740271568298,0.1265254467725754,70.66748046875,31.14842224121094,-51.36509704589844
44044,-0.014923095703125,-0.271392822265625,-0.967620849609375,-0.3966336250305176,-0.9127952456474304,0.130007266998291,70.16532897949219,31.33193969726562,-51.68576049804688
44045,-0.042144775390625,-0.2730255126953125,-0.9564056396484376,-0.1700090169906616,-0.469112902879715,0.1374015361070633,69.41633605957031,31.48614501953125,-52.06105041503906
44046,-0.042144775390625,-0.2730255126953125,-0.9564056396484376,-0.1700090169906616,-0.469112902879715,0.1374015361070633,69.41633605957031,31.48614501953125,-52.06105041503906
44047,-0.0491790771484375,-0.2649688720703125,-0.9639434814453124,-0.0424973927438259,-0.2620555758476257,0.1175460740923882,69.02864074707031,31.62997436523438,-52.32675170898438
44048,-0.0482940673828125,-0.2575836181640625,-0.9674835205078124,0.0531473755836486,-0.113644540309906,0.0748385563492775,68.69113159179688,31.63470458984375,-52.49095153808594
44049,-0.038482666015625,-0.2625732421875,-0.966552734375,0.1202678233385086,-0.0098347878083586,0.0297797340899705,68.62977600097656,31.60659790039062,-52.54740905761719
44050,-0.0217437744140625,-0.2732086181640625,-0.972015380859375,0.158081516623497,0.0373899824917316,-0.0079500684514641,68.4822998046875,31.60911560058594,-52.62455749511719
44051,-0.0074310302734375,-0.28863525390625,-0.963348388671875,0.1810395568609238,0.0334751345217227,-0.0366629399359226,68.48292541503906,31.56117248535156,-52.35025024414062
44052,0.0,-0.302490234375,-0.93231201171875,0.1955817490816116,0.0222541727125644,-0.049214418977499,68.53916931152344,31.43232727050781,-51.79632568359375
44053,0.001678466796875,-0.325897216796875,-0.8537750244140625,0.1324011832475662,0.1056015267968178,-0.0324125327169895,68.70843505859375,31.19972229003906,-51.20356750488281
44054,0.001678466796875,-0.325897216796875,-0.8537750244140625,0.1324011832475662,0.1056015267968178,-0.0324125327169895,68.70843505859375,31.19972229003906,-51.20356750488281
44055,0.006317138671875,-0.34185791015625,-0.8345184326171875,0.0819135084748268,0.2377901971340179,-0.0063662864267826,68.58305358886719,31.41297912597656,-52.26304626464844
44056,0.0155029296875,-0.358734130859375,-0.8479461669921875,0.0380656272172927,0.3839695155620575,0.0449019595980644,68.64442443847656,31.347412109375,-52.29464721679688
44057,0.025146484375,-0.3660125732421875,-0.946075439453125,0.0511321611702442,0.4769407212734222,0.1612216532230377,68.80319213867188,31.31826782226562,-52.03408813476562
44058,0.025146484375,-0.3660125732421875,-0.946075439453125,0.0511321611702442,0.4769407212734222,0.1612216532230377,68.80319213867188,31.31826782226562,-52.03408813476562
44059,0.015838623046875,-0.357940673828125,-0.96380615234375,0.0704597830772399,0.3842946887016296,0.1994758248329163,69.10781860351562,31.02322387695312,-51.45343017578125
44060,-0.0062713623046875,-0.33441162109375,-0.9485015869140624,0.0637819096446037,0.2985211908817291,0.2127213180065155,69.33544921875,30.83834838867188,-50.65447998046875
44061,-0.05218505859375,-0.2995452880859375,-0.881561279296875,0.0409735329449176,0.2789389491081238,0.1357442438602448,69.38597106933594,31.11700439453125,-51.82423400878906
44062,-0.05218505859375,-0.2995452880859375,-0.881561279296875,0.0409735329449176,0.2789389491081238,0.1357442438602448,69.38597106933594,31.11700439453125,-51.82423400878906
44063,-0.0581817626953125,-0.3072052001953125,-0.8518829345703125,0.0457903929054737,0.3786996304988861,0.0738627687096595,69.42660522460938,31.00555419921875,-51.77049255371094
44064,-0.0440673828125,-0.3361358642578125,-0.8468475341796875,0.0478713847696781,0.5189344882965088,0.0180815327912569,69.56497192382812,30.87858581542969,-51.51727294921875
44065,0.02801513671875,-0.4408111572265625,-0.9493408203125,-0.0393037311732769,0.6409506797790527,0.046754989773035,70.25318908691406,30.46705627441406,-50.44241333007812
44066,0.02801513671875,-0.4408111572265625,-0.9493408203125,-0.0393037311732769,0.6409506797790527,0.046754989773035,70.25318908691406,30.46705627441406,-50.44241333007812
44067,0.02801513671875,-0.4408111572265625,-0.9493408203125,-0.0393037311732769,0.6409506797790527,0.046754989773035,70.25318908691406,30.46705627441406,-50.44241333007812
44068,0.02447509765625,-0.457763671875,-0.9572296142578124,-0.0837958306074142,0.5709875822067261,0.087909884750843,70.5006103515625,30.22160339355469,-49.55879211425781
44069,-0.001983642578125,-0.428680419921875,-0.942535400390625,-0.0941291600465774,0.5108198523521423,0.1158240735530853,70.77407836914062,30.80697631835938,-50.465087890625
44070,-0.0079193115234375,-0.4128875732421875,-0.9345703125,-0.077150709927082,0.5592318773269653,0.0875551477074623,70.85690307617188,31.09074401855469,-51.26092529296875
44071,-0.0079193115234375,-0.4128875732421875,-0.9345703125,-0.077150709927082,0.5592318773269653,0.0875551477074623,70.85690307617188,31.09074401855469,-51.26092529296875
44072,-0.0025482177734375,-0.405731201171875,-0.9597015380859376,-0.1007468476891518,0.6527077555656433,0.0636133328080177,70.94621276855469,31.31443786621094,-51.983642578125
44073,0.00726318359375,-0.38812255859375,-1.032791137695312,-0.1165958568453789,0.700322151184082,0.0471715070307254,71.15415954589844,31.19570922851562,-51.79647827148438
44074,0.0068817138671875,-0.3501434326171875,-1.116378784179688,-0.0726321265101432,0.5919775366783142,0.0067708208225667,71.35389709472656,31.18998718261719,-51.92987060546875
44075,-0.0012969970703125,-0.30267333984375,-1.155792236328125,0.0156244998797774,0.4018185436725616,-0.0837550833821296,71.54792785644531,31.38327026367188,-51.99127197265625
44076,-7.62939453125e-05,-0.2816314697265625,-1.139404296875,0.1377940773963928,0.1973716616630554,-0.243858203291893,71.74957275390625,31.40202331542969,-51.91297912597656
44077,0.0074462890625,-0.3081512451171875,-1.03582763671875,0.3688267767429352,0.1756506562232971,-0.4301223456859589,72.10777282714844,31.47297668457031,-51.53504943847656
44078,0.0074462890625,-0.3081512451171875,-1.03582763671875,0.3688267767429352,0.1756506562232971,-0.4301223456859589,72.10777282714844,31.47297668457031,-51.53504943847656
44079,0.010162353515625,-0.2986602783203125,-1.016677856445312,0.4344188272953033,0.3029148578643799,-0.4580325484275818,72.22975158691406,31.33453369140625,-51.17874145507812
44080,0.0185699462890625,-0.2764892578125,-1.032394409179688,0.4655565023422241,0.4237645864486694,-0.4809035062789917,72.32633972167969,31.28659057617188,-50.87019348144531
44081,0.0442352294921875,-0.23809814453125,-1.06500244140625,0.4703182280063629,0.4342955350875854,-0.5402059555053711,72.68211364746094,31.21275329589844,-51.33476257324219
44082,0.0442352294921875,-0.23809814453125,-1.06500244140625,0.4703182280063629,0.4342955350875854,-0.5402059555053711,72.68211364746094,31.21275329589844,-51.33476257324219
44083,0.0504150390625,-0.23089599609375,-1.068252563476562,0.4619314074516296,0.3580092787742615,-0.580704391002655,72.7989501953125,31.20834350585938,-51.40245056152344
44084,0.0441436767578125,-0.201751708984375,-1.0648193359375,0.4472536742687225,0.188586950302124,-0.5873521566390991,73.08966064453125,31.11677551269531,-51.28219604492188
44085,0.0722198486328125,-0.193450927734375,-0.963104248046875,0.3686033189296722,-0.09208545088768,-0.7559784650802612,73.4676513671875,30.91856384277344,-50.850341796875
44086,0.0722198486328125,-0.193450927734375,-0.963104248046875,0.3686033189296722,-0.09208545088768,-0.7559784650802612,73.4676513671875,30.91856384277344,-50.850341796875
44087,0.1064453125,-0.241058349609375,-0.946929931640625,0.3081769943237305,-0.1231533586978912,-0.757037878036499,73.49485778808594,31.01434326171875,-51.01226806640625
44088,0.1459197998046875,-0.2761383056640625,-0.94451904296875,0.2502582967281342,-0.1521152257919312,-0.6840276122093201,73.64004516601562,31.09341430664062,-51.18592834472656
44089,0.1730804443359375,-0.2889556884765625,-0.9569549560546876,0.1212281584739685,-0.3645851612091064,-0.4713467657566071,73.65980529785156,31.33309936523438,-51.32723999023438
44090,0.1730804443359375,-0.2889556884765625,-0.9569549560546876,0.1212281584739685,-0.3645851612091064,-0.4713467657566071,73.65980529785156,31.33309936523438,-51.32723999023438
44091,0.1716156005859375,-0.27410888671875,-0.937774658203125,0.0561330430209636,-0.5100778937339783,-0.3890380263328552,73.58056640625,31.37506103515625,-51.39430236816406
44092,0.1705780029296875,-0.2824859619140625,-0.9086151123046876,0.0046645267866551,-0.638009250164032,-0.36226686835289,73.57754516601562,31.32200622558594,-51.35841369628906
44093,0.166229248046875,-0.3267669677734375,-0.8624267578125,-0.0326761864125728,-0.6865695714950562,-0.3194445669651031,73.57954406738281,31.32223510742188,-51.41511535644531
44094,0.152679443359375,-0.379547119140625,-0.804229736328125,-0.0529260635375976,-0.600726306438446,-0.2231617122888565,73.41464233398438,31.34683227539062,-51.54145812988281
44095,0.1494598388671875,-0.3965606689453125,-0.779571533203125,-0.08186636865139,-0.3519391417503357,-0.0932423323392868,73.28266906738281,31.27989196777344,-51.68008422851562
44096,0.1560211181640625,-0.368865966796875,-0.81378173828125,-0.069001168012619,-0.1327947974205017,0.015073224902153,73.12811279296875,31.32774353027344,-51.67399597167969
44097,0.1569366455078125,-0.3272552490234375,-0.9067840576171876,-0.0496320016682148,-0.0340980477631092,0.1102370247244835,73.03012084960938,31.56742858886719,-51.80091857910156
44098,0.1569366455078125,-0.3272552490234375,-0.9067840576171876,-0.0496320016682148,-0.0340980477631092,0.1102370247244835,73.03012084960938,31.56742858886719,-51.80091857910156
44099,0.1488037109375,-0.3166961669921875,-0.913238525390625,-0.046454582363367,-0.0603309832513332,0.1523605138063431,72.90925598144531,31.60481262207031,-51.92805480957031
44100,0.1419677734375,-0.3056793212890625,-0.9003448486328125,-0.0492506362497806,-0.0476743131875991,0.1602685004472733,72.97622680664062,31.65988159179688,-52.00126647949219
44101,0.1454620361328125,-0.2797698974609375,-0.9172821044921876,-0.0011792477453127,0.0518847703933715,0.1271531581878662,73.17118835449219,31.03097534179688,-50.27635192871094
44102,0.1454620361328125,-0.2797698974609375,-0.9172821044921876,-0.0011792477453127,0.0518847703933715,0.1271531581878662,73.17118835449219,31.03097534179688,-50.27635192871094
44103,0.1454620361328125,-0.2797698974609375,-0.9172821044921876,-0.0011792477453127,0.0518847703933715,0.1271531581878662,73.17118835449219,31.03097534179688,-50.27635192871094
44104,0.1432952880859375,-0.2952880859375,-0.9272003173828124,-0.0119402827695012,0.0110771525651216,0.1052273511886597,73.30537414550781,30.85798645019531,-49.94862365722656
44105,0.1224822998046875,-0.3029632568359375,-0.9440460205078124,-0.1191498264670372,-0.1009242162108421,0.1137625202536583,73.28204345703125,31.01824951171875,-50.79074096679688
44106,0.1224822998046875,-0.3029632568359375,-0.9440460205078124,-0.1191498264670372,-0.1009242162108421,0.1137625202536583,73.28204345703125,31.01824951171875,-50.79074096679688
44107,0.10723876953125,-0.29425048828125,-0.943939208984375,-0.1536340266466141,-0.1475244760513306,0.1035213321447372,73.06698608398438,31.33613586425781,-51.67034912109375
44108,0.0930633544921875,-0.28741455078125,-0.9330596923828124,-0.1632195562124252,-0.1465247273445129,0.0816117748618125,72.87654113769531,31.41111755371094,-51.891845703125
44109,0.0896453857421875,-0.2952728271484375,-0.9433441162109376,-0.1305305808782578,-0.0321845673024654,0.0286910329014062,72.80839538574219,31.44924926757812,-51.86581420898438
44110,0.0896453857421875,-0.2952728271484375,-0.9433441162109376,-0.1305305808782578,-0.0321845673024654,0.0286910329014062,72.80839538574219,31.44924926757812,-51.86581420898438
44111,0.1096343994140625,-0.3003082275390625,-0.980865478515625,-0.101333811879158,-0.036842968314886,0.0262534413486719,72.8489990234375,31.5087890625,-51.92317199707031
44112,0.1155853271484375,-0.3024749755859375,-0.99273681640625,-0.0510192401707172,-0.1083038374781609,0.0333566255867481,72.70671081542969,31.78280639648438,-52.13206481933594
44113,0.0932464599609375,-0.3025360107421875,-0.954376220703125,0.0250736605376005,-0.1809096038341522,0.0334735363721847,72.68922424316406,31.82843017578125,-52.16024780273438
44114,0.0932464599609375,-0.3025360107421875,-0.954376220703125,0.0250736605376005,-0.1809096038341522,0.0334735363721847,72.68922424316406,31.82843017578125,-52.16024780273438
44115,0.0786590576171875,-0.296844482421875,-0.93212890625,0.0469523295760154,-0.1339940130710602,0.0257431808859109,72.56777954101562,31.73820495605469,-52.16459655761719
44116,0.0764923095703125,-0.3031158447265625,-0.914794921875,0.0670946165919303,0.0158932134509086,-0.0249010883271694,72.50958251953125,31.61279296875,-52.06271362304688
44117,0.0764923095703125,-0.3031158447265625,-0.914794921875,0.0670946165919303,0.0158932134509086,-0.0249010883271694,72.50958251953125,31.61279296875,-52.06271362304688
44118,0.0956573486328125,-0.3216705322265625,-0.9375152587890624,0.0433003343641758,0.0409074872732162,-0.0266795475035905,72.47367858886719,31.65756225585938,-52.21133422851562
44119,0.1148681640625,-0.3388519287109375,-0.9596405029296876,0.0109280152246356,-0.0084400903433561,-0.0077181071974337,72.48439025878906,31.68873596191406,-52.2874755859375
44120,0.12005615234375,-0.3475799560546875,-0.946685791015625,-0.0894414633512496,-0.1674779504537582,0.0727325230836868,72.50138854980469,31.69129943847656,-52.07548522949219
44121,0.057708740234375,-0.2999725341796875,-0.907958984375,0.023182550445199,0.023207850754261,0.1089408621191978,72.10868835449219,31.89314270019531,-52.37535095214844
44122,0.057708740234375,-0.2999725341796875,-0.907958984375,0.023182550445199,0.023207850754261,0.1089408621191978,72.10868835449219,31.89314270019531,-52.37535095214844
44123,0.057708740234375,-0.2999725341796875,-0.907958984375,0.023182550445199,0.023207850754261,0.1089408621191978,72.10868835449219,31.89314270019531,-52.37535095214844
44124,0.057708740234375,-0.2999725341796875,-0.907958984375,0.023182550445199,0.023207850754261,0.1089408621191978,72.10868835449219,31.89314270019531,-52.37535095214844
44125,0.057708740234375,-0.2999725341796875,-0.907958984375,0.023182550445199,0.023207850754261,0.1089408621191978,72.10868835449219,31.89314270019531,-52.37535095214844
44126,0.05975341796875,-0.3018951416015625,-0.9083709716796876,0.0666282922029495,0.0504067130386829,0.0803590193390846,72.107421875,31.8485107421875,-52.41105651855469
44127,0.0649871826171875,-0.31121826171875,-0.9044036865234376,0.0514570660889148,0.0380014441907405,0.0541668310761451,72.13374328613281,31.83622741699219,-52.48188781738281
44128,0.0707244873046875,-0.3206024169921875,-0.8944854736328125,0.004563592839986,-0.0076488647609949,0.0296303294599056,72.1708984375,31.83869934082031,-52.37783813476562
44129,0.088836669921875,-0.3392791748046875,-0.8814697265625,-0.1351575553417206,-0.0607538931071758,0.0401338376104831,72.22805786132812,31.83912658691406,-52.47917175292969
44130,0.088836669921875,-0.3392791748046875,-0.8814697265625,-0.1351575553417206,-0.0607538931071758,0.0401338376104831,72.22805786132812,31.83912658691406,-52.47917175292969
44131,0.0969696044921875,-0.3248291015625,-0.881103515625,-0.1976150721311569,-0.0438694544136524,0.0780420675873756,72.20486450195312,31.79939270019531,-52.46099853515625
44132,0.190521240234375,-0.340362548828125,-0.9685211181640624,-0.1955836117267609,-0.0313398130238056,0.1301372349262238,72.21083068847656,31.88395690917969,-52.36259460449219
44133,0.1713409423828125,-0.364990234375,-1.024490356445312,-0.1227091401815414,-0.1118929758667946,0.2292811274528503,72.22276306152344,31.93238830566406,-52.39573669433594
44134,0.1656646728515625,-0.317840576171875,-1.0604248046875,-0.069305308163166,-0.2636068761348724,0.2622726261615753,72.07783508300781,31.91374206542969,-52.50857543945312
44135,0.0681915283203125,-0.295440673828125,-1.073272705078125,-0.054029680788517,-0.5317009091377258,0.2210117429494858,72.00379943847656,31.94622802734375,-52.455078125
44136,-0.070556640625,-0.2393646240234375,-0.9950103759765624,-0.0819542557001113,-0.4454858601093292,0.1211557164788246,71.812744140625,31.88768005371094,-52.30479431152344
44137,-0.013153076171875,-0.3428955078125,-0.8701019287109375,0.374034583568573,0.2785168588161469,-0.0310822855681181,71.34541320800781,31.83277893066406,-52.7259521484375
44138,-0.013153076171875,-0.3428955078125,-0.8701019287109375,0.374034583568573,0.2785168588161469,-0.0310822855681181,71.34541320800781,31.83277893066406,-52.7259521484375
44139,-0.013153076171875,-0.3428955078125,-0.8701019287109375,0.374034583568573,0.2785168588161469,-0.0310822855681181,71.34541320800781,31.83277893066406,-52.7259521484375
44140,0.0404815673828125,-0.413238525390625,-0.831787109375,0.365479975938797,0.6113530993461609,0.0593552030622959,71.36956787109375,31.7366943359375,-52.56773376464844
44141,0.1078948974609375,-0.3657989501953125,-1.115982055664062,0.4397046566009521,0.6024661660194397,0.2294797897338867,71.99058532714844,31.19145202636719,-52.37997436523438
44142,0.1078948974609375,-0.3657989501953125,-1.115982055664062,0.4397046566009521,0.6024661660194397,0.2294797897338867,71.99058532714844,31.19145202636719,-52.37997436523438
44143,0.1078948974609375,-0.3657989501953125,-1.115982055664062,0.4397046566009521,0.6024661660194397,0.2294797897338867,71.99058532714844,31.19145202636719,-52.37997436523438
44144,0.0966949462890625,-0.4794921875,-1.101409912109375,0.5884512662887573,-0.0134769268333911,0.2647381722927094,72.32305908203125,30.97630310058594,-51.950927734375
44145,0.0966949462890625,-0.4794921875,-1.101409912109375,0.5884512662887573,-0.0134769268333911,0.2647381722927094,72.32305908203125,30.97630310058594,-51.950927734375
44146,0.113037109375,-0.44677734375,-0.9743804931640624,0.6820821762084961,-0.0519066080451011,0.3269546926021576,72.36050415039062,30.71588134765625,-51.86001586914062
44147,0.127227783203125,-0.4054107666015625,-0.937896728515625,0.7505661249160767,0.0259032361209392,0.4105294644832611,72.36758422851562,30.42466735839844,-51.75140380859375
44148,0.146759033203125,-0.38275146484375,-0.933929443359375,0.7947085499763489,0.1872889399528503,0.5008364915847778,72.42135620117188,30.03155517578125,-51.50355529785156
44149,0.1316986083984375,-0.42919921875,-1.000198364257812,1.714735388755798,0.7776228189468384,0.3212182521820068,72.45030212402344,28.15286254882812,-50.62579345703125
44150,0.1316986083984375,-0.42919921875,-1.000198364257812,1.714735388755798,0.7776228189468384,0.3212182521820068,72.45030212402344,28.15286254882812,-50.62579345703125
44151,0.1316986083984375,-0.42919921875,-1.000198364257812,1.714735388755798,0.7776228189468384,0.3212182521820068,72.45030212402344,28.15286254882812,-50.62579345703125
44152,0.1316986083984375,-0.42919921875,-1.000198364257812,1.714735388755798,0.7776228189468384,0.3212182521820068,72.45030212402344,28.15286254882812,-50.62579345703125
44153,0.05157470703125,-0.70343017578125,-1.025833129882812,2.011640548706055,0.9959561824798584,-0.1890756487846375,72.87359619140625,26.8812255859375,-49.77934265136719
44154,0.05157470703125,-0.70343017578125,-1.025833129882812,2.011640548706055,0.9959561824798584,-0.1890756487846375,72.87359619140625,26.8812255859375,-49.77934265136719
44155,0.067108154296875,-0.719940185546875,-1.10491943359375,2.092403411865234,0.9146426916122437,-0.3121179640293121,73.10256958007812,26.32243347167969,-49.08546447753906
44156,0.088836669921875,-0.7274627685546875,-1.095077514648438,2.101882219314575,0.8568060398101807,-0.4298086166381836,73.52067565917969,25.6572265625,-48.38789367675781
44157,0.0760650634765625,-0.72113037109375,-0.93402099609375,1.873700499534607,0.9454932808876038,-0.653022289276123,74.30921936035156,24.49166870117188,-47.07279968261719
44158,0.0760650634765625,-0.72113037109375,-0.93402099609375,1.873700499534607,0.9454932808876038,-0.653022289276123,74.30921936035156,24.49166870117188,-47.07279968261719
44159,0.047119140625,-0.704132080078125,-0.8942413330078125,1.608483552932739,1.22832179069519,-0.7048476338386536,74.65512084960938,23.92219543457031,-46.30426025390625
44160,0.0583038330078125,-0.73406982421875,-0.86474609375,1.13702380657196,1.571012020111084,-0.7140930891036987,75.1279296875,23.44938659667969,-45.570556640625
44161,0.0796966552734375,-0.9161376953125,-0.8067169189453125,0.0133363120257854,2.295652389526367,-0.4894818067550659,76.46353149414062,22.95932006835938,-44.04426574707031
44162,0.0645599365234375,-0.970611572265625,-0.8847808837890625,-0.3468796610832214,2.302518129348755,-0.0273261629045009,77.15602111816406,23.09300231933594,-43.37319946289062
44163,0.0645599365234375,-0.970611572265625,-0.8847808837890625,-0.3468796610832214,2.302518129348755,-0.0273261629045009,77.15602111816406,23.09300231933594,-43.37319946289062
44164,0.0555267333984375,-0.9539337158203124,-0.87548828125,-0.6305822134017944,2.147797107696533,0.5097295641899109,77.93278503417969,23.25914001464844,-42.87139892578125
44165,0.15362548828125,-0.6408538818359375,-1.040496826171875,-0.8801318407058716,1.601404547691345,1.223631739616394,79.32215881347656,23.37924194335938,-41.94453430175781
44166,0.2386016845703125,-0.46527099609375,-1.088836669921875,-0.8227766752243042,1.082067370414734,1.344364285469055,79.6802978515625,23.47750854492188,-41.72647094726562
44167,0.2386016845703125,-0.46527099609375,-1.088836669921875,-0.8227766752243042,1.082067370414734,1.344364285469055,79.6802978515625,23.47750854492188,-41.72647094726562
44168,0.2977294921875,-0.391937255859375,-0.9654541015625,-0.6938402652740479,0.7466206550598145,1.426674604415894,79.909423828125,23.54423522949219,-41.43777465820312
44169,0.258209228515625,-0.3856048583984375,-0.838897705078125,-0.5239518880844116,0.5700176954269409,1.599849224090576,79.55410766601562,24.09693908691406,-43.63664245605469
44170,0.1299896240234375,-0.43017578125,-0.6816864013671875,-0.2556706666946411,0.4243131875991821,2.053486108779907,79.41653442382812,23.87574768066406,-43.43574523925781
44171,0.2365875244140625,-0.41552734375,-0.6019134521484375,0.0433173812925815,0.540495753288269,2.513227224349976,79.12167358398438,23.56741333007812,-43.31608581542969
44172,0.2725982666015625,-0.340789794921875,-0.600982666015625,0.372617244720459,0.5396595001220703,2.815508842468262,78.82258605957031,22.95904541015625,-43.17266845703125
44173,0.1772918701171875,-0.210540771484375,-0.52496337890625,1.072057843208313,0.9076756238937378,2.784650325775146,77.89881896972656,21.46360778808594,-42.69381713867188
44174,0.1772918701171875,-0.210540771484375,-0.52496337890625,1.072057843208313,0.9076756238937378,2.784650325775146,77.89881896972656,21.46360778808594,-42.69381713867188
44175,0.18426513671875,-0.2192230224609375,-0.6779632568359375,1.406017541885376,0.996722936630249,2.600963592529297,77.33421325683594,20.63580322265625,-42.5697021484375
44176,0.2406768798828125,-0.283447265625,-0.6991729736328125,1.734314918518066,0.886598527431488,2.423389196395874,76.810302734375,19.677490234375,-42.03323364257812
44177,0.342620849609375,-0.40380859375,-0.5596466064453125,2.249840974807739,1.015100359916687,2.439924240112305,75.83503723144531,17.77818298339844,-40.64677429199219
44178,0.342620849609375,-0.40380859375,-0.5596466064453125,2.249840974807739,1.015100359916687,2.439924240112305,75.83503723144531,17.77818298339844,-40.64677429199219
44179,0.3244781494140625,-0.389190673828125,-0.58111572265625,2.233635902404785,0.926719069480896,2.62131142616272,75.40992736816406,16.67890930175781,-39.77557373046875
44180,0.240478515625,-0.441650390625,-0.45855712890625,1.985469102859497,1.095005869865417,2.965031862258911,75.02447509765625,15.51771545410156,-38.66679382324219
44181,0.2756195068359375,-0.4307708740234375,-0.5555877685546875,0.4348414838314056,1.720247864723206,3.736829042434692,73.60874938964844,13.10725402832031,-36.57925415039062
44182,0.2756195068359375,-0.4307708740234375,-0.5555877685546875,0.4348414838314056,1.720247864723206,3.736829042434692,73.60874938964844,13.10725402832031,-36.57925415039062
44183,0.217498779296875,-0.4707183837890625,-0.6265716552734375,-0.4946395456790924,1.657684564590454,3.775514602661133,72.58599853515625,12.15312194824219,-35.91983032226562
44184,0.17364501953125,-0.4601593017578125,-0.68133544921875,-1.317731261253357,1.480851531028748,3.528126001358032,71.56637573242188,11.41268920898438,-35.45657348632812
44185,0.2215576171875,-0.36785888671875,-0.70501708984375,-2.124730348587036,1.276936173439026,2.430418729782104,69.58984375,10.36114501953125,-35.24981689453125
44186,0.2215576171875,-0.36785888671875,-0.70501708984375,-2.124730348587036,1.276936173439026,2.430418729782104,69.58984375,10.36114501953125,-35.24981689453125
44187,0.23583984375,-0.4967803955078125,-0.621307373046875,-2.113822937011719,1.207261204719543,2.060701370239258,68.73837280273438,10.0870361328125,-35.62939453125
44188,0.2151641845703125,-0.64605712890625,-0.5342864990234375,-1.731710910797119,0.8652570247650146,2.050072431564331,68.09793090820312,10.16935729980469,-36.25025939941406
44189,0.1696624755859375,-0.6649322509765625,-0.5394287109375,-1.135082602500916,0.8048610687255859,2.305869340896606,67.5067138671875,10.2822265625,-36.92486572265625
44190,0.0514984130859375,-0.5579986572265625,-0.700897216796875,-0.4767215549945831,0.659382700920105,2.51557445526123,66.8465576171875,10.38189697265625,-37.23973083496094
44191,-0.01171875,-0.4717864990234375,-0.764739990234375,0.0477028079330921,0.451109915971756,2.506109476089478,66.12210083007812,10.30819702148438,-37.57794189453125
44192,-0.0540618896484375,-0.43231201171875,-0.881561279296875,0.3652802407741547,0.1018869504332542,2.306505680084229,65.3045654296875,10.15029907226562,-37.50813293457031
44193,-0.0103912353515625,-0.46746826171875,-0.956695556640625,0.6679404973983765,-1.130214929580688,1.729310274124146,63.496337890625,9.54998779296875,-37.30088806152344
44194,-0.0103912353515625,-0.46746826171875,-0.956695556640625,0.6679404973983765,-1.130214929580688,1.729310274124146,63.496337890625,9.54998779296875,-37.30088806152344
44195,-0.00830078125,-0.58941650390625,-0.8238525390625,0.7354282140731812,-1.486878275871277,1.709135055541992,62.60539245605469,9.096755981445312,-36.99502563476562
44196,0.0304718017578125,-0.7266693115234375,-0.6670684814453125,0.7647472023963928,-1.534583449363708,1.895736575126648,61.69459533691406,8.790451049804688,-36.65904235839844
44197,0.0493011474609375,-0.75909423828125,-0.397003173828125,0.6441174745559692,-0.5366461277008057,2.374510049819946,59.43324279785156,8.118621826171875,-36.11463928222656
44198,0.0493011474609375,-0.75909423828125,-0.397003173828125,0.6441174745559692,-0.5366461277008057,2.374510049819946,59.43324279785156,8.118621826171875,-36.11463928222656
44199,0.0299224853515625,-0.6739654541015625,-0.3963623046875,0.4962369203567505,0.2457429170608521,2.390832185745239,58.22727966308594,7.732009887695312,-35.68708801269531
44200,0.06622314453125,-0.621429443359375,-0.492828369140625,0.3108753263950348,0.9295327067375184,2.26935601234436,57.06787109375,7.420684814453125,-35.33555603027344
44201,-0.083526611328125,-0.441253662109375,-0.822052001953125,-0.0147451236844062,1.064933657646179,1.455819606781006,55.07978820800781,6.779434204101562,-34.72532653808594
44202,-0.083526611328125,-0.441253662109375,-0.822052001953125,-0.0147451236844062,1.064933657646179,1.455819606781006,55.07978820800781,6.779434204101562,-34.72532653808594
44203,-0.097442626953125,-0.566864013671875,-0.7902984619140625,-0.1451840847730637,1.043123126029968,1.041480779647827,54.37725830078125,6.675003051757812,-34.60940551757812
44204,-0.05633544921875,-0.7355804443359375,-0.763275146484375,-0.1934741288423538,1.06337571144104,1.017968058586121,53.73493957519531,6.662841796875,-34.43290710449219
44205,-0.0734100341796875,-0.76837158203125,-0.89202880859375,-0.042722962796688,0.7152158617973328,1.478852510452271,52.88505554199219,6.602630615234375,-34.2967529296875
44206,-0.0734100341796875,-0.76837158203125,-0.89202880859375,-0.042722962796688,0.7152158617973328,1.478852510452271,52.88505554199219,6.602630615234375,-34.2967529296875
44207,-0.1513824462890625,-0.725555419921875,-0.8872833251953125,-0.0067228837870061,0.4113643765449524,1.691856741905212,52.49305725097656,6.501480102539062,-34.35888671875
44208,-0.2369384765625,-0.6118316650390625,-0.8915557861328125,-0.021793445572257,0.1311151385307312,1.726024508476257,51.90240478515625,6.5068359375,-34.32778930664062
44209,-0.283416748046875,-0.53094482421875,-0.8833160400390625,-0.0278188474476337,-0.1842990070581436,1.625561833381653,51.2457275390625,6.460968017578125,-34.37522888183594
44210,-0.3109283447265625,-0.534149169921875,-0.8431549072265625,-0.0332285277545452,-0.5000524520874023,1.478410243988037,50.4566650390625,6.442596435546875,-34.4130859375
44211,-0.301483154296875,-0.5748443603515625,-0.7940673828125,-0.0635227859020233,-0.7700982689857483,1.347608208656311,49.73152160644531,6.511978149414062,-34.38600158691406
44212,-0.311676025390625,-0.60992431640625,-0.73193359375,-0.0969923287630081,-0.90056973695755,1.247980237007141,48.9886474609375,6.35906982421875,-34.21238708496094
44213,-0.2808685302734375,-0.630950927734375,-0.68017578125,-0.137651339173317,-0.6311284303665161,1.078123807907104,47.50152587890625,6.366348266601562,-34.02174377441406
44214,-0.2646484375,-0.6311492919921875,-0.6549530029296875,-0.1315311342477798,-0.3448585867881775,0.9965402483940125,46.73457336425781,6.49749755859375,-34.13385009765625
44215,-0.2646484375,-0.6311492919921875,-0.6549530029296875,-0.1315311342477798,-0.3448585867881775,0.9965402483940125,46.73457336425781,6.49749755859375,-34.13385009765625
44216,-0.2432708740234375,-0.6445465087890625,-0.64239501953125,-0.1283180266618729,-0.0191390737891197,0.956307291984558,45.99885559082031,6.515335083007812,-34.02848815917969
44217,-0.2776031494140625,-0.54266357421875,-0.7269439697265625,-0.2543944716453552,0.2330308556556702,0.8354602456092834,45.02046203613281,6.534530639648438,-33.90397644042969
44218,-0.2776031494140625,-0.54266357421875,-0.7269439697265625,-0.2543944716453552,0.2330308556556702,0.8354602456092834,45.02046203613281,6.534530639648438,-33.90397644042969
44219,-0.2776031494140625,-0.5273895263671875,-0.8153228759765625,-0.3639007210731506,0.0960149466991424,0.687110185623169,44.46269226074219,6.61077880859375,-33.98576354980469
44220,-0.212432861328125,-0.56982421875,-0.797760009765625,-0.4486145377159119,-0.1341921538114548,0.5493177175521851,44.03392028808594,6.674301147460938,-34.13713073730469
44221,-0.2096710205078125,-0.6277923583984375,-0.768524169921875,-0.4644302427768707,-0.2564533650875092,0.4463982582092285,43.37055969238281,6.657028198242188,-34.28366088867188
44222,-0.2096710205078125,-0.6277923583984375,-0.768524169921875,-0.4644302427768707,-0.2564533650875092,0.4463982582092285,43.37055969238281,6.657028198242188,-34.28366088867188
44223,-0.210723876953125,-0.6645965576171875,-0.80218505859375,-0.4653210937976837,-0.1083999797701836,0.4455130100250244,43.05734252929688,6.801422119140625,-34.39295959472656
44224,-0.19366455078125,-0.6976470947265625,-0.8668670654296875,-0.4779857397079468,0.0216488372534513,0.5095173120498657,42.77215576171875,6.970779418945312,-34.6060791015625
44225,-0.1905364990234375,-0.744049072265625,-0.8845062255859375,-0.4438935518264771,0.0801414400339126,0.5845987200737,42.57157897949219,7.061614990234375,-34.73521423339844
44226,-0.1905364990234375,-0.744049072265625,-0.8845062255859375,-0.4438935518264771,0.0801414400339126,0.5845987200737,42.57157897949219,7.061614990234375,-34.73521423339844
44227,-0.2374114990234375,-0.67498779296875,-0.7607574462890625,-0.181580975651741,0.2763298451900482,0.7065262198448181,42.07107543945312,7.245101928710938,-35.21611022949219
44228,-0.267181396484375,-0.61846923828125,-0.7223663330078125,-0.0373697429895401,0.4019873738288879,0.6809271574020386,41.8526611328125,7.229385375976562,-35.34567260742188
44229,-0.2625732421875,-0.498291015625,-0.717681884765625,0.0437581315636634,0.5166969299316406,0.4745398759841919,41.36764526367188,7.361175537109375,-35.43002319335938
44230,-0.2625732421875,-0.498291015625,-0.717681884765625,0.0437581315636634,0.5166969299316406,0.4745398759841919,41.36764526367188,7.361175537109375,-35.43002319335938
44231,-0.2568817138671875,-0.494384765625,-0.727325439453125,-0.0644295886158943,0.4877627491950989,0.4030856788158417,41.20761108398438,7.412887573242188,-35.64176940917969
44232,-0.2744903564453125,-0.5008392333984375,-0.769073486328125,-0.2009546756744385,0.4295598864555359,0.3361218273639679,41.04655456542969,7.395111083984375,-35.65122985839844
44233,-0.3021087646484375,-0.6494903564453125,-0.8910980224609375,-0.2820673584938049,0.1562436670064926,0.3710664808750153,40.69859313964844,7.428939819335938,-36.07218933105469
44234,-0.3021087646484375,-0.6494903564453125,-0.8910980224609375,-0.2820673584938049,0.1562436670064926,0.3710664808750153,40.69859313964844,7.428939819335938,-36.07218933105469
44235,-0.31622314453125,-0.628448486328125,-0.89630126953125,-0.1867403239011765,-0.020485833287239,0.4644334614276886,40.66581726074219,7.571807861328125,-36.08099365234375
44236,-0.31622314453125,-0.628448486328125,-0.89630126953125,-0.1867403239011765,-0.020485833287239,0.4644334614276886,40.66581726074219,7.571807861328125,-36.08099365234375
44237,-0.27032470703125,-0.539581298828125,-0.742279052734375,-0.1727640479803085,-0.3146455585956573,0.6024054288864136,40.30363464355469,7.601425170898438,-35.99098205566406
44238,-0.27032470703125,-0.539581298828125,-0.742279052734375,-0.1727640479803085,-0.3146455585956573,0.6024054288864136,40.30363464355469,7.601425170898438,-35.99098205566406
44239,-0.27032470703125,-0.539581298828125,-0.742279052734375,-0.1727640479803085,-0.3146455585956573,0.6024054288864136,40.30363464355469,7.601425170898438,-35.99098205566406
44240,-0.247344970703125,-0.555511474609375,-0.679962158203125,-0.2938036620616913,-0.1781937032938004,0.5649789571762085,39.92913818359375,7.685958862304688,-36.2020263671875
44241,-0.2319183349609375,-0.537750244140625,-0.68255615234375,-0.3646847605705261,-0.0240712482482194,0.4939087927341461,39.68984985351562,7.656845092773438,-36.25210571289062
44242,-0.23114013671875,-0.5388031005859375,-0.7091522216796875,-0.363012284040451,0.1462304443120956,0.4382708370685577,39.33195495605469,7.878280639648438,-36.338623046875
44243,-0.22760009765625,-0.54547119140625,-0.7889404296875,-0.2977659106254578,0.2710152566432953,0.4013514220714569,39.00746154785156,8.091278076171875,-36.49789428710938
44244,-0.220703125,-0.5589599609375,-0.8307647705078125,-0.2339054346084595,0.326513409614563,0.3876419961452484,38.81922912597656,8.183074951171875,-36.79730224609375
44245,-0.229736328125,-0.55706787109375,-0.8408050537109375,-0.1512134820222855,0.3898865282535553,0.3977713286876678,38.6983642578125,8.31304931640625,-36.85697937011719
44246,-0.2462615966796875,-0.54840087890625,-0.854248046875,-0.0968266800045967,0.4356177747249603,0.4106112420558929,38.6129150390625,8.317596435546875,-36.81016540527344
44247,-0.2556610107421875,-0.55267333984375,-0.87103271484375,-0.1099099889397621,0.4445271193981171,0.4161785840988159,38.45994567871094,8.405746459960938,-36.95462036132812
44248,-0.2705078125,-0.5451202392578125,-0.8912811279296875,-0.1906096339225769,0.3765121102333069,0.4101409316062927,38.46018981933594,8.635162353515625,-37.28364562988281
44249,-0.26336669921875,-0.535858154296875,-0.8917694091796875,-0.3057572543621063,0.2564432322978973,0.3908527195453644,38.37078857421875,8.7467041015625,-37.34553527832031
44250,-0.2525634765625,-0.5541839599609375,-0.865386962890625,-0.3827369809150696,0.1345503479242325,0.3840920031070709,38.21098327636719,8.835311889648438,-37.59208679199219
44251,-0.2624359130859375,-0.553802490234375,-0.83392333984375,-0.3803603947162628,0.0766332596540451,0.4000712335109711,38.16786193847656,8.999755859375,-37.77574157714844
44252,-0.2730560302734375,-0.535858154296875,-0.779510498046875,-0.3282425999641418,0.1060731709003448,0.4034960567951202,38.02890014648438,9.188812255859377,-37.778076171875
44253,-0.2628326416015625,-0.51873779296875,-0.7321319580078125,-0.2810724079608917,0.2790516018867493,0.3690949380397797,37.97296142578125,9.294052124023438,-37.92892456054688
44254,-0.2342376708984375,-0.49468994140625,-0.770660400390625,-0.2446696609258652,0.4736455976963043,0.3108265697956085,37.867431640625,9.3865966796875,-38.12014770507812
44255,-0.2242431640625,-0.4897613525390625,-0.843963623046875,-0.1909877955913544,0.6488874554634094,0.2395494729280472,37.83671569824219,9.444961547851562,-38.24223327636719
44256,-0.2323455810546875,-0.504669189453125,-0.8934478759765625,-0.1400396674871445,0.7683579325675964,0.1962906867265701,37.75967407226562,9.458724975585938,-38.3787841796875
44257,-0.2311553955078125,-0.5292510986328125,-0.93341064453125,-0.1185902953147888,0.806053876876831,0.2048642039299011,37.76918029785156,9.567306518554688,-38.50723266601562
44258,-0.2311553955078125,-0.5292510986328125,-0.93341064453125,-0.1185902953147888,0.806053876876831,0.2048642039299011,37.76918029785156,9.567306518554688,-38.50723266601562
44259,-0.222869873046875,-0.56964111328125,-0.9604949951171876,-0.1298253685235977,0.5427817702293396,0.3603411316871643,37.90934753417969,9.672698974609377,-38.710693359375
44260,-0.2305908203125,-0.5606842041015625,-0.9278717041015624,-0.1182241141796112,0.3376315534114838,0.4407928287982941,38.02200317382812,9.6805419921875,-38.62701416015625
44261,-0.2111358642578125,-0.529144287109375,-0.8314971923828125,-0.0242337007075548,0.1397099643945694,0.549328625202179,38.064453125,9.679550170898438,-38.73812866210938
44262,-0.2111358642578125,-0.529144287109375,-0.8314971923828125,-0.0242337007075548,0.1397099643945694,0.549328625202179,38.064453125,9.679550170898438,-38.73812866210938
44263,-0.20111083984375,-0.5130615234375,-0.8054962158203125,0.0401692576706409,0.1717448532581329,0.5873221158981323,37.92971801757812,9.791152954101562,-38.89656066894531
44264,-0.185089111328125,-0.4905242919921875,-0.7845306396484375,0.0988112688064575,0.3021785020828247,0.5860637426376343,37.81343078613281,9.956497192382812,-39.07844543457031
44265,-0.177581787109375,-0.4422760009765625,-0.799560546875,0.0731794014573097,0.6950471997261047,0.4425784945487976,37.44476318359375,10.07760620117188,-39.245361328125
44266,-0.177581787109375,-0.4422760009765625,-0.799560546875,0.0731794014573097,0.6950471997261047,0.4425784945487976,37.44476318359375,10.07760620117188,-39.245361328125
44267,-0.185028076171875,-0.4349212646484375,-0.8357086181640625,0.0136138126254081,0.824651837348938,0.3509236574172974,37.468017578125,10.13813781738281,-39.34576416015625
44268,-0.1990966796875,-0.4384918212890625,-0.8727874755859375,-0.0327116064727306,0.8784822821617126,0.2859734296798706,37.53521728515625,10.20477294921875,-39.40811157226562
44269,-0.2121429443359375,-0.47015380859375,-0.9040985107421876,-0.0397114604711532,0.8532962203025818,0.2626912891864777,38.03511047363281,9.830291748046877,-38.28370666503906
44270,-0.218719482421875,-0.5161285400390625,-0.9305572509765624,-0.0177654139697551,0.748447060585022,0.3207652270793915,38.18434143066406,9.961212158203123,-38.38145446777344
44271,-0.2219085693359375,-0.5330657958984375,-0.964111328125,0.0105434544384479,0.5736033320426941,0.4430687725543976,38.35850524902344,10.00672912597656,-38.45140075683594
44272,-0.2209625244140625,-0.5242156982421875,-0.9832916259765624,0.0297067631036043,0.3260079324245453,0.5618047714233398,38.53457641601562,10.01510620117188,-38.48658752441406
44273,-0.22607421875,-0.5127105712890625,-0.9530487060546876,0.0567013621330261,0.1049080416560173,0.6654509902000427,38.5662841796875,10.04592895507812,-38.6551513671875
44274,-0.2230072021484375,-0.4862060546875,-0.9012908935546876,0.0992008820176124,-0.013801566325128,0.7166672945022583,38.47840881347656,10.14520263671875,-38.77207946777344
44275,-0.2144317626953125,-0.447479248046875,-0.8540496826171875,0.1277015060186386,-0.0163821689784526,0.7065216898918152,38.31283569335938,10.23515319824219,-38.88563537597656
44276,-0.21917724609375,-0.4151153564453125,-0.8226470947265625,0.1001721397042274,0.0699615105986595,0.6490600109100342,38.15647888183594,10.1671142578125,-38.71391296386719
44277,-0.2381744384765625,-0.4070281982421875,-0.8242340087890625,-0.0602779872715473,0.2582962512969971,0.4404309093952179,37.73956298828125,10.26582336425781,-38.85385131835938
44278,-0.2381744384765625,-0.4070281982421875,-0.8242340087890625,-0.0602779872715473,0.2582962512969971,0.4404309093952179,37.73956298828125,10.26582336425781,-38.85385131835938
44279,-0.241668701171875,-0.433807373046875,-0.830230712890625,-0.1149167343974113,0.3202533721923828,0.3575879633426666,37.72152709960938,10.3289794921875,-38.96780395507812
44280,-0.233917236328125,-0.4730987548828125,-0.8720855712890625,-0.1028531417250633,0.3421845138072968,0.3193545639514923,37.67196655273438,10.43115234375,-38.98141479492188
44281,-0.2307891845703125,-0.5532379150390625,-0.967742919921875,0.0243141278624534,0.1447579860687256,0.4176094830036163,37.6011962890625,10.53822326660156,-39.05125427246094
44282,-0.2307891845703125,-0.5532379150390625,-0.967742919921875,0.0243141278624534,0.1447579860687256,0.4176094830036163,37.6011962890625,10.53822326660156,-39.05125427246094
44283,-0.23004150390625,-0.5508270263671875,-0.989288330078125,0.1044816672801971,-0.0702762901782989,0.5013225078582764,37.62832641601562,10.52764892578125,-39.11041259765625
44284,-0.2341156005859375,-0.542724609375,-0.97576904296875,0.1536793112754822,-0.3010274767875671,0.5927770137786865,37.54414367675781,10.4927978515625,-39.08030700683594
44285,-0.2329254150390625,-0.521636962890625,-0.9483184814453124,0.1710156798362732,-0.5016311407089233,0.6547362804412842,37.25492858886719,10.58316040039062,-39.09521484375
44286,-0.22613525390625,-0.4986724853515625,-0.9164886474609376,0.1819924414157867,-0.64637690782547,0.690396785736084,37.03929138183594,10.54388427734375,-38.99293518066406
44287,-0.228759765625,-0.4771728515625,-0.881988525390625,0.182646244764328,-0.7405494451522827,0.6970933079719543,36.62930297851562,10.65908813476562,-38.75486755371094
44288,-0.239532470703125,-0.4586944580078125,-0.8522796630859375,0.1625231355428696,-0.7845280766487122,0.6580162048339844,36.22579956054688,10.79325866699219,-38.64060974121094
44289,-0.2505340576171875,-0.465118408203125,-0.8176116943359375,0.1560987830162048,-0.7002374529838562,0.5543643832206726,35.46565246582031,10.78727722167969,-38.52018737792969
44290,-0.2505340576171875,-0.465118408203125,-0.8176116943359375,0.1560987830162048,-0.7002374529838562,0.5543643832206726,35.46565246582031,10.78727722167969,-38.52018737792969
44291,-0.2598419189453125,-0.496124267578125,-0.8482208251953125,0.2015293836593628,-0.6649609804153442,0.5159059762954712,34.96681213378906,10.89910888671875,-38.18960571289062
44292,-0.2699127197265625,-0.5195770263671875,-0.8712158203125,0.3073628842830658,-0.6803931593894958,0.5016855001449585,34.55995178222656,10.85185241699219,-37.99394226074219
44293,-0.2816314697265625,-0.4994659423828125,-0.8906402587890625,0.5107396841049194,-0.8884305357933044,0.5682826042175293,33.87028503417969,11.06712341308594,-37.64027404785156
44294,-0.2816314697265625,-0.4994659423828125,-0.8906402587890625,0.5107396841049194,-0.8884305357933044,0.5682826042175293,33.87028503417969,11.06712341308594,-37.64027404785156
44295,-0.29339599609375,-0.4861297607421875,-0.876617431640625,0.468222588300705,-1.050234317779541,0.6336973309516907,33.45846557617188,10.95625305175781,-37.31192016601562
44296,-0.298553466796875,-0.484527587890625,-0.847686767578125,0.3631193339824677,-1.19261360168457,0.6738939881324768,33.01327514648438,10.88394165039062,-36.96162414550781
44297,-0.29962158203125,-0.4434661865234375,-0.830291748046875,0.270401656627655,-1.299739837646484,0.6690555810928345,32.593505859375,10.80003356933594,-36.48898315429688
44298,-0.2955169677734375,-0.454315185546875,-0.8064117431640625,0.1946091651916504,-1.311200380325317,0.6033841371536255,32.05049133300781,10.88975524902344,-35.88117980957031
44299,-0.292694091796875,-0.467620849609375,-0.7972259521484375,0.1441348046064377,-1.26093065738678,0.5286310911178589,31.48033142089844,10.945556640625,-35.433837890625
44300,-0.28582763671875,-0.5191650390625,-0.7577056884765625,0.076592244207859,-1.113248467445374,0.4555172026157379,31.00654602050781,11.10920715332031,-35.2803955078125
44301,-0.3074798583984375,-0.55859375,-0.7234039306640625,-0.0202000774443149,-0.8938356637954712,0.4237507283687592,30.54804992675781,11.23063659667969,-34.96794128417969
44302,-0.313934326171875,-0.4961700439453125,-0.6931610107421875,-0.0548403449356555,-0.625537097454071,0.3758244812488556,30.29022216796875,11.22616577148438,-34.6219482421875
44303,-0.324920654296875,-0.521942138671875,-0.6308746337890625,-0.0564398393034935,-0.2841036319732666,0.3387998938560486,29.95748901367188,11.42219543457031,-34.52281188964844
44304,-0.346893310546875,-0.5391998291015625,-0.6315460205078125,-0.0049830405041575,0.1028507500886917,0.3304657936096191,29.77125549316406,11.58558654785156,-34.48068237304688
44305,-0.361663818359375,-0.523284912109375,-0.694549560546875,0.09196188300848,0.3893797099590302,0.3030280470848083,29.5494384765625,11.68270874023438,-34.43362426757812
44306,-0.36871337890625,-0.50457763671875,-0.7594757080078125,0.1962390244007111,0.4946038722991943,0.2480553388595581,29.4578857421875,11.72100830078125,-34.49530029296875
44307,-0.38470458984375,-0.5274810791015625,-0.7901611328125,0.2666093111038208,0.484545111656189,0.2184734791517258,29.43778991699219,11.7662353515625,-34.63716125488281
44308,-0.396728515625,-0.5542755126953125,-0.8199920654296875,0.333946019411087,0.3940738141536713,0.2139407843351364,29.53683471679688,11.72639465332031,-34.71011352539062
44309,-0.40484619140625,-0.589630126953125,-0.805908203125,0.4720993638038635,0.2870520055294037,0.2672958970069885,29.53733825683594,11.79803466796875,-34.8568115234375
44310,-0.41436767578125,-0.5973968505859375,-0.7667694091796875,0.6486621499061584,0.2388232350349426,0.4228625595569611,29.54347229003906,11.67811584472656,-34.87515258789062
44311,-0.4326934814453125,-0.5551300048828125,-0.8204498291015625,0.8025609254837036,0.1206606402993202,0.5528813004493713,29.54837036132812,11.70538330078125,-34.64987182617188
44312,-0.4471435546875,-0.53460693359375,-0.8815460205078125,0.9448341727256776,-0.1317399144172668,0.6304088234901428,29.45753479003906,11.64828491210938,-34.44703674316406
44313,-0.550994873046875,-0.53521728515625,-0.9441070556640624,1.247026443481445,-1.011784434318542,0.9678633213043212,29.12696838378906,11.331787109375,-33.89642333984375
44314,-0.550994873046875,-0.53521728515625,-0.9441070556640624,1.247026443481445,-1.011784434318542,0.9678633213043212,29.12696838378906,11.331787109375,-33.89642333984375
44315,-0.603973388671875,-0.5396728515625,-1.008529663085938,1.405055046081543,-1.723317623138428,1.299256205558777,28.6466064453125,11.29454040527344,-33.3446044921875
44316,-0.592987060546875,-0.584716796875,-1.069503784179688,1.482101917266846,-2.585657119750977,1.748810529708862,28.06584167480469,11.39503479003906,-32.70942687988281
44317,-0.592987060546875,-0.584716796875,-1.069503784179688,1.482101917266846,-2.585657119750977,1.748810529708862,28.06584167480469,11.39503479003906,-32.70942687988281
44318,-0.5299530029296875,-0.625946044921875,-1.031875610351562,1.487781882286072,-3.356980323791504,2.341252088546753,27.27090454101562,11.42826843261719,-31.76107788085938
44319,-0.5299530029296875,-0.625946044921875,-1.031875610351562,1.487781882286072,-3.356980323791504,2.341252088546753,27.27090454101562,11.42826843261719,-31.76107788085938
44320,-0.5299530029296875,-0.625946044921875,-1.031875610351562,1.487781882286072,-3.356980323791504,2.341252088546753,27.27090454101562,11.42826843261719,-31.76107788085938
44321,-0.462646484375,-0.38494873046875,-0.77117919921875,1.299743294715881,-4.671396732330322,3.837724924087524,19.60394287109375,14.015625,-23.30915832519531
44322,-0.462646484375,-0.38494873046875,-0.77117919921875,1.299743294715881,-4.671396732330322,3.837724924087524,19.60394287109375,14.015625,-23.30915832519531
44323,-0.4302978515625,-0.4002838134765625,-0.7249298095703125,0.6230247020721436,-5.634844779968262,4.955488681793213,17.71702575683594,15.21005249023438,-20.99736022949219
44324,-0.5061492919921875,-0.4132080078125,-0.644927978515625,0.5718379616737366,-5.807707786560059,5.238682746887207,15.91827392578125,16.75932312011719,-18.59663391113281
44325,-0.5836029052734375,-0.35614013671875,-0.499755859375,0.7472542524337769,-5.778622627258301,5.330234527587891,14.11569213867188,18.42350769042969,-16.31880187988281
44326,-0.5773468017578125,-0.2438507080078125,-0.2767791748046875,1.025568723678589,-5.574579238891602,5.255294799804688,12.41598510742188,20.44966125488281,-14.22088623046875
44327,-0.5829620361328125,-0.110504150390625,0.019256591796875,1.235867857933044,-4.976465702056885,5.070137977600098,10.97920227050781,22.58274841308594,-11.9588623046875
44328,-0.642730712890625,0.03143310546875,0.2497711181640625,1.258541703224182,-4.078714370727539,4.709840774536133,9.8082275390625,24.80897521972656,-9.538558959960938
44329,-0.819580078125,0.188690185546875,0.343231201171875,0.9548534750938416,-1.308659791946411,3.610788106918335,8.087493896484375,29.14002990722656,-5.287567138671875
44330,-0.819580078125,0.188690185546875,0.343231201171875,0.9548534750938416,-1.308659791946411,3.610788106918335,8.087493896484375,29.14002990722656,-5.287567138671875
44331,-0.8925628662109375,0.25732421875,0.237274169921875,0.9487127661705016,0.1002648174762726,2.851554870605469,7.55743408203125,30.996826171875,-3.946136474609375
44332,-0.9376373291015624,0.285919189453125,0.119232177734375,1.159987449645996,1.19734787940979,2.074862718582153,7.085708618164062,32.69943237304688,-2.899612426757812
44333,-1.19085693359375,0.0239410400390625,0.0015411376953125,1.900832772254944,2.714320182800293,1.081774115562439,5.89068603515625,35.99310302734375,-4.062576293945312
44334,-1.19085693359375,0.0239410400390625,0.0015411376953125,1.900832772254944,2.714320182800293,1.081774115562439,5.89068603515625,35.99310302734375,-4.062576293945312
44335,-1.19085693359375,0.0239410400390625,0.0015411376953125,1.900832772254944,2.714320182800293,1.081774115562439,5.89068603515625,35.99310302734375,-4.062576293945312
44336,-1.29168701171875,-0.0878753662109375,-0.0262451171875,1.821338772773743,3.154049634933472,1.170553088188171,5.648544311523438,36.46029663085938,-4.534103393554688
44337,-1.284713745117188,-0.1688690185546875,-0.0413818359375,1.549601316452026,3.57079029083252,1.3356032371521,5.339324951171875,36.98194885253906,-5.537017822265625
44338,-1.284713745117188,-0.1688690185546875,-0.0413818359375,1.549601316452026,3.57079029083252,1.3356032371521,5.339324951171875,36.98194885253906,-5.537017822265625
44339,-1.01739501953125,-0.1386566162109375,-0.062530517578125,0.6135880351066589,4.667392730712891,1.816427111625671,4.759902954101562,38.61837768554688,-9.21331787109375
44340,-0.9080352783203124,-0.0432891845703125,-0.11151123046875,0.0987553372979164,5.259917736053467,1.952091693878174,4.548614501953125,39.43885803222656,-11.22172546386719
44341,-0.8291168212890625,0.08197021484375,-0.13543701171875,-0.2774278819561005,5.841274261474609,1.871757745742798,4.525314331054688,40.2357177734375,-13.24891662597656
44342,-0.8291168212890625,0.08197021484375,-0.13543701171875,-0.2774278819561005,5.841274261474609,1.871757745742798,4.525314331054688,40.2357177734375,-13.24891662597656
44343,-0.8291168212890625,0.08197021484375,-0.13543701171875,-0.2774278819561005,5.841274261474609,1.871757745742798,4.525314331054688,40.2357177734375,-13.24891662597656
44344,-0.8291168212890625,0.08197021484375,-0.13543701171875,-0.2774278819561005,5.841274261474609,1.871757745742798,4.525314331054688,40.2357177734375,-13.24891662597656
44345,-0.72906494140625,0.1705169677734375,-0.134368896484375,-0.4573542475700378,6.571300506591797,1.614274859428406,4.508010864257812,41.2232666015625,-15.80867004394531
44346,-0.72906494140625,0.1705169677734375,-0.134368896484375,-0.4573542475700378,6.571300506591797,1.614274859428406,4.508010864257812,41.2232666015625,-15.80867004394531
44347,-0.49774169921875,0.237579345703125,-0.12689208984375,-0.4573542475700378,6.571300506591797,1.614274859428406,4.508010864257812,41.2232666015625,-15.80867004394531
44348,-0.42279052734375,0.1591033935546875,-2.16015625,0.763465166091919,7.07970666885376,0.4365264475345612,10.72734069824219,44.47230529785156,-36.66642761230469
44349,-0.537322998046875,0.257354736328125,-2.110122680664062,1.043444633483887,-0.0241934861987829,0.4230620563030243,14.87890625,44.773681640625,-43.76895141601562
44350,-0.537322998046875,0.257354736328125,-2.110122680664062,1.043444633483887,-0.0241934861987829,0.4230620563030243,14.87890625,44.773681640625,-43.76895141601562
44351,-0.592498779296875,0.2623748779296875,-1.640213012695312,0.7765064239501953,-2.455641508102417,0.4300531148910522,15.99688720703125,44.75157165527344,-45.61174011230469
44352,-0.6318359375,0.187835693359375,-0.9749908447265624,0.3395392000675201,-2.70103645324707,0.5098728537559509,16.25379943847656,44.57414245605469,-46.14945983886719
44353,-0.7151336669921875,0.0302581787109375,-0.580596923828125,-0.532662570476532,-1.703979969024658,0.6898460984230042,15.12416076660156,44.5528564453125,-44.57797241210938
44354,-0.7151336669921875,0.0302581787109375,-0.580596923828125,-0.532662570476532,-1.703979969024658,0.6898460984230042,15.12416076660156,44.5528564453125,-44.57797241210938
44355,-0.7109375,0.0141448974609375,-0.433807373046875,-0.5389497876167297,-1.087290644645691,0.5261380672454834,14.44627380371094,44.80853271484375,-44.03709411621094
44356,-0.6410369873046875,0.0365142822265625,-0.291534423828125,-0.2135711312294006,0.024655545130372,0.3001939058303833,13.98808288574219,45.03276062011719,-43.32138061523438
44357,-0.548675537109375,0.043304443359375,-0.4837799072265625,1.148194789886475,2.437256574630737,-0.2610121667385101,13.60797119140625,45.56358337402344,-43.17317199707031
44358,-0.548675537109375,0.043304443359375,-0.4837799072265625,1.148194789886475,2.437256574630737,-0.2610121667385101,13.60797119140625,45.56358337402344,-43.17317199707031
44359,-0.542755126953125,0.016143798828125,-0.851043701171875,1.776205897331238,2.68122935295105,-0.4320728480815887,13.905029296875,45.70533752441406,-43.6705322265625
44360,-0.554718017578125,0.0089874267578125,-1.174530029296875,2.217925548553467,2.006100416183472,-0.4887899160385132,14.48423767089844,45.40541076660156,-44.31622314453125
44361,-0.488006591796875,0.1631011962890625,-1.357086181640625,1.899754524230957,-0.1425230652093887,-0.2448731362819672,15.88365173339844,44.052001953125,-45.76506042480469
44362,-0.488006591796875,0.1631011962890625,-1.357086181640625,1.899754524230957,-0.1425230652093887,-0.2448731362819672,15.88365173339844,44.052001953125,-45.76506042480469
44363,-0.3863677978515625,0.166900634765625,-1.227691650390625,1.353525280952454,-1.315716862678528,-0.1025878936052322,16.1688232421875,43.24505615234375,-46.00950622558594
44364,-0.27728271484375,0.1519927978515625,-0.8846435546875,0.8348211050033569,-2.036932229995728,-0.1162701472640038,16.26704406738281,42.44136047363281,-45.95068359375
44365,-0.2146759033203125,0.0990753173828125,-0.5432586669921875,0.472326785326004,-2.0678870677948,-0.2531385123729706,16.03779602050781,41.99652099609375,-45.66238403320312
44366,-0.2008209228515625,0.04949951171875,-0.346649169921875,0.2657014429569244,-1.657613515853882,-0.413972407579422,15.61911010742188,41.6256103515625,-45.10722351074219
44367,-0.2612762451171875,0.0576629638671875,-0.2194061279296875,0.2006004750728607,-0.9629327058792114,-0.6049628853797913,15.08583068847656,41.32034301757812,-44.37637329101562
44368,-0.334869384765625,0.0688018798828125,-0.1100311279296875,0.2931296229362488,0.1154996976256371,-0.895258367061615,14.68966674804688,41.04039001464844,-43.53587341308594
44369,-0.5656280517578125,0.0591583251953125,0.013763427734375,0.7915742993354797,3.436712503433228,-1.639374613761902,14.32441711425781,40.48849487304688,-43.29330444335938
44370,-0.7230072021484375,-0.0164642333984375,-0.101715087890625,0.9055285453796388,5.37903356552124,-1.901241302490234,14.7020263671875,39.92222595214844,-43.54856872558594
44371,-0.7230072021484375,-0.0164642333984375,-0.101715087890625,0.9055285453796388,5.37903356552124,-1.901241302490234,14.7020263671875,39.92222595214844,-43.54856872558594
44372,-0.5769500732421875,-0.1009521484375,-0.399169921875,0.7550615668296814,6.690025806427002,-1.970034003257751,15.73919677734375,39.23516845703125,-44.50328063964844
44373,-0.237762451171875,-0.1875152587890625,-0.98760986328125,0.1279180198907852,5.688076496124268,-2.077075004577637,19.28372192382812,37.58326721191406,-47.76834106445312
44374,-0.237762451171875,-0.1875152587890625,-0.98760986328125,0.1279180198907852,5.688076496124268,-2.077075004577637,19.28372192382812,37.58326721191406,-47.76834106445312
44375,-0.186920166015625,-0.3319854736328125,-1.369796752929688,0.0898713022470474,4.630972862243652,-2.149299383163452,21.4730224609375,36.85749816894531,-49.64958190917969
44376,-0.2207794189453125,-0.5757904052734375,-1.863739013671875,0.2600270509719849,2.273490190505981,-1.891908049583435,23.74313354492188,36.17634582519531,-51.26301574707031
44377,-0.200408935546875,-0.65667724609375,-1.990005493164062,-0.4901316165924072,0.6260223388671875,-1.357130408287048,25.66915893554688,35.56402587890625,-52.50439453125
44378,-0.063140869140625,-0.7116851806640625,-1.708053588867188,-1.844843864440918,-1.192413091659546,-0.7731689214706421,26.99781799316406,35.06834411621094,-53.30105590820312
44379,0.0918121337890625,-0.49176025390625,-1.19927978515625,-2.358259677886963,-2.013948440551758,-0.3762628436088562,27.51026916503906,34.93760681152344,-53.54014587402344
44380,0.06634521484375,-0.165313720703125,-0.9287567138671876,-2.485808610916138,-2.309346437454224,-0.367384672164917,27.38478088378906,35.13075256347656,-53.57249450683594
44381,-0.1601715087890625,0.132171630859375,-0.8297576904296875,-1.92381751537323,-1.125156760215759,-0.6440879106521606,25.99378967285156,36.87551879882812,-53.22219848632812
44382,-0.1601715087890625,0.132171630859375,-0.8297576904296875,-1.92381751537323,-1.125156760215759,-0.6440879106521606,25.99378967285156,36.87551879882812,-53.22219848632812
44383,-0.126678466796875,0.0879058837890625,-0.9396514892578124,-1.160629034042358,-0.5407639145851135,-0.7599670886993408,25.22178649902344,37.70767211914062,-53.09291076660156
44384,-0.136322021484375,-0.0581207275390625,-0.9324798583984376,-0.3481073677539825,-0.183993011713028,-0.5401471257209778,24.69526672363281,38.33235168457031,-52.748779296875
44385,-0.243377685546875,-0.1333465576171875,-0.8734893798828125,0.2577058374881744,0.203491598367691,-0.0899370834231376,24.37434387207031,38.72085571289062,-52.53294372558594
44386,-0.2779541015625,-0.1610870361328125,-0.8526763916015625,0.6031221151351929,0.572787344455719,0.4590125977993011,24.27090454101562,38.85433959960938,-52.54458618164062
44387,-0.2451324462890625,-0.15740966796875,-0.9039764404296876,0.8104598522186279,0.7957149744033813,0.9320387244224548,24.21205139160156,38.8447265625,-52.72523498535156
44388,-0.2293548583984375,-0.0952911376953125,-1.033920288085938,0.780877947807312,0.7401971220970154,1.135316252708435,24.44180297851562,38.70988464355469,-52.76832580566406
44389,-0.278289794921875,-0.0307769775390625,-1.080764770507812,0.2115548551082611,0.3203745484352112,0.9497618079185486,24.88517761230469,38.5582275390625,-52.906982421875
44390,-0.316680908203125,-0.0454254150390625,-1.041046142578125,0.0519638657569885,0.0996584147214889,0.7686354517936707,25.03483581542969,38.68478393554688,-53.05374145507812
44391,-0.316680908203125,-0.0454254150390625,-1.041046142578125,0.0519638657569885,0.0996584147214889,0.7686354517936707,25.03483581542969,38.68478393554688,-53.05374145507812
44392,-0.2881927490234375,-0.036529541015625,-1.023574829101562,0.0505420044064521,0.0481643341481685,0.5130673050880432,25.11196899414062,38.8516845703125,-53.09220886230469
44393,-0.2392120361328125,0.02374267578125,-1.056289672851562,0.4062777459621429,0.1178944110870361,0.1144765093922615,25.23490905761719,39.16886901855469,-53.18325805664062
44394,-0.2392120361328125,0.02374267578125,-1.056289672851562,0.4062777459621429,0.1178944110870361,0.1144765093922615,25.23490905761719,39.16886901855469,-53.18325805664062
44395,-0.239105224609375,0.00103759765625,-1.020828247070312,0.6088372468948364,0.1983301341533661,0.0342274792492389,25.296630859375,39.240234375,-53.01377868652344
44396,-0.231964111328125,-0.0596771240234375,-0.9564971923828124,0.7868602275848389,0.3897618651390076,0.0363489538431167,25.28884887695312,39.12149047851562,-52.83329772949219
44397,-0.22589111328125,-0.08837890625,-0.92547607421875,0.9554215669631958,0.6177021265029907,0.0824368223547935,25.25637817382812,39.00613403320312,-53.00175476074219
44398,-0.2216796875,-0.0806427001953125,-0.910888671875,1.076462984085083,0.8482764363288879,0.1156259328126907,25.36027526855469,38.66036987304688,-52.97419738769531
44399,-0.2219390869140625,-0.09283447265625,-0.915191650390625,1.144268155097961,1.016942977905273,0.133462980389595,25.55677795410156,38.46728515625,-52.91543579101562
44400,-0.221038818359375,-0.1363525390625,-0.9135894775390624,1.182421088218689,1.15414822101593,0.1811231821775436,25.7581787109375,38.20594787597656,-53.11930847167969
44401,-0.166595458984375,-0.1659088134765625,-0.9864349365234376,1.117139339447021,1.279451608657837,0.3717850148677826,26.37374877929688,37.43011474609375,-53.26075744628906
44402,-0.166595458984375,-0.1659088134765625,-0.9864349365234376,1.117139339447021,1.279451608657837,0.3717850148677826,26.37374877929688,37.43011474609375,-53.26075744628906
44403,-0.149017333984375,-0.176513671875,-1.01507568359375,0.9291254878044128,1.283872961997986,0.4848564267158508,26.78517150878906,37.07914733886719,-53.39375305175781
44404,-0.1109619140625,-0.1841888427734375,-1.061553955078125,0.7275364398956299,1.244751334190369,0.621801495552063,27.22770690917969,36.73977661132812,-53.49015808105469
44405,-0.0612030029296875,-0.1542205810546875,-1.113006591796875,0.5700328350067139,1.129189610481262,0.7504830360412598,27.62628173828125,36.62217712402344,-53.55357360839844
44406,-0.031402587890625,-0.1064605712890625,-1.135635375976562,0.5027393102645874,0.9959104061126708,0.8412467837333679,27.97177124023438,36.60505676269531,-53.79405212402344
44407,-0.0396881103515625,-0.0592041015625,-1.12652587890625,0.5935853123664856,0.9423568844795228,0.8958711624145508,28.34800720214844,36.57244873046875,-54.00791931152344
44408,-0.068878173828125,-0.0090179443359375,-1.1038818359375,0.8938961625099182,0.9825021624565125,0.9136200547218324,28.61436462402344,36.60614013671875,-54.11085510253906
44409,-0.0112152099609375,0.1609649658203125,-1.198455810546875,1.57540762424469,0.9593547582626344,0.6280980110168457,29.15147399902344,36.60877990722656,-54.1839599609375
44410,-0.0112152099609375,0.1609649658203125,-1.198455810546875,1.57540762424469,0.9593547582626344,0.6280980110168457,29.15147399902344,36.60877990722656,-54.1839599609375
44411,0.041412353515625,0.1607513427734375,-1.222015380859375,1.460922002792358,0.6089578866958618,0.2425196915864944,29.40931701660156,36.55767822265625,-54.15377807617188
44412,0.0154571533203125,0.0676116943359375,-1.123825073242188,1.193504452705383,0.279440701007843,-0.086969256401062,29.57867431640625,36.2752685546875,-54.08709716796875
44413,0.033538818359375,-0.1131134033203125,-0.9578399658203124,0.5757914185523987,-0.0330439694225788,-0.2460164278745651,30.01791381835938,35.55052185058594,-53.79255676269531
44414,0.033538818359375,-0.1131134033203125,-0.9578399658203124,0.5757914185523987,-0.0330439694225788,-0.2460164278745651,30.01791381835938,35.55052185058594,-53.79255676269531
44415,0.060394287109375,-0.1457977294921875,-0.9683380126953124,0.2911048233509064,-0.058006577193737,-0.2144734114408493,30.08987426757812,35.28285217285156,-53.67912292480469
44416,0.0904083251953125,-0.133392333984375,-1.02435302734375,0.0301720164716243,-0.085315965116024,-0.0257857907563448,30.21653747558594,34.62091064453125,-53.41714477539062
44417,0.0922088623046875,-0.0936279296875,-1.05126953125,0.1222406923770905,-0.1959580481052399,0.0601759888231754,30.1314697265625,34.56053161621094,-53.46723937988281
44418,0.0922088623046875,-0.0936279296875,-1.05126953125,0.1222406923770905,-0.1959580481052399,0.0601759888231754,30.1314697265625,34.56053161621094,-53.46723937988281
44419,0.0669403076171875,-0.04498291015625,-1.005630493164062,0.2682373225688934,-0.2222093641757965,0.0953137353062629,30.12283325195312,34.47731018066406,-53.42063903808594
44420,0.0091552734375,-0.018280029296875,-0.9445953369140624,0.4338896572589874,-0.0810860618948936,0.0986975505948066,30.07113647460938,34.39250183105469,-53.34242248535156
44421,-0.0040435791015625,-0.0677032470703125,-0.9634246826171876,0.5101357102394104,0.2914225161075592,0.049191515892744,30.00144958496094,34.1162109375,-53.19071960449219
44422,-0.0040435791015625,-0.0677032470703125,-0.9634246826171876,0.5101357102394104,0.2914225161075592,0.049191515892744,30.00144958496094,34.1162109375,-53.19071960449219
44423,0.018402099609375,-0.0640869140625,-1.062881469726562,0.4887228012084961,0.3094707727432251,-0.0271746292710304,29.94581604003906,33.98741149902344,-53.18153381347656
44424,0.0442352294921875,-0.08538818359375,-1.128677368164062,0.5063356161117554,0.0895210951566696,-0.0972860753536224,29.9967041015625,33.52056884765625,-53.16975402832031
44425,0.06939697265625,-0.1346435546875,-1.0654296875,0.5477160811424255,-0.1678606420755386,-0.1411533951759338,30.01351928710938,33.30091857910156,-53.25509643554688
44426,0.123931884765625,-0.2066497802734375,-0.9737548828125,0.5512133836746216,-0.3603579103946686,-0.164079487323761,29.99278259277344,33.0810546875,-53.16464233398438
44427,0.148773193359375,-0.2843780517578125,-0.91412353515625,0.3929480910301208,-0.5511457324028015,-0.1321130245923996,29.89802551269531,32.78089904785156,-53.10105895996094
44428,0.1272735595703125,-0.3427886962890625,-0.8145904541015625,0.0739434659481048,-0.6727054119110107,-0.0318980105221271,29.79006958007812,32.33807373046875,-52.73800659179688
44429,0.0904998779296875,-0.4258575439453125,-0.7534332275390625,-0.3106385767459869,-0.7646955251693726,0.1251129060983658,29.44769287109375,32.14009094238281,-52.47567749023438
44430,0.075714111328125,-0.41070556640625,-0.654327392578125,-0.7055057287216187,-0.8040541410446167,0.2503254115581512,29.1702880859375,32.26383972167969,-52.552978515625
44431,0.033050537109375,-0.3195343017578125,-0.575927734375,-1.090274930000305,-0.8327566385269165,0.3043447136878967,28.80015563964844,32.49327087402344,-52.5155029296875
44432,-0.0364532470703125,-0.2306060791015625,-0.488677978515625,-1.384750008583069,-0.7111135125160217,0.3090071082115173,28.37055969238281,32.82516479492188,-52.56602478027344
44433,-0.21527099609375,-0.1774139404296875,-0.665740966796875,-1.715859770774841,0.5423780679702759,-0.1621617376804352,27.57359313964844,34.54733276367188,-52.55877685546875
44434,-0.21527099609375,-0.1774139404296875,-0.665740966796875,-1.715859770774841,0.5423780679702759,-0.1621617376804352,27.57359313964844,34.54733276367188,-52.55877685546875
44435,-0.21527099609375,-0.1774139404296875,-0.665740966796875,-1.715859770774841,0.5423780679702759,-0.1621617376804352,27.57359313964844,34.54733276367188,-52.55877685546875
44436,-0.17529296875,-0.19818115234375,-0.808135986328125,-1.689909100532532,0.8549553751945496,-0.3898268640041351,27.49391174316406,35.13204956054688,-52.66841125488281
44437,-0.02862548828125,-0.104827880859375,-0.8064117431640625,-1.704853177070618,1.311969041824341,-0.5971323847770691,28.16998291015625,36.28446960449219,-53.62307739257812
44438,-0.02862548828125,-0.104827880859375,-0.8064117431640625,-1.704853177070618,1.311969041824341,-0.5971323847770691,28.16998291015625,36.28446960449219,-53.62307739257812
44439,0.0462188720703125,0.0851593017578125,-1.032363891601562,-1.651992678642273,1.043163418769836,-0.6819391250610352,28.673583984375,36.86888122558594,-54.17839050292969
44440,0.0864105224609375,0.2938385009765625,-1.206787109375,-1.451191902160645,0.3211316764354706,-0.8404387831687927,29.29000854492188,37.35751342773438,-54.36607360839844
44441,0.28997802734375,0.203338623046875,-1.175796508789062,-0.7147200107574463,-0.4451878666877747,-0.8612439036369324,29.9169921875,38.44343566894531,-55.18391418457031
44442,0.28997802734375,0.203338623046875,-1.175796508789062,-0.7147200107574463,-0.4451878666877747,-0.8612439036369324,29.9169921875,38.44343566894531,-55.18391418457031
44443,0.247161865234375,-0.062896728515625,-1.25640869140625,-0.5518847107887268,-0.4189053773880005,-0.520784318447113,29.98023986816406,38.66806030273438,-55.22044372558594
44444,0.0729522705078125,-0.21405029296875,-1.405868530273438,-0.3363569676876068,-0.5050301551818848,-0.3034687936306,29.83522033691406,38.79258728027344,-55.23367309570312
44445,0.0391998291015625,-0.144134521484375,-1.3641357421875,-0.0853740200400352,-0.4956672787666321,-0.3122284710407257,29.76528930664062,38.871826171875,-55.09796142578125
44446,0.0914764404296875,-0.062744140625,-1.317169189453125,0.1717840135097504,-0.408479630947113,-0.5282287001609802,29.65768432617188,38.91355895996094,-55.07493591308594
44447,0.1772003173828125,-0.1097869873046875,-1.293563842773438,0.4356875717639923,-0.2886400520801544,-0.8339092135429382,29.57470703125,38.84049987792969,-55.03102111816406
44448,0.2068023681640625,-0.238861083984375,-1.3245849609375,0.6682355999946594,-0.274579644203186,-1.135949730873108,29.49166870117188,38.54434204101562,-54.94403076171875
44449,0.078826904296875,-0.487396240234375,-1.286666870117188,1.041361451148987,-0.7372780442237854,-1.230887174606323,29.52629089355469,37.68150329589844,-54.78785705566406
44450,0.078826904296875,-0.487396240234375,-1.286666870117188,1.041361451148987,-0.7372780442237854,-1.230887174606323,29.52629089355469,37.68150329589844,-54.78785705566406
44451,-0.0553131103515625,-0.476470947265625,-1.150863647460938,1.119971632957458,-0.8429139256477356,-0.859996497631073,29.61859130859375,37.07037353515625,-54.63139343261719
44452,-0.2316131591796875,-0.37579345703125,-1.020782470703125,1.181488752365112,-0.6578207612037659,-0.3271017074584961,29.56947326660156,36.42831420898438,-54.39382934570312
44453,-0.3914031982421875,0.000701904296875,-0.9942474365234376,1.516346335411072,-0.025463281199336,-0.064791515469551,29.38639831542969,35.41683959960938,-53.97392272949219
44454,-0.3914031982421875,0.000701904296875,-0.9942474365234376,1.516346335411072,-0.025463281199336,-0.064791515469551,29.38639831542969,35.41683959960938,-53.97392272949219
44455,-0.3755950927734375,0.0889892578125,-1.100021362304688,1.604636073112488,0.192451998591423,-0.4994737207889557,29.34542846679688,34.86865234375,-53.64756774902344
44456,-0.340179443359375,0.1281280517578125,-1.169662475585938,1.553500413894653,0.0880888476967811,-1.095025777816772,29.47486877441406,34.25204467773438,-53.66575622558594
44457,-0.273590087890625,-0.02728271484375,-1.083023071289062,1.457774996757507,-0.0147757502272725,-2.026965141296387,29.85917663574219,32.7542724609375,-53.27658081054688
44458,-0.273590087890625,-0.02728271484375,-1.083023071289062,1.457774996757507,-0.0147757502272725,-2.026965141296387,29.85917663574219,32.7542724609375,-53.27658081054688
44459,-0.241790771484375,-0.143890380859375,-1.029541015625,1.484860897064209,0.079137697815895,-2.129838466644287,30.25738525390625,31.91114807128906,-53.01222229003906
44460,-0.207611083984375,-0.20855712890625,-0.9956817626953124,1.584545969963074,0.274438202381134,-2.017782688140869,30.56988525390625,30.99368286132812,-52.61848449707031
44461,-0.1999053955078125,-0.2203216552734375,-0.9875946044921876,1.741366505622864,0.4566082954406738,-1.790724158287048,31.07565307617188,30.04238891601562,-52.42958068847656
44462,-0.1884002685546875,-0.224212646484375,-0.9655609130859376,1.934060573577881,0.6508384943008423,-1.575429201126099,31.58226013183594,29.1026611328125,-52.04512023925781
44463,-0.1540985107421875,-0.2194366455078125,-0.963714599609375,2.134424448013306,0.8379157185554504,-1.437645435333252,32.12835693359375,28.16525268554688,-51.55555725097656
44464,-0.107177734375,-0.197723388671875,-0.992401123046875,2.338378429412842,0.9528595805168152,-1.429977178573608,32.62620544433594,27.17860412597656,-51.22763061523438
44465,0.035308837890625,-0.191558837890625,-1.043121337890625,2.616547584533691,0.9447507858276368,-1.718204379081726,33.83999633789062,25.36614990234375,-50.4141845703125
44466,0.035308837890625,-0.191558837890625,-1.043121337890625,2.616547584533691,0.9447507858276368,-1.718204379081726,33.83999633789062,25.36614990234375,-50.4141845703125
44467,0.1546630859375,-0.243316650390625,-0.97845458984375,2.501489400863647,0.9239765405654908,-1.978692412376404,34.49806213378906,24.29336547851562,-49.72378540039062
44468,0.269805908203125,-0.345123291015625,-0.842010498046875,2.214547157287598,1.015231609344482,-2.260163545608521,35.32827758789062,23.16590881347656,-48.9627685546875
44469,0.2714691162109375,-0.589599609375,-0.6109161376953125,1.165716171264648,1.737952828407288,-2.216551542282104,37.19111633300781,20.94381713867188,-47.17733764648438
44470,0.3221282958984375,-0.638031005859375,-0.631744384765625,0.4782230257987976,2.100347280502319,-1.922411322593689,38.27638244628906,20.07676696777344,-46.79682922363281
44471,0.3221282958984375,-0.638031005859375,-0.631744384765625,0.4782230257987976,2.100347280502319,-1.922411322593689,38.27638244628906,20.07676696777344,-46.79682922363281
44472,0.257781982421875,-0.6378936767578125,-0.8083953857421875,-0.2087470889091492,1.851943016052246,-1.588024258613586,39.46064758300781,19.52445983886719,-46.4873046875
44473,0.1167449951171875,-0.388153076171875,-0.9070892333984376,-0.8406174778938293,1.058326363563538,-1.307304501533508,40.80320739746094,19.23561096191406,-46.61280822753906
44474,0.0902099609375,-0.1963043212890625,-0.860809326171875,-1.245217442512512,0.1631415188312531,-1.239949941635132,41.91410827636719,19.13162231445312,-46.82659912109375
44475,0.09619140625,-0.2173004150390625,-0.8141937255859375,-1.376011610031128,-0.6241946220397949,-1.247559428215027,42.68096923828125,19.37933349609375,-47.02642822265625
44476,0.109710693359375,-0.2737274169921875,-0.7736663818359375,-1.312256097793579,-1.252386927604675,-1.204061985015869,43.14312744140625,19.60296630859375,-47.21080017089844
44477,0.1161346435546875,-0.2780609130859375,-0.69818115234375,-0.9535128474235536,-1.698283433914185,-1.014378070831299,43.03932189941406,20.32124328613281,-48.04481506347656
44478,0.1161346435546875,-0.2780609130859375,-0.69818115234375,-0.9535128474235536,-1.698283433914185,-1.014378070831299,43.03932189941406,20.32124328613281,-48.04481506347656
44479,0.100189208984375,-0.25408935546875,-0.665435791015625,-0.7491781115531921,-1.508524179458618,-0.9104849696159364,42.78507995605469,20.728759765625,-48.26239013671875
44480,0.094146728515625,-0.2304840087890625,-0.714935302734375,-0.6214491724967957,-1.227588653564453,-0.8461608290672302,42.49996948242188,20.87968444824219,-48.46998596191406
44481,0.09393310546875,-0.3043365478515625,-0.7953643798828125,-0.6447078585624695,-0.8551561832427979,-0.7892240285873413,41.91793823242188,21.20448303222656,-48.75923156738281
44482,0.09393310546875,-0.3043365478515625,-0.7953643798828125,-0.6447078585624695,-0.8551561832427979,-0.7892240285873413,41.91793823242188,21.20448303222656,-48.75923156738281
44483,0.0815582275390625,-0.311126708984375,-0.791839599609375,-0.6523628830909729,-0.5827372074127197,-0.7637714147567749,41.77445983886719,21.48504638671875,-49.02581787109375
44484,0.080963134765625,-0.31036376953125,-0.8331756591796875,-0.5911890268325806,-0.3537431657314301,-0.7569233775138855,41.56320190429688,21.75355529785156,-49.29421997070312
44485,0.090118408203125,-0.324615478515625,-0.8928070068359375,-0.413859486579895,-0.2805562913417816,-0.7639623880386353,41.64027404785156,21.92649841308594,-49.35081481933594
44486,0.0880279541015625,-0.3282623291015625,-0.9469757080078124,-0.1478930562734604,-0.3790887296199799,-0.7647685408592224,41.67594909667969,22.00497436523438,-49.52420043945312
44487,0.084564208984375,-0.32586669921875,-0.969696044921875,0.1443606466054916,-0.5601072311401367,-0.7639729976654053,41.68046569824219,22.15313720703125,-49.72222900390625
44488,0.0780487060546875,-0.313385009765625,-0.9792633056640624,0.3810863792896271,-0.7583311200141907,-0.7836026549339294,41.72564697265625,22.169189453125,-49.65328979492188
44489,0.077117919921875,-0.31256103515625,-0.96697998046875,0.5263838768005371,-0.8916659951210022,-0.82069331407547,41.64999389648438,22.03404235839844,-49.64445495605469
44490,0.07794189453125,-0.310516357421875,-0.9675750732421876,0.5918707847595215,-0.9500872492790222,-0.8671503067016602,41.61878967285156,21.91609191894531,-49.53712463378906
44491,0.093902587890625,-0.318878173828125,-0.9870452880859376,0.5810855031013489,-0.9764365553855896,-0.9203051328659058,41.58544921875,21.71185302734375,-49.25788879394531
44492,0.123046875,-0.3472137451171875,-0.9989013671875,0.5105711221694946,-0.9314848184585572,-0.9584458470344543,41.54951477050781,21.33992004394531,-48.87681579589844
44493,0.155914306640625,-0.40283203125,-0.987335205078125,0.4195961952209473,-0.5176466107368469,-0.8924905061721802,41.453125,20.89053344726562,-48.54022216796875
44494,0.155914306640625,-0.40283203125,-0.987335205078125,0.4195961952209473,-0.5176466107368469,-0.8924905061721802,41.453125,20.89053344726562,-48.54022216796875
44495,0.1661834716796875,-0.4229583740234375,-0.9886474609375,0.4783228933811188,-0.2853901982307434,-0.8030482530593872,41.51383972167969,20.61618041992188,-48.49205017089844
44496,0.1670074462890625,-0.4286041259765625,-0.98150634765625,0.5975422263145447,-0.0802658125758171,-0.7248911261558533,41.52461242675781,20.32319641113281,-48.34445190429688
44497,0.15887451171875,-0.4337615966796875,-0.9774627685546876,0.7600336670875549,0.0439275093376636,-0.6709344387054443,41.69801330566406,20.028564453125,-48.27256774902344
44498,0.15887451171875,-0.4337615966796875,-0.9774627685546876,0.7600336670875549,0.0439275093376636,-0.6709344387054443,41.69801330566406,20.028564453125,-48.27256774902344
44499,0.1260528564453125,-0.42755126953125,-0.9583892822265624,1.121411800384521,-0.0944058671593666,-0.6696752905845642,42.19436645507812,19.55924987792969,-47.78579711914062
44500,0.121795654296875,-0.40130615234375,-0.9739532470703124,1.274244785308838,-0.2984596490859985,-0.7324936389923096,42.43907165527344,19.150634765625,-47.5364990234375
44501,0.14447021484375,-0.41754150390625,-1.004898071289062,1.371462225914001,-0.6228595972061157,-0.8210093975067139,42.64094543457031,18.77679443359375,-47.03535461425781
44502,0.1705474853515625,-0.4357452392578125,-0.9680328369140624,1.40209698677063,-0.8844397664070129,-0.9012744426727296,42.76493835449219,18.32115173339844,-46.66236877441406
44503,0.186279296875,-0.432830810546875,-0.8876953125,1.358494400978088,-0.8250683546066284,-0.939408242702484,42.80192565917969,17.82571411132812,-46.28947448730469
44504,0.204193115234375,-0.431396484375,-0.845184326171875,1.248464345932007,-0.4908376336097717,-0.9198251962661744,42.84805297851562,17.33290100097656,-45.76289367675781
44505,0.222442626953125,-0.4719696044921875,-0.817718505859375,1.083685994148254,-0.0060845240950584,-0.8078185319900513,43.004638671875,16.72860717773438,-45.26295471191406
44506,0.2223663330078125,-0.5146331787109375,-0.8003997802734375,0.8665965795516968,0.5369561314582825,-0.6158828735351562,43.26730346679688,16.25190734863281,-44.7486572265625
44507,0.2114715576171875,-0.53863525390625,-0.8019866943359375,0.6398468017578125,0.998002290725708,-0.3925587236881256,43.47584533691406,15.80128479003906,-44.54376220703125
44508,0.19140625,-0.52532958984375,-0.8024749755859375,0.4626113176345825,1.274598717689514,-0.2313602566719055,43.82196044921875,15.48924255371094,-44.23971557617188
44509,0.14312744140625,-0.4470062255859375,-0.8621368408203125,0.3159680962562561,1.040120244026184,-0.1990910023450851,44.87339782714844,15.16963195800781,-43.64810180664062
44510,0.14312744140625,-0.4470062255859375,-0.8621368408203125,0.3159680962562561,1.040120244026184,-0.1990910023450851,44.87339782714844,15.16963195800781,-43.64810180664062
44511,0.139556884765625,-0.443359375,-0.8800506591796875,0.2543475925922394,0.5580355525016785,-0.26453498005867,45.21153259277344,15.11180114746094,-43.66804504394531
44512,0.1453857421875,-0.427459716796875,-0.890716552734375,0.1130000576376915,-0.0008362325606867,-0.3629547655582428,45.61444091796875,14.939697265625,-43.55995178222656
44513,0.1549224853515625,-0.407135009765625,-0.882781982421875,-0.1471119523048401,-0.469639390707016,-0.4679003655910492,45.92843627929688,14.88768005371094,-43.47918701171875
44514,0.1699981689453125,-0.4058380126953125,-0.8590545654296875,-0.4991885125637054,-0.6926253437995911,-0.5043683648109436,46.12290954589844,14.94645690917969,-43.47029113769531
44515,0.18804931640625,-0.431640625,-0.8612213134765625,-0.8627118468284607,-0.6499340534210205,-0.4240972101688385,46.18771362304688,14.94393920898438,-43.47659301757812
44516,0.183441162109375,-0.4323577880859375,-0.8967132568359375,-1.162641048431396,-0.4537424445152283,-0.2352465987205505,46.2164306640625,15.08680725097656,-43.57716369628906
44517,0.07354736328125,-0.31988525390625,-1.01373291015625,-1.441654562950134,0.2590571343898773,0.3299352824687958,45.82362365722656,16.01205444335938,-44.51347351074219
44518,0.07354736328125,-0.31988525390625,-1.01373291015625,-1.441654562950134,0.2590571343898773,0.3299352824687958,45.82362365722656,16.01205444335938,-44.51347351074219
44519,0.07354736328125,-0.31988525390625,-1.01373291015625,-1.441654562950134,0.2590571343898773,0.3299352824687958,45.82362365722656,16.01205444335938,-44.51347351074219
44520,0.0238494873046875,-0.284027099609375,-1.044387817382812,-1.374578595161438,0.4607335329055786,0.3572238981723785,45.67555236816406,16.50984191894531,-44.94493103027344
44521,-0.00238037109375,-0.248809814453125,-1.097183227539062,-1.222371697425842,0.4959881901741028,0.2910384833812714,45.6129150390625,16.85179138183594,-45.40045166015625
44522,-0.0089111328125,-0.21893310546875,-1.1339111328125,-0.9910693168640136,0.3302740454673767,0.1615867614746094,45.55868530273438,17.33242797851562,-45.82412719726562
44523,-0.003936767578125,-0.2130584716796875,-1.13226318359375,-0.7017602324485779,0.0770468488335609,0.0244297087192535,45.63758850097656,17.81605529785156,-46.34176635742188
44524,0.013946533203125,-0.2260284423828125,-1.1153564453125,-0.4230191707611084,-0.1776150017976761,-0.0706501975655555,45.60528564453125,18.23854064941406,-46.73114013671875
44525,0.04052734375,-0.2479248046875,-1.07086181640625,-0.1922541260719299,-0.33831787109375,-0.0921935737133026,45.65792846679688,18.48625183105469,-46.99542236328125
44526,0.0597381591796875,-0.2549591064453125,-1.027801513671875,-0.0214781276881694,-0.387665182352066,-0.0479022786021232,45.61869812011719,18.66165161132812,-47.19465637207031
44527,0.065887451171875,-0.2508544921875,-0.9886322021484376,0.0958524942398071,-0.341348797082901,0.0385447293519973,45.50617980957031,18.78831481933594,-47.37991333007812
44528,0.060333251953125,-0.2474365234375,-0.9524078369140624,0.1350209414958954,-0.2214692682027817,0.1497934907674789,45.43536376953125,18.830078125,-47.46926879882812
44529,0.04876708984375,-0.2651824951171875,-0.9156036376953124,0.0955952331423759,-0.0556917563080787,0.2767951190471649,45.30862426757812,18.98521423339844,-47.40260314941406
44530,0.0346221923828125,-0.2730865478515625,-0.8974151611328125,-0.026821494102478,0.0879381075501442,0.3744961023330688,45.23834228515625,18.80010986328125,-47.35340881347656
44531,0.019561767578125,-0.2828216552734375,-0.876220703125,-0.2258222103118896,0.1721137017011642,0.4164409041404724,45.12812805175781,18.76416015625,-47.23631286621094
44532,0.0164794921875,-0.2877349853515625,-0.8535003662109375,-0.4697887897491455,0.2379465103149414,0.4055357873439789,45.06108093261719,18.65596008300781,-47.1160888671875
44533,0.061004638671875,-0.2971649169921875,-0.9120635986328124,-0.7376426458358765,-0.3332647681236267,0.2444230616092682,44.84883117675781,19.26713562011719,-47.641845703125
44534,0.061004638671875,-0.2971649169921875,-0.9120635986328124,-0.7376426458358765,-0.3332647681236267,0.2444230616092682,44.84883117675781,19.26713562011719,-47.641845703125
44535,0.061004638671875,-0.2971649169921875,-0.9120635986328124,-0.7376426458358765,-0.3332647681236267,0.2444230616092682,44.84883117675781,19.26713562011719,-47.641845703125
44536,0.061004638671875,-0.2971649169921875,-0.9120635986328124,-0.7376426458358765,-0.3332647681236267,0.2444230616092682,44.84883117675781,19.26713562011719,-47.641845703125
44537,0.0504913330078125,-0.3205718994140625,-0.9021453857421876,-0.5727822780609131,-0.5418089628219604,0.3442694842815399,44.69412231445312,19.58900451660156,-47.80889892578125
44538,0.0262298583984375,-0.3131866455078125,-0.8711700439453125,-0.4218636155128479,-0.6543205380439758,0.42462158203125,44.5257568359375,19.87091064453125,-47.88880920410156
44539,0.0101470947265625,-0.320159912109375,-0.8544464111328125,-0.3289874792098999,-0.6779268383979797,0.4348467886447906,44.12535095214844,20.10453796386719,-48.20021057128906
44540,-0.009735107421875,-0.3296051025390625,-0.8314971923828125,-0.337383359670639,-0.6177191734313965,0.3881043195724487,43.87393188476562,20.34339904785156,-48.39979553222656
44541,-0.0303802490234375,-0.279998779296875,-0.7952423095703125,-0.6594109535217285,-0.1799511313438416,0.1252703070640564,43.12236022949219,20.50152587890625,-48.76399230957031
44542,-0.0303802490234375,-0.279998779296875,-0.7952423095703125,-0.6594109535217285,-0.1799511313438416,0.1252703070640564,43.12236022949219,20.50152587890625,-48.76399230957031
44543,-0.016937255859375,-0.240264892578125,-0.81561279296875,-0.8764891624450684,0.0245237182825803,-0.0417754091322422,42.881591796875,20.83949279785156,-49.00306701660156
44544,0.013641357421875,-0.2480926513671875,-0.871429443359375,-1.080597043037415,0.0611728094518184,-0.1745230704545975,42.65711975097656,21.05226135253906,-49.15480041503906
44545,0.0299835205078125,-0.266387939453125,-0.92669677734375,-1.242217063903809,-0.095204010605812,-0.1954723000526428,42.56025695800781,21.40184020996094,-49.36515808105469
44546,0.0351104736328125,-0.25274658203125,-0.9459991455078124,-1.381022691726685,-0.28942009806633,-0.1568079888820648,42.58236694335938,21.73994445800781,-49.60565185546875
44547,0.033203125,-0.235137939453125,-0.9474639892578124,-1.489240169525146,-0.4241800308227539,-0.1042683497071266,42.57295227050781,22.18020629882812,-49.87144470214844
44548,0.030914306640625,-0.209930419921875,-0.955474853515625,-1.54753303527832,-0.4811980426311493,-0.0809933841228485,42.53492736816406,22.74851989746094,-50.31320190429688
44549,0.0356597900390625,-0.1856689453125,-0.9734344482421876,-1.526327967643738,-0.4696319401264191,-0.1016118451952934,42.3507080078125,23.26138305664062,-50.63143920898438
44550,0.042205810546875,-0.1562957763671875,-0.9931182861328124,-1.426010847091675,-0.4285953044891357,-0.1626336574554443,42.24693298339844,23.82595825195312,-51.10258483886719
44551,0.0478668212890625,-0.134521484375,-1.01287841796875,-1.251063346862793,-0.3966972827911377,-0.2182489782571793,42.09907531738281,24.44705200195312,-51.41587829589844
44552,0.067901611328125,-0.0891876220703125,-0.960235595703125,-0.9320275187492372,0.1537251174449921,-0.1932360380887985,41.87629699707031,25.15184020996094,-51.56716918945312
44553,0.05181884765625,0.078521728515625,-1.864273071289062,0.109847404062748,0.8154575228691101,-0.1102703139185905,41.8104248046875,25.56405639648438,-51.87307739257812
44554,0.101470947265625,-0.259368896484375,-1.575485229492188,1.48968517780304,0.6825830936431885,-0.2249207347631454,41.80020141601562,26.0079345703125,-52.19918823242188
44555,0.0695343017578125,-0.388153076171875,-1.128768920898438,1.75242280960083,0.7484899163246155,-0.0855191648006439,42.01091003417969,25.99980163574219,-52.27464294433594
44556,-0.0284576416015625,-0.0631103515625,-1.049942016601562,1.594169497489929,0.5547428131103516,-0.1349157392978668,42.36651611328125,25.73890686035156,-52.07000732421875
44557,-0.0176544189453125,-0.103790283203125,-1.013824462890625,1.390967130661011,0.2501701712608337,-0.2570765316486359,42.724365234375,25.27827453613281,-51.84469604492188
44558,0.01763916015625,-0.279083251953125,-0.982330322265625,1.176273822784424,-0.0170737914741039,-0.2763903141021729,43.08660888671875,24.70906066894531,-51.53083801269531
44559,0.058319091796875,-0.29559326171875,-0.990814208984375,0.9998294711112976,0.0370309874415397,-0.2675145268440247,43.32722473144531,24.11154174804688,-51.25816345214844
44560,0.0938568115234375,-0.2387542724609375,-1.048110961914062,0.9163066148757936,0.1044020354747772,-0.2872272431850433,43.45651245117188,23.49732971191406,-50.8809814453125
44561,0.1214141845703125,-0.2994842529296875,-0.88494873046875,-0.1038100197911263,0.235644742846489,-0.5392805337905884,43.72193908691406,22.69389343261719,-50.35908508300781
44562,0.1214141845703125,-0.2994842529296875,-0.88494873046875,-0.1038100197911263,0.235644742846489,-0.5392805337905884,43.72193908691406,22.69389343261719,-50.35908508300781
44563,0.102020263671875,-0.2825164794921875,-0.9821014404296876,-0.2910337150096893,0.2849997878074646,-0.5873242020606995,43.78218078613281,22.40419006347656,-50.1158447265625
44564,0.1680755615234375,-0.341796875,-1.012557983398438,-0.3060217201709747,0.2955144643783569,-0.5642535090446472,44.03988647460938,22.25189208984375,-50.150634765625
44565,0.193145751953125,-0.342132568359375,-1.045135498046875,-0.2738496661186218,0.2039938718080521,-0.500684380531311,44.27853393554688,22.27766418457031,-50.00314331054688
44566,0.1658782958984375,-0.305755615234375,-1.033767700195312,-0.1880338191986084,0.1861435025930405,-0.4997701346874237,44.5091552734375,22.41569519042969,-49.94252014160156
44567,0.1637420654296875,-0.308319091796875,-1.057540893554688,-0.1204811409115791,0.1442732959985733,-0.509572446346283,44.77189636230469,22.50871276855469,-49.94132995605469
44568,0.1700286865234375,-0.31787109375,-1.065261840820312,-0.1037498340010643,0.0491904504597187,-0.4826042056083679,45.07777404785156,22.59872436523438,-50.01425170898438
44569,0.158447265625,-0.3294677734375,-1.068435668945312,-0.0921477675437927,-0.0703167766332626,-0.4241462051868439,45.45790100097656,22.29496765136719,-48.85289001464844
44570,0.1379852294921875,-0.3390960693359375,-1.053512573242188,-0.0839614793658256,-0.1566703021526337,-0.3619712591171265,45.63621520996094,22.37977600097656,-49.00566101074219
44571,0.1361846923828125,-0.3383026123046875,-1.040267944335938,-0.0823089852929115,-0.2123817652463913,-0.2938470542430878,45.74214172363281,22.38359069824219,-49.09440612792969
44572,0.1503448486328125,-0.321929931640625,-1.034713745117188,-0.0677857026457786,-0.2683078944683075,-0.2065435945987701,45.80908203125,22.28898620605469,-49.07698059082031
44573,0.160888671875,-0.3003387451171875,-1.042160034179688,-0.0210086125880479,-0.3362672328948975,-0.1187695264816284,45.86073303222656,22.25892639160156,-48.8743896484375
44574,0.171539306640625,-0.2851715087890625,-1.045364379882812,0.0355020686984062,-0.4018736779689789,-0.0464260876178741,45.81600952148438,22.30757141113281,-48.86854553222656
44575,0.16619873046875,-0.264312744140625,-1.050643920898438,0.0914827808737754,-0.4545872211456299,0.0181078966706991,45.65789794921875,22.49360656738281,-49.00978088378906
44576,0.1529998779296875,-0.25665283203125,-1.045425415039062,0.1611926108598709,-0.4636121392250061,0.0536664240062236,45.50927734375,22.55288696289062,-49.02569580078125
44577,0.1410369873046875,-0.2641754150390625,-0.998321533203125,0.2867827713489532,-0.3232283890247345,0.0828429535031318,45.21591186523438,22.32864379882812,-48.9005126953125
44578,0.1410369873046875,-0.2641754150390625,-0.998321533203125,0.2867827713489532,-0.3232283890247345,0.0828429535031318,45.21591186523438,22.32864379882812,-48.9005126953125
44579,0.14984130859375,-0.2694091796875,-1.030853271484375,0.3087005913257599,-0.3176732957363129,0.0861734971404075,45.07136535644531,22.27395629882812,-48.83509826660156
44580,0.147308349609375,-0.2517852783203125,-1.052764892578125,0.3216110467910767,-0.4046516120433807,0.064075119793415,44.83804321289062,22.18220520019531,-48.51997375488281
44581,0.19091796875,-0.2293548583984375,-0.98419189453125,0.5079697370529175,-0.8947345018386841,-0.050957191735506,44.51089477539062,21.71678161621094,-48.38494873046875
44582,0.19091796875,-0.2293548583984375,-0.98419189453125,0.5079697370529175,-0.8947345018386841,-0.050957191735506,44.51089477539062,21.71678161621094,-48.38494873046875
44583,0.3077850341796875,-0.15728759765625,-0.9573516845703124,0.6364259719848633,-1.158503770828247,-0.219127282500267,44.33570861816406,21.53294372558594,-48.27334594726562
44584,0.4444122314453125,-0.098297119140625,-0.9825592041015624,0.7043432593345642,-1.330483794212341,-0.5926470756530762,44.01582336425781,21.40003967285156,-48.22837829589844
44585,0.4322967529296875,-0.110809326171875,-0.9876708984375,0.7133074402809143,-1.360284566879272,-0.96354341506958,43.72833251953125,21.04423522949219,-48.01445007324219
44586,0.3464202880859375,-0.14117431640625,-0.9283447265625,0.7221209406852722,-1.128258347511292,-1.209892749786377,43.53192138671875,20.77836608886719,-48.03048706054688
44587,0.2788238525390625,-0.159210205078125,-0.9412689208984376,0.7108887434005737,-0.8375404477119446,-1.34145975112915,43.49630737304688,20.3048095703125,-47.96826171875
44588,0.240081787109375,-0.1834564208984375,-0.983917236328125,0.6322981119155884,-0.6615864634513855,-1.391939520835876,43.57183837890625,19.8712158203125,-47.90524291992188
44589,0.2005615234375,-0.1999053955078125,-1.000595092773438,0.4841320514678955,-0.5546360611915588,-1.417752981185913,43.81484985351562,19.37022399902344,-47.88827514648438
44590,0.1668243408203125,-0.2259521484375,-0.997802734375,0.2922036349773407,-0.4528449773788452,-1.452425718307495,44.21868896484375,18.84909057617188,-47.80532836914062
44591,0.1353759765625,-0.237274169921875,-1.006515502929688,0.1051940619945526,-0.3714728951454163,-1.468934893608093,44.69358825683594,18.45022583007812,-47.88566589355469
44592,0.103057861328125,-0.244384765625,-1.019699096679688,-0.0500479862093925,-0.3765219748020172,-1.468708276748657,45.04942321777344,18.30345153808594,-48.05107116699219
44593,0.0715484619140625,-0.259979248046875,-1.006027221679688,-0.1637854725122452,-0.4453689455986023,-1.443231701850891,45.5269775390625,18.06886291503906,-48.23881530761719
44594,0.0409393310546875,-0.2628326416015625,-0.967559814453125,-0.2398575991392136,-0.4971274733543396,-1.401512265205383,45.93782043457031,17.88436889648438,-48.47531127929688
44595,0.0149688720703125,-0.2556304931640625,-0.9358673095703124,-0.2795232534408569,-0.5178998708724976,-1.357866168022156,46.40666198730469,17.66433715820312,-48.62789916992188
44596,-0.0033111572265625,-0.2453460693359375,-0.914794921875,-0.2645221948623657,-0.5335485935211182,-1.308696746826172,46.90255737304688,17.51510620117188,-48.76272583007812
44597,-0.013214111328125,-0.237213134765625,-0.883697509765625,-0.2208029478788376,-0.5239329934120178,-1.266796231269836,47.18109130859375,17.48963928222656,-48.9739990234375
44598,-0.01727294921875,-0.2311248779296875,-0.856842041015625,-0.1564947962760925,-0.4540585875511169,-1.243282079696655,47.50860595703125,17.34245300292969,-49.19371032714844
44599,-0.0180816650390625,-0.2376251220703125,-0.8549041748046875,-0.0700930655002594,-0.3648743629455566,-1.231837749481201,47.84992980957031,17.36439514160156,-49.46565246582031
44600,-0.0198211669921875,-0.2437286376953125,-0.8609619140625,0.0366874411702156,-0.2807789444923401,-1.2250155210495,48.05470275878906,17.44113159179688,-49.54531860351562
44601,-0.035919189453125,-0.267059326171875,-0.7627716064453125,0.1204164251685143,-0.0431820899248123,-1.23609471321106,48.37275695800781,17.37553405761719,-49.62539672851562
44602,-0.3540802001953125,-0.4034271240234375,-0.4910888671875,0.3572108447551727,0.321393221616745,-0.9218239188194276,48.69989013671875,17.22175598144531,-49.66534423828125
44603,-0.4755706787109375,-0.392608642578125,-0.245574951171875,0.6578830480575562,1.326270461082458,-0.4014659523963928,49.16143798828125,17.26087951660156,-49.53831481933594
44604,-0.12823486328125,-0.2573089599609375,-0.7794647216796875,0.6055887341499329,1.626641511917114,-0.4997943639755249,49.58122253417969,17.09718322753906,-49.5838623046875
44605,0.0208892822265625,-0.2133941650390625,-0.980072021484375,0.2397548109292984,1.355761528015137,-0.5520197749137878,50.2275390625,16.84355163574219,-49.39430236816406
44606,0.1588897705078125,-0.06817626953125,-0.8943634033203125,-0.1658257246017456,1.449595332145691,-0.7592328786849976,50.957275390625,16.6429443359375,-49.39076232910156
44607,0.243682861328125,-0.057464599609375,-1.009078979492188,-0.4352777004241943,1.691852688789368,-0.9630685448646544,51.59844970703125,16.63034057617188,-49.40744018554688
44608,0.2184295654296875,-0.0338897705078125,-1.097747802734375,-0.626581072807312,1.718687295913696,-0.9308946132659912,52.44322204589844,16.76158142089844,-49.46353149414062
44609,0.423187255859375,0.09405517578125,-0.9138641357421876,-0.260206013917923,1.784464955329895,-0.8199777007102966,54.02070617675781,17.30364990234375,-49.83067321777344
44610,0.419952392578125,0.0598907470703125,-0.9810028076171876,0.0216717403382062,1.843225717544556,-0.7164846062660217,54.92692565917969,17.41902160644531,-50.04512023925781
44611,0.419952392578125,0.0598907470703125,-0.9810028076171876,0.0216717403382062,1.843225717544556,-0.7164846062660217,54.92692565917969,17.41902160644531,-50.04512023925781
44612,0.3767547607421875,0.1101531982421875,-0.881500244140625,0.2128667235374451,2.162210464477539,-0.6192677617073059,55.84146118164062,17.46014404296875,-49.85615539550781
44613,0.3612518310546875,0.1286163330078125,-0.767608642578125,0.2485810518264771,2.631301403045654,-0.5138526558876038,56.736572265625,17.48170471191406,-49.82278442382812
44614,0.421783447265625,0.15704345703125,-0.68609619140625,0.0723002925515174,3.247049331665039,-0.4247257113456726,57.75798034667969,17.45355224609375,-49.7318115234375
44615,0.484832763671875,0.1573028564453125,-0.5900726318359375,-0.1558681577444077,4.197708606719971,-0.4262120425701141,58.89506530761719,17.44126892089844,-49.60182189941406
44616,0.5827178955078125,0.123199462890625,-0.5667266845703125,-0.2483232617378235,5.482147216796875,-0.5461989045143127,60.18110656738281,17.53799438476562,-49.25686645507812
44617,0.834747314453125,0.0867462158203125,-0.712615966796875,-0.1286117732524872,7.427352905273438,-0.6846603751182556,63.92530822753906,17.85104370117188,-48.34954833984375
44618,0.834747314453125,0.0867462158203125,-0.712615966796875,-0.1286117732524872,7.427352905273438,-0.6846603751182556,63.92530822753906,17.85104370117188,-48.34954833984375
44619,0.6756439208984375,0.207550048828125,-0.724029541015625,-0.0377215445041656,7.969806671142578,-1.200047850608826,66.31692504882812,18.040283203125,-47.50120544433594
44620,0.5745849609375,0.161712646484375,-0.5212249755859375,-0.4355266988277435,8.235904693603516,-2.024574041366577,68.94606018066406,18.30986022949219,-46.20936584472656
44621,0.7839813232421875,0.0306549072265625,-0.695953369140625,-0.4459058344364166,7.518787384033203,-2.557222843170166,74.72111511230469,19.15827941894531,-42.86763000488281
44622,0.7839813232421875,0.0306549072265625,-0.695953369140625,-0.4459058344364166,7.518787384033203,-2.557222843170166,74.72111511230469,19.15827941894531,-42.86763000488281
44623,0.84906005859375,-0.0963592529296875,-0.5770721435546875,-0.584219217300415,6.64962911605835,-2.549374580383301,77.63040161132812,19.87115478515625,-41.21131896972656
44624,0.93792724609375,-0.1913604736328125,-0.5145263671875,-0.7434909343719482,5.66206693649292,-2.338980913162231,80.251220703125,20.78662109375,-39.44549560546875
44625,1.00311279296875,-0.268646240234375,-0.386260986328125,-0.978649377822876,4.778262615203857,-1.988755226135254,82.58480834960938,21.66578674316406,-37.71743774414062
44626,1.0509033203125,-0.3168487548828125,-0.277801513671875,-1.324346899986267,4.10200023651123,-1.611890435218811,84.47280883789062,22.77769470214844,-36.16236877441406
44627,1.077972412109375,-0.3104400634765625,-0.20654296875,-1.683995604515076,3.627224206924438,-1.308541297912598,85.97286987304688,23.72174072265625,-34.63371276855469
44628,1.09466552734375,-0.297760009765625,-0.163238525390625,-1.991096615791321,3.41273832321167,-1.100003480911255,87.23141479492188,24.53070068359375,-33.35006713867188
44629,1.143417358398438,-0.3122100830078125,-0.304656982421875,-1.965477108955383,3.680152416229248,-0.8157134652137756,89.12704467773438,26.1143798828125,-31.43666076660156
44630,1.143417358398438,-0.3122100830078125,-0.304656982421875,-1.965477108955383,3.680152416229248,-0.8157134652137756,89.12704467773438,26.1143798828125,-31.43666076660156
44631,1.112518310546875,-0.349945068359375,-0.3696136474609375,-1.735624670982361,3.888778686523438,-0.7369203567504883,89.92649841308594,26.86312866210938,-30.60354614257812
44632,1.052719116210938,-0.3964996337890625,-0.4589080810546875,-1.40451967716217,4.052358150482178,-0.6907930970191956,90.6973876953125,27.61033630371094,-29.45782470703125
44633,0.88763427734375,-0.5757293701171875,-0.7709503173828125,-0.2133002877235413,3.340834856033325,-0.6211453080177307,92.82331848144533,29.09759521484375,-25.39326477050781
44634,0.88763427734375,-0.5757293701171875,-0.7709503173828125,-0.2133002877235413,3.340834856033325,-0.6211453080177307,92.82331848144533,29.09759521484375,-25.39326477050781
44635,0.88763427734375,-0.5757293701171875,-0.7709503173828125,-0.2133002877235413,3.340834856033325,-0.6211453080177307,92.82331848144533,29.09759521484375,-25.39326477050781
44636,0.872039794921875,-0.624603271484375,-0.56640625,-0.229516014456749,2.905881404876709,-0.5639046430587769,93.35597229003906,29.50631713867188,-23.77029418945312
44637,0.904327392578125,-0.587493896484375,-0.628662109375,-0.2521600723266602,2.339611291885376,-0.5090088844299316,93.9357452392578,29.83601379394531,-22.23081970214844
44638,0.91375732421875,-0.6213226318359375,-0.6364593505859375,-0.2359094619750977,1.727433562278748,-0.3520027697086334,94.33367919921876,30.12521362304688,-21.1295166015625
44639,0.92742919921875,-0.5732879638671875,-0.5954132080078125,-0.1966419517993927,1.248193740844727,-0.2009852975606918,94.58822631835938,30.33871459960938,-20.34736633300781
44640,0.9464263916015624,-0.501190185546875,-0.56011962890625,-0.1432993710041046,0.907669723033905,-0.1244247481226921,94.7436065673828,30.61276245117188,-19.61054992675781
44641,0.9442138671875,-0.4261932373046875,-0.516632080078125,-0.1040592938661575,0.6656219363212585,-0.0935933366417884,94.97198486328124,30.66664123535156,-19.24833679199219
44642,0.9442138671875,-0.4261932373046875,-0.516632080078125,-0.1040592938661575,0.6656219363212585,-0.0935933366417884,94.97198486328124,30.66664123535156,-19.24833679199219
44643,0.8845672607421875,-0.26953125,-0.4312744140625,-0.1269305199384689,0.1875714957714081,-0.0271956678479909,95.04612731933594,30.79747009277344,-18.58589172363281
44644,0.85260009765625,-0.209381103515625,-0.4162139892578125,-0.3200395107269287,-0.0846602916717529,0.0158790983259677,95.15487670898438,30.71870422363281,-18.37701416015625
44645,0.9265289306640624,-0.16522216796875,-0.3682861328125,-0.5450188517570496,-0.3750519156455994,0.0902321562170982,95.1981201171875,30.77484130859375,-18.31871032714844
44646,0.945831298828125,-0.19793701171875,-0.33026123046875,-0.6988565921783447,-0.5079920887947083,0.2011903673410416,95.16194152832033,30.78114318847656,-18.39877319335938
44647,1.001220703125,-0.2162933349609375,-0.3171234130859375,-0.7511933445930481,-0.5791746973991394,0.3033385872840881,95.24539184570312,30.7401123046875,-18.65037536621094
44648,1.038192749023438,-0.2359161376953125,-0.326751708984375,-0.7031842470169067,-0.491453617811203,0.4012579321861267,95.24078369140624,30.62916564941406,-19.01296997070312
44649,1.053695678710938,-0.277557373046875,-0.3798065185546875,-0.5227228403091431,-0.3557815551757812,0.4863629937171936,94.98602294921876,30.58209228515625,-19.39712524414062
44650,1.050140380859375,-0.3030242919921875,-0.439239501953125,-0.2261806726455688,-0.2483988851308823,0.5875359177589417,94.8963623046875,30.45259094238281,-19.65792846679688
44651,1.017288208007812,-0.28558349609375,-0.472198486328125,0.1623825132846832,-0.146989181637764,0.6702784895896912,94.81706237792967,30.38327026367188,-19.93952941894531
44652,0.9703216552734376,-0.2458953857421875,-0.4810791015625,0.5857673287391663,-0.0645566210150718,0.7172673344612122,94.7422332763672,30.05136108398438,-20.14263916015625
44653,0.91107177734375,-0.1932220458984375,-0.4701690673828125,1.009229898452759,-0.0306876040995121,0.7201621532440186,94.60760498046876,29.66719055175781,-20.22091674804688
44654,0.8638153076171875,-0.12164306640625,-0.4374237060546875,1.379850625991821,-0.0578694231808185,0.6808832287788391,94.51414489746094,29.33052062988281,-20.11833190917969
44655,0.820068359375,-0.030731201171875,-0.3917999267578125,1.634046912193298,-0.1024933531880379,0.588550865650177,94.35789489746094,29.01618957519531,-19.88737487792969
44656,0.77886962890625,0.0517730712890625,-0.3654937744140625,1.740081787109375,-0.2257111519575119,0.4462773501873016,94.24293518066406,28.71212768554688,-19.621826171875
44657,0.7548370361328125,0.162445068359375,-0.33697509765625,1.707207679748535,-0.4527363181114197,0.2533688843250275,93.98263549804688,28.44815063476562,-19.41598510742188
44658,0.7548370361328125,0.162445068359375,-0.33697509765625,1.707207679748535,-0.4527363181114197,0.2533688843250275,93.98263549804688,28.44815063476562,-19.41598510742188
44659,0.7518463134765625,0.289459228515625,-0.2462005615234375,1.296148538589478,-1.016052722930908,-0.0208924990147352,93.8077392578125,27.83126831054688,-19.03070068359375
44660,0.75872802734375,0.3319091796875,-0.2020111083984375,0.9899275898933412,-1.175839424133301,-0.2023171484470367,93.77326965332033,27.59457397460938,-18.85745239257812
44661,0.858673095703125,0.2940521240234375,-0.195892333984375,0.5022290349006653,-1.076063513755798,-0.7083555459976196,93.60232543945312,27.57682800292969,-19.19320678710938
44662,0.858673095703125,0.2940521240234375,-0.195892333984375,0.5022290349006653,-1.076063513755798,-0.7083555459976196,93.60232543945312,27.57682800292969,-19.19320678710938
44663,0.898712158203125,0.1244354248046875,-0.2834930419921875,0.2114752233028412,-0.8978871703147888,-1.450177431106567,93.63499450683594,27.90611267089844,-20.01316833496094
44664,1.00640869140625,0.05633544921875,-0.3112335205078125,-0.0913858413696289,-1.098564028739929,-1.449666976928711,93.69158935546876,28.25265502929688,-20.37382507324219
44665,1.00640869140625,0.05633544921875,-0.3112335205078125,-0.0913858413696289,-1.098564028739929,-1.449666976928711,93.69158935546876,28.25265502929688,-20.37382507324219
44666,0.9727020263671876,0.040069580078125,-0.3760528564453125,-0.2108195573091507,-1.273812294006348,-1.344477415084839,93.85552978515624,28.76924133300781,-20.63523864746094
44667,0.937896728515625,-0.0116119384765625,-0.4089202880859375,-0.2359171956777573,-1.411037564277649,-1.409322738647461,94.13522338867188,29.34500122070312,-21.16621398925781
44668,1.468826293945312,-0.191009521484375,-0.4626312255859375,0.1595409214496613,-1.465605974197388,-1.320399284362793,94.53785705566406,30.57850646972656,-22.11579895019531
44669,1.631515502929688,-0.1794586181640625,-0.3506317138671875,0.4420250952243805,-1.327138900756836,-0.8971449136734009,94.63658142089844,31.2928466796875,-22.79624938964844
44670,1.631515502929688,-0.1794586181640625,-0.3506317138671875,0.4420250952243805,-1.327138900756836,-0.8971449136734009,94.63658142089844,31.2928466796875,-22.79624938964844
44671,1.635726928710938,-0.1321258544921875,0.0775909423828125,0.4040023386478424,-0.1657064110040665,-0.5645328760147095,94.80392456054688,32.3260498046875,-24.00917053222656
44672,1.635726928710938,-0.1321258544921875,0.0775909423828125,0.4040023386478424,-0.1657064110040665,-0.5645328760147095,94.80392456054688,32.3260498046875,-24.00917053222656
44673,1.5166015625,-0.120391845703125,0.0800018310546875,0.3314903080463409,0.6270114183425903,-0.6417403221130371,94.77093505859376,32.63140869140625,-24.42144775390625
44674,1.1175537109375,0.0509033203125,-0.086517333984375,0.559038519859314,1.88697612285614,-1.341766595840454,94.98388671875,33.01158142089844,-24.25880432128906
44675,0.9757232666015624,0.1162567138671875,-0.0579071044921875,0.8149475455284119,2.617613792419434,-1.870862364768982,95.16163635253906,33.40057373046875,-23.63104248046875
44676,0.9757232666015624,0.1162567138671875,-0.0579071044921875,0.8149475455284119,2.617613792419434,-1.870862364768982,95.16163635253906,33.40057373046875,-23.63104248046875
44677,0.8512725830078125,0.1664581298828125,-0.111968994140625,1.044034719467163,3.286275863647461,-2.394709348678589,95.458251953125,34.0323486328125,-22.78826904296875
44678,0.7504730224609375,0.314178466796875,-0.1572723388671875,0.8489542007446289,2.700277805328369,-2.849133014678955,95.93560791015624,34.6865234375,-21.60545349121094
44679,0.8146209716796875,0.5912933349609375,0.1072998046875,0.3108252584934235,2.087743997573853,-3.415651321411133,97.0534210205078,36.79356384277344,-18.93807983398438
44680,0.8146209716796875,0.5912933349609375,0.1072998046875,0.3108252584934235,2.087743997573853,-3.415651321411133,97.0534210205078,36.79356384277344,-18.93807983398438
44681,0.9566650390625,0.6414642333984375,0.1450653076171875,0.459214985370636,2.319119691848755,-3.873582363128662,97.50242614746094,38.04525756835938,-17.65837097167969
44682,1.033004760742188,0.524078369140625,0.0758819580078125,0.7559332251548767,2.42500901222229,-4.59084939956665,97.919921875,39.65374755859375,-16.59809875488281
44683,0.88116455078125,0.333282470703125,0.1829376220703125,1.331496596336365,1.44707727432251,-6.634290218353271,98.59710693359376,43.46928405761719,-14.16090393066406
44684,0.808929443359375,0.485595703125,-0.054931640625,1.309836864471436,0.6671836376190186,-7.351508140563965,98.79542541503906,45.91232299804688,-13.1934814453125
44685,0.808929443359375,0.485595703125,-0.054931640625,1.309836864471436,0.6671836376190186,-7.351508140563965,98.79542541503906,45.91232299804688,-13.1934814453125
44686,0.729949951171875,0.695770263671875,-0.15936279296875,1.111218094825745,-0.0838839784264564,-7.617340564727783,98.8115692138672,49.03590393066406,-12.42041015625
44687,0.78753662109375,0.6296539306640625,-0.5181427001953125,0.7973608374595642,-0.2260411232709885,-6.961247444152832,98.60557556152344,52.52047729492188,-11.97322082519531
44688,1.036270141601562,0.5364990234375,-1.0057373046875,2.004882335662842,-0.7664377689361572,-5.22552490234375,98.19245910644533,56.01390075683594,-11.92085266113281
44689,0.6301422119140625,0.83319091796875,-0.2742767333984375,3.144503355026245,-1.834744095802307,-3.801475524902344,96.88919067382812,62.16987609863281,-12.46244812011719
44690,0.6301422119140625,0.83319091796875,-0.2742767333984375,3.144503355026245,-1.834744095802307,-3.801475524902344,96.88919067382812,62.16987609863281,-12.46244812011719
44691,0.5574798583984375,0.7578582763671875,-0.0345916748046875,3.371961832046509,-2.235942363739014,-4.368477344512939,96.2781982421875,64.16366577148438,-13.18095397949219
44692,0.7093048095703125,0.8985137939453125,0.1013336181640625,3.443331003189087,-1.732423543930054,-5.008460998535156,95.73448181152344,65.82901000976562,-14.03916931152344
44693,0.7850341796875,0.94781494140625,0.02471923828125,3.275460243225098,-0.5661427974700928,-5.672121047973633,94.8305206298828,67.46697998046875,-15.29789733886719
44694,0.5634765625,0.68670654296875,-0.0653228759765625,2.656496286392212,0.9913326501846312,-5.653252124786377,93.71223449707033,69.35118103027344,-16.72171020507812
44695,0.3091583251953125,0.4006805419921875,-0.17462158203125,1.593449950218201,2.54474663734436,-4.760106086730957,92.62815856933594,71.48623657226562,-18.09518432617188
44696,0.27130126953125,0.4152984619140625,-0.67620849609375,0.2890619039535522,2.573042392730713,-3.720618009567261,91.314697265625,73.52487182617188,-18.60577392578125
44697,0.2982330322265625,0.5162811279296875,-0.740264892578125,-0.8433453440666199,1.707208514213562,-3.026589632034302,90.08590698242188,75.49586486816406,-18.44172668457031
44698,0.3809814453125,0.6404571533203125,-0.6044769287109375,-1.53735077381134,0.788110077381134,-2.868118762969971,89.12385559082031,77.09371948242188,-17.75068664550781
44699,0.4761962890625,0.6922760009765625,-0.6754150390625,-1.5268235206604,0.1433451771736145,-3.006623983383179,88.25593566894531,78.43853759765625,-16.79856872558594
44700,0.5095977783203125,0.6568450927734375,-0.651458740234375,-0.940542995929718,-0.7901614904403687,-3.111701250076294,87.43431091308594,79.65432739257812,-15.90303039550781
44701,0.389984130859375,0.58514404296875,-0.0745697021484375,-0.7003322839736938,-1.176742434501648,-3.446892023086548,85.59559631347656,82.00306701660156,-15.11985778808594
44702,0.389984130859375,0.58514404296875,-0.0745697021484375,-0.7003322839736938,-1.176742434501648,-3.446892023086548,85.59559631347656,82.00306701660156,-15.11985778808594
44703,0.3508453369140625,0.5574188232421875,-0.1311798095703125,-0.9883512854576112,-1.041746020317078,-3.583587884902954,84.49720764160156,83.17582702636719,-15.0758056640625
44704,0.2747650146484375,0.5416107177734375,-0.21746826171875,-1.451287746429443,-1.305336356163025,-3.802824974060059,82.01654052734375,85.38111877441406,-15.14591979980469
44705,0.2747650146484375,0.5416107177734375,-0.21746826171875,-1.451287746429443,-1.305336356163025,-3.802824974060059,82.01654052734375,85.38111877441406,-15.14591979980469
44706,0.220123291015625,0.4884033203125,-0.10882568359375,-1.524327635765076,-1.309840083122253,-3.950741291046143,80.59999084472656,86.6348876953125,-15.0633544921875
44707,0.151092529296875,0.412384033203125,-0.1111297607421875,-1.475829839706421,-1.322811603546143,-3.900846481323242,79.18182373046875,87.79945373535156,-14.83235168457031
44708,0.211212158203125,0.8962860107421875,-0.0350494384765625,-1.479917287826538,-1.365552663803101,-3.689135551452637,77.76139831542969,88.99118041992188,-14.5924072265625
44709,0.42425537109375,2.332077026367188,-0.297027587890625,-1.237021565437317,-2.048046112060547,-3.92655611038208,74.70750427246094,90.84921264648438,-14.00532531738281
44710,0.42425537109375,2.332077026367188,-0.297027587890625,-1.237021565437317,-2.048046112060547,-3.92655611038208,74.70750427246094,90.84921264648438,-14.00532531738281
44711,0.5228729248046875,2.612091064453125,-0.297943115234375,-0.7731883525848389,-2.729920387268066,-4.186087608337402,73.21226501464844,91.81707763671876,-13.63581848144531
44712,0.3213958740234375,1.926666259765625,0.1671295166015625,-0.565306544303894,-2.363634586334229,-4.12725305557251,71.64718627929688,92.7621612548828,-13.39938354492188
44713,0.0627899169921875,1.263885498046875,0.222991943359375,-0.4141532480716705,-1.706855893135071,-3.979824066162109,69.79417419433594,93.55256652832033,-13.25775146484375
44714,-0.0772552490234375,0.8568878173828125,0.184814453125,-0.290918380022049,-1.076131939888,-3.860115051269531,67.93814086914062,94.30996704101562,-13.41316223144531
44715,-0.16259765625,0.6569976806640625,0.045440673828125,-0.2421974539756775,-0.6562758684158325,-3.679306268692017,66.21134948730469,94.90875244140624,-13.460205078125
44716,-0.25927734375,0.734161376953125,-0.05633544921875,-0.1547823846340179,-0.4872514307498932,-3.494559049606323,64.42268371582031,95.47882080078124,-13.52436828613281
44717,-0.264007568359375,0.922882080078125,-0.1053009033203125,-0.0248550157994031,-0.330396831035614,-3.50866174697876,62.74710083007812,95.9499053955078,-13.46258544921875
44718,-0.260223388671875,0.982574462890625,-0.2388916015625,0.0932953283190727,-0.481402575969696,-3.524185657501221,61.08053588867188,96.42324829101562,-13.36018371582031
44719,-0.5020294189453125,0.8453521728515625,-0.047271728515625,0.1887046694755554,-1.182615280151367,-2.978065967559814,56.34237670898438,96.97462463378906,-13.37274169921875
44720,-0.5020294189453125,0.8453521728515625,-0.047271728515625,0.1887046694755554,-1.182615280151367,-2.978065967559814,56.34237670898438,96.97462463378906,-13.37274169921875
44721,-0.5020294189453125,0.8453521728515625,-0.047271728515625,0.1887046694755554,-1.182615280151367,-2.978065967559814,56.34237670898438,96.97462463378906,-13.37274169921875
44722,-0.6202850341796875,0.7187652587890625,0.05242919921875,0.0799262598156929,-0.9211738109588624,-2.185282230377197,54.79010009765625,97.25765991210938,-13.51873779296875
44723,-0.6475372314453125,0.6136322021484375,0.061676025390625,-0.0369417741894722,-0.4189496040344238,-1.512906074523926,53.36517333984375,97.40821838378906,-13.60296630859375
44724,-0.89459228515625,0.44622802734375,-0.1801910400390625,-0.0968770086765289,-0.0344495847821235,-0.0028264129068702,51.31707763671875,97.41317749023438,-13.37860107421875
44725,-0.89459228515625,0.44622802734375,-0.1801910400390625,-0.0968770086765289,-0.0344495847821235,-0.0028264129068702,51.31707763671875,97.41317749023438,-13.37860107421875
44726,-0.85601806640625,0.65118408203125,-0.2041778564453125,-0.0525441691279411,-0.1670465171337128,0.5266073346138,50.816650390625,97.41252136230467,-13.36172485351562
44727,-0.73675537109375,0.8175048828125,-0.1821746826171875,0.0655843392014503,-0.2706679701805115,0.5155368447303772,50.44831848144531,97.42848205566406,-13.30682373046875
44728,-0.567291259765625,0.855438232421875,-0.1245880126953125,0.1682976633310318,-0.2989978790283203,0.416179895401001,50.57806396484375,97.47586059570312,-13.3228759765625
44729,-0.34710693359375,1.042861938476562,-0.034698486328125,0.1004728078842163,-0.1908503770828247,0.2743580639362335,51.03323364257812,97.33509826660156,-13.48516845703125
44730,-0.34710693359375,1.042861938476562,-0.034698486328125,0.1004728078842163,-0.1908503770828247,0.2743580639362335,51.03323364257812,97.33509826660156,-13.48516845703125
44731,-0.288238525390625,1.062713623046875,0.027618408203125,0.0093389069661498,0.1362033784389496,0.1574937552213669,51.45378112792969,97.3126220703125,-13.61468505859375
44732,-0.288238525390625,1.062713623046875,0.027618408203125,0.0093389069661498,0.1362033784389496,0.1574937552213669,51.45378112792969,97.3126220703125,-13.61468505859375
44733,-0.2496337890625,0.99102783203125,-0.1204833984375,0.0606007613241672,0.2675747275352478,0.0019246664596721,51.62112426757812,97.2202606201172,-13.46640014648438
44734,-0.2496337890625,0.99102783203125,-0.1204833984375,0.0606007613241672,0.2675747275352478,0.0019246664596721,51.62112426757812,97.2202606201172,-13.46640014648438
44735,-0.3287353515625,0.9093475341796876,-0.1869659423828125,0.2143048346042633,0.0322657935321331,-0.0364509522914886,51.81709289550781,97.11582946777344,-13.1092529296875
44736,-0.32513427734375,0.880706787109375,-0.1736297607421875,0.1786379218101501,-0.1755177676677704,-0.0367873087525367,51.854248046875,97.1094970703125,-12.93556213378906
44737,-0.4170684814453125,0.913055419921875,-0.1175994873046875,0.10218895226717,0.092205561697483,-0.0089564770460128,51.68179321289062,97.42001342773438,-13.75306701660156
44738,-0.4170684814453125,0.913055419921875,-0.1175994873046875,0.10218895226717,0.092205561697483,-0.0089564770460128,51.68179321289062,97.42001342773438,-13.75306701660156
44739,-0.4170684814453125,0.913055419921875,-0.1175994873046875,0.10218895226717,0.092205561697483,-0.0089564770460128,51.68179321289062,97.42001342773438,-13.75306701660156
44740,-0.404541015625,0.8958587646484375,-0.1842498779296875,0.2022079676389694,-0.046629287302494,0.0006479470757767,51.62179565429688,97.36245727539062,-13.83494567871094
44741,-0.3697052001953125,0.840484619140625,-0.0637359619140625,0.1275755316019058,-0.102323442697525,0.1884013414382935,51.65928649902344,97.34489440917967,-14.359130859375
44742,-0.3697052001953125,0.840484619140625,-0.0637359619140625,0.1275755316019058,-0.102323442697525,0.1884013414382935,51.65928649902344,97.34489440917967,-14.359130859375
44743,-0.3697052001953125,0.840484619140625,-0.0637359619140625,0.1275755316019058,-0.102323442697525,0.1884013414382935,51.65928649902344,97.34489440917967,-14.359130859375
44744,-0.3697052001953125,0.840484619140625,-0.0637359619140625,0.1275755316019058,-0.102323442697525,0.1884013414382935,51.65928649902344,97.34489440917967,-14.359130859375
44745,-0.38031005859375,0.917938232421875,-0.0994873046875,0.1196305304765701,-0.1627417802810669,0.189352884888649,51.77110290527344,97.400146484375,-14.41606140136719
44746,-0.377777099609375,0.9591827392578124,-0.1055908203125,0.1158523038029671,-0.2289271950721741,0.1531496047973633,51.75389099121094,97.38290405273438,-14.48500061035156
44747,-0.3547210693359375,0.905792236328125,-0.096893310546875,0.0999670773744583,-0.247370108962059,0.1475367248058319,51.85710144042969,97.2900390625,-14.45484924316406
44748,-0.3548431396484375,0.8861236572265625,-0.07366943359375,0.0564251914620399,-0.2089351117610931,0.160716712474823,51.91644287109375,97.37527465820312,-14.47517395019531
44749,-0.3778533935546875,0.923828125,-0.043121337890625,0.0419383943080902,-0.1198981776833534,0.164041668176651,52.0489501953125,97.32101440429688,-14.53016662597656
44750,-0.4080352783203125,1.03515625,-0.0381011962890625,0.0498794093728065,0.0139640187844634,0.0775669664144516,52.15948486328125,97.36431884765624,-14.62632751464844
44751,-0.391510009765625,1.038711547851562,-0.0888519287109375,0.0774319395422935,0.0598130002617836,0.0240688510239124,52.23405456542969,97.318359375,-14.60086059570312
44752,-0.3569793701171875,0.9291839599609376,-0.114105224609375,0.1770575940608978,-0.034560639411211,0.0666314885020256,52.18803405761719,97.43588256835938,-14.81123352050781
44753,-0.3569793701171875,0.9291839599609376,-0.114105224609375,0.1770575940608978,-0.034560639411211,0.0666314885020256,52.18803405761719,97.43588256835938,-14.81123352050781
44754,-0.3845672607421875,0.9273834228515624,-0.08221435546875,0.1779697388410568,-0.009835853241384,0.0578023120760917,52.21266174316406,97.36817932128906,-14.83319091796875
44755,-0.407623291015625,0.913421630859375,-0.092193603515625,0.1489572525024414,0.0453163497149944,0.0576779432594776,52.26486206054688,97.29568481445312,-14.86972045898438
44756,-0.415924072265625,0.8742828369140625,-0.1063232421875,0.1255592554807663,0.071419321000576,0.08636125177145,52.3214111328125,97.3955078125,-14.840087890625
44757,-0.405181884765625,0.9302520751953124,0.114288330078125,-0.0366682671010494,0.6193471550941467,0.0731381252408027,52.44863891601562,97.48916625976562,-15.36209106445312
44758,-0.405181884765625,0.9302520751953124,0.114288330078125,-0.0366682671010494,0.6193471550941467,0.0731381252408027,52.44863891601562,97.48916625976562,-15.36209106445312
44759,-0.405181884765625,0.9302520751953124,0.114288330078125,-0.0366682671010494,0.6193471550941467,0.0731381252408027,52.44863891601562,97.48916625976562,-15.36209106445312
44760,-0.4089508056640625,0.9595794677734376,0.069244384765625,-0.1259067952632904,1.102404832839966,-0.0049516153521835,52.44776916503906,97.35856628417967,-15.23097229003906
44761,-0.4331207275390625,0.8253173828125,-0.270111083984375,0.0444705300033092,0.5035324096679688,0.0211175363510847,52.57705688476562,97.51011657714844,-15.0504150390625
44762,-0.4331207275390625,0.8253173828125,-0.270111083984375,0.0444705300033092,0.5035324096679688,0.0211175363510847,52.57705688476562,97.51011657714844,-15.0504150390625
44763,-0.4555206298828125,0.900848388671875,-0.0902557373046875,0.0150394029915332,0.5265330672264099,0.0058736018836498,52.62025451660156,97.5742645263672,-14.93641662597656
44764,-0.4144744873046875,0.9094696044921876,-0.198638916015625,-0.0045446841977536,0.3395005762577057,-0.024769527837634,52.66653442382812,97.53775024414062,-14.73011779785156
44765,-0.3704071044921875,0.95050048828125,-0.13031005859375,0.0659835413098335,-0.1369067132472992,-0.0521321780979633,52.68946838378906,97.66194152832033,-14.83993530273438
44766,-0.375518798828125,0.913482666015625,-0.0462646484375,0.0676027461886405,-0.1358339935541153,-0.0366472266614437,52.69584655761719,97.57789611816406,-14.73832702636719
44767,-0.375518798828125,0.913482666015625,-0.0462646484375,0.0676027461886405,-0.1358339935541153,-0.0366472266614437,52.69584655761719,97.57789611816406,-14.73832702636719
44768,-0.3411407470703125,0.859832763671875,-0.1042022705078125,0.0969571694731712,-0.0348125733435154,0.0456609614193439,52.63084411621094,97.52839660644533,-14.66288757324219
44769,-0.3411407470703125,0.859832763671875,-0.1042022705078125,0.0969571694731712,-0.0348125733435154,0.0456609614193439,52.63084411621094,97.52839660644533,-14.66288757324219
44770,-0.348114013671875,0.9044036865234376,-0.1042938232421875,0.1070268526673317,0.0046786414459347,0.0490895137190818,52.6097412109375,97.74058532714844,-14.86557006835938
44771,-0.353668212890625,0.9561309814453124,-0.0717620849609375,0.0699433982372283,0.0483675338327884,0.0234984010457992,52.60678100585938,97.61073303222656,-14.91619873046875
44772,-0.34564208984375,0.9781036376953124,-0.090606689453125,0.059777844697237,0.078759528696537,-0.0187526494264602,52.54847717285156,97.67399597167967,-14.97981262207031
44773,-0.34564208984375,0.9781036376953124,-0.090606689453125,0.059777844697237,0.078759528696537,-0.0187526494264602,52.54847717285156,97.67399597167967,-14.97981262207031
44774,-0.34625244140625,0.951904296875,0.031341552734375,-0.0144638940691947,0.3361732065677643,-0.0543806850910186,52.59130859375,97.58552551269533,-14.96351623535156
44775,-0.3338165283203125,0.9065093994140624,-0.1082000732421875,-0.0810873955488205,0.4949370324611664,-0.0397854968905448,52.66209411621094,97.50234985351562,-14.909912109375
44776,-0.33758544921875,0.9551544189453124,-0.2299041748046875,-0.0214770622551441,0.263084352016449,-0.0747914165258407,52.66679382324219,97.6090087890625,-15.00930786132812
44777,-0.3393096923828125,0.908721923828125,-0.17852783203125,0.1081445813179016,0.1094865426421165,-0.0516895577311515,52.56288146972656,97.57258605957033,-14.90010070800781
44778,-0.3393096923828125,0.908721923828125,-0.17852783203125,0.1081445813179016,0.1094865426421165,-0.0516895577311515,52.56288146972656,97.57258605957033,-14.90010070800781
44779,-0.346893310546875,0.926177978515625,-0.1311187744140625,0.117476299405098,0.0089010829105973,-0.0735301449894905,52.54402160644531,97.5916748046875,-15.00508117675781
44780,-0.356536865234375,0.8939971923828125,-0.0946502685546875,0.0380608327686786,0.1361056417226791,-0.0402933619916439,52.5408935546875,97.64373779296876,-15.10673522949219
44781,-0.356536865234375,0.8939971923828125,-0.0946502685546875,0.0380608327686786,0.1361056417226791,-0.0402933619916439,52.5408935546875,97.64373779296876,-15.10673522949219
44782,-0.3586273193359375,0.8991241455078125,-0.098236083984375,0.0270318835973739,0.2478188574314117,-0.0408662073314189,52.47895812988281,97.55921936035156,-15.11262512207031
44783,-0.3606109619140625,0.8935089111328125,-0.0871734619140625,0.0312750972807407,0.3769166469573975,-0.0492445118725299,52.43165588378906,97.53059387207033,-15.04833984375
44784,-0.3660125732421875,0.9124755859375,-0.1065826416015625,0.0393924117088317,0.5000463128089905,-0.0623869448900222,52.43856811523438,97.64248657226562,-15.1007080078125
44785,-0.3170166015625,0.861602783203125,-0.1380157470703125,0.0751757100224494,0.4778904020786285,-0.0089410310611128,52.40303039550781,97.69801330566406,-15.14022827148438
44786,-0.3170166015625,0.861602783203125,-0.1380157470703125,0.0751757100224494,0.4778904020786285,-0.0089410310611128,52.40303039550781,97.69801330566406,-15.14022827148438
44787,-0.3376922607421875,0.880096435546875,-0.137786865234375,0.1037173420190811,0.5403681397438049,0.0368110127747058,52.38674926757812,97.74777221679688,-15.16473388671875
44788,-0.29486083984375,0.8081817626953125,-0.141937255859375,0.0388145074248313,0.3210304975509644,0.0583059154450893,52.39895629882812,97.48258972167967,-14.81719970703125
44789,-0.29486083984375,0.8081817626953125,-0.141937255859375,0.0388145074248313,0.3210304975509644,0.0583059154450893,52.39895629882812,97.48258972167967,-14.81719970703125
44790,-0.3366851806640625,0.936676025390625,-0.177642822265625,0.0790037363767623,0.2707689106464386,0.1041684821248055,52.42707824707031,97.40869140625,-15.04536437988281
44791,-0.3366851806640625,0.936676025390625,-0.177642822265625,0.0790037363767623,0.2707689106464386,0.1041684821248055,52.42707824707031,97.40869140625,-15.04536437988281
44792,-0.330810546875,0.927398681640625,-0.1365203857421875,0.0157422106713056,0.2321877032518387,0.1079941093921661,52.58453369140625,97.5293426513672,-15.14735412597656
44793,-0.33880615234375,0.927490234375,-0.1395416259765625,0.0077122482471168,0.2804657518863678,0.1169130355119705,52.71224975585938,97.53111267089844,-15.16241455078125
44794,-0.328887939453125,0.9189300537109376,-0.1562957763671875,0.0156657788902521,0.3011577129364014,0.1275339871644974,52.77738952636719,97.51959228515624,-15.1622314453125
44795,-0.3069000244140625,0.890838623046875,-0.1784210205078125,0.0158375520259141,0.2913658022880554,0.1759310811758041,52.83108520507812,97.41648864746094,-15.06622314453125
44796,-0.3117828369140625,0.8828277587890625,-0.1949920654296875,-0.0019347865600138,0.1966598033905029,0.2053171992301941,52.90946960449219,97.49786376953124,-15.04441833496094
44797,-0.3030548095703125,0.8750457763671875,-0.1785125732421875,-0.010439058765769,0.1340528726577759,0.2464960664510727,52.97712707519531,97.60340881347656,-15.05122375488281
44798,-0.3049774169921875,0.8772125244140625,-0.1680908203125,-0.0064680194482207,0.1020097211003304,0.2931650280952454,53.03607177734375,97.537841796875,-15.16050720214844
44799,-0.33465576171875,0.9315338134765624,-0.182891845703125,-0.0105200186371803,0.0542368739843368,0.2972868084907532,53.20632934570312,97.49534606933594,-15.06161499023438
44800,-0.365142822265625,0.968536376953125,-0.1504364013671875,-0.0542424656450748,-0.0008226504432968,0.1269430369138718,53.49111938476562,97.53050231933594,-15.06974792480469
44801,-0.365142822265625,0.968536376953125,-0.1504364013671875,-0.0542424656450748,-0.0008226504432968,0.1269430369138718,53.49111938476562,97.53050231933594,-15.06974792480469
44802,-0.41119384765625,1.0694580078125,-0.1360931396484375,-0.0356088615953922,0.0167214553803205,0.0461650975048542,53.64994812011719,97.44728088378906,-14.930419921875
44803,-0.4667816162109375,1.289474487304688,-0.1661834716796875,0.0185755491256713,0.0243783108890056,-0.1673370599746704,53.68666076660156,97.44789123535156,-14.96327209472656
44804,-0.46270751953125,1.147689819335938,-0.10052490234375,0.108290784060955,0.1052854061126709,-0.2796867787837982,53.76626586914062,97.6447296142578,-14.99058532714844
44805,-0.46270751953125,1.147689819335938,-0.10052490234375,0.108290784060955,0.1052854061126709,-0.2796867787837982,53.76626586914062,97.6447296142578,-14.99058532714844
44806,-0.39410400390625,0.826263427734375,-0.060577392578125,0.2699627876281738,0.3825207352638245,-0.106900617480278,53.60791015625,97.6078643798828,-14.95469665527344
44807,-0.362884521484375,0.810455322265625,-0.1275787353515625,0.2897199690341949,0.4050135314464569,-0.0030868700705468,53.58729553222656,97.7484893798828,-15.08271789550781
44808,-0.361083984375,0.8527679443359375,-0.182861328125,0.0203201845288276,-0.0347204282879829,-0.0953749865293502,53.51179504394531,97.66374206542967,-15.23628234863281
44809,-0.361083984375,0.8527679443359375,-0.182861328125,0.0203201845288276,-0.0347204282879829,-0.0953749865293502,53.51179504394531,97.66374206542967,-15.23628234863281
44810,-0.307220458984375,0.8036956787109375,-0.175384521484375,-0.0978171080350875,-0.1844923496246338,-0.1313984990119934,53.53108215332031,97.67103576660156,-15.41314697265625
44811,-0.1695098876953125,0.6761322021484375,-0.1807098388671875,-0.0926846638321876,-0.2139849960803986,-0.0265101697295904,53.42543029785156,97.59312438964844,-15.46174621582031
44812,-0.2370452880859375,0.726104736328125,-0.2288055419921875,-0.0818264260888099,-0.1949606984853745,0.0553644560277462,53.3408203125,97.5303955078125,-15.38435363769531
44813,-0.26654052734375,0.7792816162109375,-0.242279052734375,-0.2103937119245529,-0.4655695557594299,0.1899049580097198,53.49606323242188,97.53865051269533,-15.3055419921875
44814,-0.26654052734375,0.7792816162109375,-0.242279052734375,-0.2103937119245529,-0.4655695557594299,0.1899049580097198,53.49606323242188,97.53865051269533,-15.3055419921875
44815,-0.249359130859375,0.7413787841796875,-0.2127227783203125,-0.2094283252954483,-0.5899810194969177,0.3382720649242401,53.53497314453125,97.57464599609376,-15.09512329101562
44816,-0.2571868896484375,0.7184600830078125,-0.1508331298828125,-0.139927014708519,-0.5854871869087219,0.5230571031570435,53.53248596191406,97.65423583984376,-15.05313110351562
44817,-0.2960205078125,0.755767822265625,-0.0981292724609375,-0.0057524279691278,-0.4690156877040863,0.6966443061828613,53.65400695800781,97.72209167480467,-14.93255615234375
44818,-0.3780364990234375,0.90985107421875,-0.043304443359375,0.140096127986908,-0.2125309109687805,0.7731255292892456,53.89407348632812,97.65025329589844,-14.94338989257812
44819,-0.43603515625,1.14715576171875,-0.0517425537109375,0.2487339228391647,0.0819151028990745,0.5650466084480286,54.15571594238281,97.646240234375,-14.8997802734375
44820,-0.46905517578125,1.289321899414062,-0.1036834716796875,0.1766759753227234,0.1786096841096878,0.2694218754768372,54.49588012695312,97.50114440917967,-14.92706298828125
44821,-0.5931549072265625,1.35382080078125,0.1529388427734375,-0.3897267282009125,0.5980322360992432,-0.353565514087677,54.74951171875,97.6060791015625,-15.04689025878906
44822,-0.3523712158203125,0.8936004638671875,-0.1438446044921875,-0.8769158124923706,0.3074275851249695,-0.4424352049827576,54.87130737304688,97.6038818359375,-15.04861450195312
44823,-0.229949951171875,0.730438232421875,-0.28533935546875,-0.9504427909851074,-0.326253741979599,-0.2817384600639343,54.8504638671875,97.51667785644533,-14.93829345703125
44824,-0.21533203125,0.8073272705078125,-0.281982421875,-0.797686755657196,-0.7691049575805664,-0.1013535186648369,54.70138549804688,97.50474548339844,-14.59565734863281
44825,-0.2510528564453125,0.931427001953125,-0.1702880859375,-0.5537553429603577,-0.6990443468093872,-0.0724110826849937,54.59268188476562,97.45919799804688,-14.21745300292969
44826,-0.31463623046875,0.9945068359375,-0.0167999267578125,-0.3553682267665863,-0.1691735833883286,-0.1208601072430611,54.59024047851562,97.54484558105467,-13.88841247558594
44827,-0.4053955078125,1.101882934570312,0.0642852783203125,-0.2029698938131332,0.4439803659915924,-0.1942491084337234,54.54823303222656,97.4235382080078,-13.57757568359375
44828,-0.314788818359375,0.9347991943359376,-0.2151031494140625,-0.1536625325679779,0.4079829454421997,-0.1971634030342102,54.392578125,97.4818878173828,-13.21197509765625
44829,-0.314788818359375,0.9347991943359376,-0.2151031494140625,-0.1536625325679779,0.4079829454421997,-0.1971634030342102,54.392578125,97.4818878173828,-13.21197509765625
44830,-0.3742523193359375,0.7660369873046875,-0.0119781494140625,-0.1875358074903488,0.014871091581881,0.0066363308578729,54.197998046875,97.39118957519533,-13.16868591308594
44831,-0.4111328125,0.8082275390625,-0.0543670654296875,-0.0793752521276474,0.1297619938850403,0.0635028108954429,54.13212585449219,97.41543579101562,-13.02288818359375
44832,-0.4111328125,0.8082275390625,-0.0543670654296875,-0.0793752521276474,0.1297619938850403,0.0635028108954429,54.13212585449219,97.41543579101562,-13.02288818359375
44833,-0.3095703125,0.829345703125,-0.2295684814453125,-0.134937584400177,-0.176520437002182,0.059022307395935,54.16163635253906,97.29994201660156,-12.79045104980469
44834,-0.3095703125,0.829345703125,-0.2295684814453125,-0.134937584400177,-0.176520437002182,0.059022307395935,54.16163635253906,97.29994201660156,-12.79045104980469
44835,-0.3119354248046875,0.927276611328125,-0.141021728515625,-0.2561737298965454,-0.2482580095529556,-0.0166761819273233,54.21011352539062,97.38417053222656,-12.719482421875
44836,-0.318084716796875,1.064010620117188,-0.049102783203125,-0.3120769262313843,-0.0955331772565841,-0.1256282329559326,54.25154113769531,97.41949462890624,-12.48356628417969
44837,-0.2711181640625,1.031051635742188,-0.12017822265625,-0.3199518918991089,0.0150476591661572,-0.150553286075592,54.32037353515625,97.35514831542967,-12.18466186523438
44838,-0.336456298828125,0.9929962158203124,-0.0505218505859375,-0.2801554799079895,0.1370691657066345,-0.1253770887851715,54.24517822265625,97.3560791015625,-12.21025085449219
44839,-0.366729736328125,0.9737396240234376,0.0289764404296875,-0.1658848375082016,0.4222825467586517,-0.1060228422284126,54.16200256347656,97.45872497558594,-12.27702331542969
44840,-0.31170654296875,0.886962890625,-0.2568359375,-0.0604708008468151,0.449092298746109,-0.1128509193658829,53.9398193359375,97.49925231933594,-12.02922058105469
44841,-0.31170654296875,0.886962890625,-0.2568359375,-0.0604708008468151,0.449092298746109,-0.1128509193658829,53.9398193359375,97.49925231933594,-12.02922058105469
44842,-0.341094970703125,0.857086181640625,-0.180389404296875,-0.1788158267736435,0.1268391758203506,-0.0927131623029708,53.93777465820312,97.62103271484376,-12.028076171875
44843,-0.36322021484375,0.8851318359375,-0.0553436279296875,-0.249765619635582,0.1193572878837585,-0.0525827854871749,53.89495849609375,97.58186340332033,-11.97445678710938
44844,-0.369232177734375,0.9271697998046876,-0.0828094482421875,-0.2266355454921722,0.1651162505149841,-0.0193028580397367,53.89874267578125,97.53794860839844,-11.75399780273438
44845,-0.37353515625,0.94140625,-0.1128692626953125,-0.1835162937641144,0.1568479388952255,0.0137480366975069,53.89805603027344,97.53616333007812,-11.60816955566406
44846,-0.3710479736328125,0.941314697265625,-0.1086273193359375,-0.1726830899715424,0.1112482249736786,0.0428289547562599,53.91647338867188,97.49691772460938,-11.49235534667969
44847,-0.34722900390625,0.9326019287109376,-0.09393310546875,-0.1788879930973053,0.0372885167598724,0.0512538664042949,53.86276245117188,97.59530639648438,-11.385498046875
44848,-0.331573486328125,0.9316253662109376,-0.0832366943359375,-0.1709693521261215,-0.0169092081487178,0.0645811259746551,53.93801879882812,97.54681396484376,-11.38311767578125
44849,-0.331573486328125,0.9316253662109376,-0.0832366943359375,-0.1709693521261215,-0.0169092081487178,0.0645811259746551,53.93801879882812,97.54681396484376,-11.38311767578125
44850,-0.2962646484375,0.966583251953125,-0.0759124755859375,-0.1586791276931763,-0.0812269449234008,0.1004392579197884,54.02610778808594,97.58135986328124,-11.17172241210938
44851,-0.27740478515625,0.958343505859375,-0.0830535888671875,-0.1227221935987473,-0.1286091059446335,0.1074431017041206,54.08709716796875,97.4490203857422,-10.851318359375
44852,-0.27740478515625,0.958343505859375,-0.0830535888671875,-0.1227221935987473,-0.1286091059446335,0.1074431017041206,54.08709716796875,97.4490203857422,-10.851318359375
44853,-0.268890380859375,0.9687652587890624,-0.0759124755859375,-0.0859082490205764,-0.1592096239328384,0.1079419106245041,54.10665893554688,97.326904296875,-10.72213745117188
44854,-0.2639312744140625,0.9618072509765624,-0.082855224609375,-0.0723863169550895,-0.1821729987859726,0.1114389076828957,54.17503356933594,97.26348876953124,-10.39241027832031
44855,-0.2537994384765625,0.9608154296875,-0.1012115478515625,-0.072591908276081,-0.2272001355886459,0.1084140911698341,54.28230285644531,97.2127685546875,-10.34576416015625
44856,-0.2498779296875,0.9575958251953124,-0.1035919189453125,-0.0818684995174408,-0.2654686868190765,0.123068131506443,54.37612915039062,97.38844299316406,-10.46258544921875
44857,-0.2506103515625,0.9541778564453124,-0.1010589599609375,-0.0847319290041923,-0.2978929281234741,0.1409057229757309,54.39239501953125,97.32339477539062,-10.41668701171875
44858,-0.255157470703125,0.952880859375,-0.0974578857421875,-0.0859165042638778,-0.3073785901069641,0.1546106189489365,54.35786437988281,97.4083251953125,-10.45159912109375
44859,-0.2645416259765625,0.9309234619140624,-0.094268798828125,-0.0666559934616088,-0.3114883899688721,0.1697528213262558,54.50439453125,97.32672119140624,-10.34150695800781
44860,-0.27789306640625,0.9262847900390624,-0.0881500244140625,-0.0555482134222984,-0.3126473724842072,0.1794991940259933,54.63764953613281,97.32650756835938,-10.36923217773438
44861,-0.27789306640625,0.9262847900390624,-0.0881500244140625,-0.0555482134222984,-0.3126473724842072,0.1794991940259933,54.63764953613281,97.32650756835938,-10.36923217773438
44862,-0.29217529296875,0.9269866943359376,-0.0809478759765625,-0.0468391440808773,-0.3085695505142212,0.1932264566421509,54.66056823730469,97.324951171875,-10.3118896484375
44863,-0.3037109375,0.930633544921875,-0.0802764892578125,-0.0401516817510128,-0.303543895483017,0.2132140100002289,54.82229614257812,97.36898803710938,-10.25387573242188
44864,-0.317657470703125,0.9095306396484376,-0.082489013671875,-0.0252845846116542,-0.3040746748447418,0.2372378557920456,54.88360595703125,97.44174194335938,-10.26260375976562
44865,-0.3235015869140625,0.905029296875,-0.0770416259765625,-0.0172958988696336,-0.3218025267124176,0.2582017183303833,54.93849182128906,97.4040069580078,-10.14607238769531
44866,-0.326446533203125,0.921234130859375,-0.0650634765625,-0.0251253265887498,-0.314967006444931,0.2848058938980103,55.00787353515625,97.42974853515624,-10.13435363769531
44867,-0.325286865234375,0.9282379150390624,-0.0591278076171875,-0.0496157556772232,-0.2864093780517578,0.288521021604538,55.10005187988281,97.37940979003906,-10.26942443847656
44868,-0.3286285400390625,0.9216156005859376,-0.0546875,-0.0797744542360305,-0.3007955253124237,0.316356897354126,55.41508483886719,97.38313293457033,-10.26683044433594
44869,-0.3286285400390625,0.9216156005859376,-0.0546875,-0.0797744542360305,-0.3007955253124237,0.316356897354126,55.41508483886719,97.38313293457033,-10.26683044433594
44870,-0.33685302734375,0.9401397705078124,-0.0321197509765625,-0.0916929021477699,-0.2600387632846832,0.3119333982467651,55.69633483886719,97.23202514648438,-10.37648010253906
44871,-0.33685302734375,0.9401397705078124,-0.0321197509765625,-0.0916929021477699,-0.2600387632846832,0.3119333982467651,55.69633483886719,97.23202514648438,-10.37648010253906
44872,-0.3350677490234375,0.95269775390625,-0.035552978515625,-0.096748910844326,-0.2512226402759552,0.3062909543514252,55.87425231933594,97.33291625976562,-10.30943298339844
44873,-0.35186767578125,0.950408935546875,-0.0215911865234375,-0.0935712307691574,-0.2186718881130219,0.2910890877246857,56.18853759765625,97.358642578125,-10.29776000976562
44874,-0.35186767578125,0.950408935546875,-0.0215911865234375,-0.0935712307691574,-0.2186718881130219,0.2910890877246857,56.18853759765625,97.358642578125,-10.29776000976562
44875,-0.353546142578125,0.9322052001953124,-0.028656005859375,-0.0907424166798591,-0.188531830906868,0.2853542566299438,56.19236755371094,97.50384521484376,-10.34825134277344
44876,-0.346282958984375,0.9304046630859376,-0.02838134765625,-0.0885261371731758,-0.1740487664937973,0.2866975367069244,56.4093017578125,97.54483032226562,-10.31535339355469
44877,-0.350006103515625,0.9367828369140624,-0.0191192626953125,-0.0899352133274078,-0.1473993062973022,0.2789621353149414,56.55314636230469,97.49595642089844,-10.15557861328125
44878,-0.3548431396484375,0.939239501953125,-0.02801513671875,-0.1022515371441841,-0.1058827564120293,0.2782625257968903,56.68113708496094,97.37751770019533,-10.08538818359375
44879,-0.3566741943359375,0.9337310791015624,-0.035614013671875,-0.1023687124252319,-0.0936559215188026,0.2838090658187866,56.81602478027344,97.34957885742188,-10.09523010253906
44880,-0.3512420654296875,0.9463043212890624,-0.0325775146484375,-0.1185341030359268,-0.0834663957357406,0.2818604409694672,56.99774169921875,97.38932800292967,-9.9405517578125
44881,-0.3452606201171875,0.9470367431640624,-0.027801513671875,-0.1299247145652771,-0.0582513213157653,0.2809872031211853,57.08206176757812,97.38595581054688,-9.938629150390623
44882,-0.34185791015625,0.9400177001953124,-0.020599365234375,-0.1401030421257019,-0.0241306368261575,0.2799810469150543,57.18624877929688,97.42105102539062,-9.882598876953123
44883,-0.3366546630859375,0.939453125,-0.0162506103515625,-0.1455747783184052,0.0181395895779132,0.2681808471679688,57.24040222167969,97.4596710205078,-9.8785400390625
44884,-0.3270111083984375,0.9383697509765624,-0.01904296875,-0.1541389673948288,0.0468492656946182,0.2607474327087402,57.41929626464844,97.41647338867188,-9.726974487304688
44885,-0.3173065185546875,0.9431304931640624,-0.02069091796875,-0.1856508255004883,0.078463114798069,0.2400517463684082,57.607177734375,97.31875610351562,-9.616928100585938
44886,-0.3173065185546875,0.9431304931640624,-0.02069091796875,-0.1856508255004883,0.078463114798069,0.2400517463684082,57.607177734375,97.31875610351562,-9.616928100585938
44887,-0.3034515380859375,0.968902587890625,-0.020904541015625,-0.2076871544122696,0.08209940046072,0.2157064527273178,57.75344848632812,97.38201904296876,-9.652877807617188
44888,-0.2840576171875,0.99212646484375,-0.0267181396484375,-0.2317386865615845,0.1138743683695793,0.1617833077907562,57.93685913085938,97.3050537109375,-9.512420654296877
44889,-0.2840576171875,0.99212646484375,-0.0267181396484375,-0.2317386865615845,0.1138743683695793,0.1617833077907562,57.93685913085938,97.3050537109375,-9.512420654296877
44890,-0.2814788818359375,0.98651123046875,-0.0228424072265625,-0.2333970367908478,0.1370886117219925,0.1362068355083466,58.09835815429688,97.17503356933594,-9.402618408203123
44891,-0.2747955322265625,0.9869232177734376,-0.019989013671875,-0.2321251183748245,0.153838038444519,0.1207434609532356,58.19905090332031,97.06387329101562,-9.291961669921877
44892,-0.2661285400390625,0.9864044189453124,-0.0218353271484375,-0.236409068107605,0.1502129435539246,0.0997231304645538,58.2109375,97.07484436035156,-9.051193237304688
44893,-0.2548065185546875,0.9868011474609376,-0.0192413330078125,-0.2344082444906235,0.1481149047613144,0.079891100525856,58.27116394042969,97.06024169921876,-8.830947875976562
44894,-0.2504425048828125,0.9840240478515624,-0.016510009765625,-0.2309583872556686,0.1413893550634384,0.073990873992443,58.32431030273438,97.19337463378906,-8.756072998046875
44895,-0.2454071044921875,0.980712890625,-0.00811767578125,-0.2194356769323349,0.1387184709310532,0.0610646866261959,58.37388610839844,97.2307586669922,-8.68157958984375
44896,-0.24432373046875,0.97674560546875,-0.00323486328125,-0.2066855281591415,0.1480581760406494,0.0516908913850784,58.38511657714844,97.2083740234375,-8.567337036132812
44897,-0.2490234375,0.969390869140625,-0.0047760009765625,-0.1914554536342621,0.1618389636278152,0.0429112464189529,58.41973876953125,97.18731689453124,-8.477706909179688
44898,-0.2533416748046875,0.9612884521484376,-0.010833740234375,-0.1838475912809372,0.167815625667572,0.0420963205397129,58.44398498535156,97.14567565917967,-8.377731323242188
44899,-0.2544097900390625,0.96746826171875,-0.0196380615234375,-0.1787471026182175,0.1588849872350693,0.0416081622242927,58.55950927734375,97.13165283203124,-8.261856079101562
44900,-0.2564544677734375,0.968353271484375,-0.017669677734375,-0.183841735124588,0.1587108224630356,0.044513139873743,58.55256652832031,97.15777587890624,-8.010574340820312
44901,-0.260498046875,0.9777374267578124,-0.010833740234375,-0.1921902149915695,0.1668563634157181,0.0411229357123374,58.52572631835938,97.1510009765625,-7.955535888671875
44902,-0.2587432861328125,0.9772186279296876,-0.0050811767578125,-0.1952179670333862,0.1909579634666443,0.0400699228048324,58.53715515136719,97.10244750976562,-7.833328247070312
44903,-0.260345458984375,0.969268798828125,0.0004730224609375,-0.1908051073551178,0.2116243690252304,0.0397649891674518,58.53752136230469,97.12191772460938,-7.779434204101562
44904,-0.2628021240234375,0.962982177734375,0.00445556640625,-0.182740792632103,0.2247295081615448,0.0337662175297737,58.55120849609375,97.09132385253906,-7.675491333007812
44905,-0.26611328125,0.9623565673828124,0.0125274658203125,-0.1727848201990128,0.2321658581495285,0.0315568596124649,58.52439880371094,97.1193389892578,-7.6129150390625
44906,-0.26739501953125,0.9688262939453124,0.015472412109375,-0.1680710315704346,0.2583804130554199,0.0281975492835044,58.55928039550781,97.21377563476562,-7.723770141601562
44907,-0.2640533447265625,0.9640350341796876,0.0109710693359375,-0.1678965985774994,0.2658370137214661,0.017911622300744,58.59303283691406,97.1252899169922,-7.558990478515625
44908,-0.261474609375,0.964019775390625,0.0005035400390625,-0.1844678521156311,0.277089387178421,0.0103359948843717,58.56607055664062,96.99208068847656,-7.256393432617188
44909,-0.261474609375,0.964019775390625,0.0005035400390625,-0.1844678521156311,0.277089387178421,0.0103359948843717,58.56607055664062,96.99208068847656,-7.256393432617188
44910,-0.2576904296875,0.9677886962890624,-0.00323486328125,-0.192082092165947,0.277502179145813,0.0068704229779541,58.62483215332031,96.92929077148438,-7.101547241210938
44911,-0.247467041015625,0.971527099609375,0.000640869140625,-0.1974496841430664,0.2773596942424774,0.0025707494933158,58.61346435546875,96.98428344726562,-7.013565063476562
44912,-0.238861083984375,0.9756011962890624,0.0103759765625,-0.1959836184978485,0.2970103621482849,-0.0056874467991292,58.54501342773438,97.05223083496094,-6.916793823242188
44913,-0.2314605712890625,0.972442626953125,0.0098724365234375,-0.1857027560472488,0.3017529249191284,-0.0011568771442398,58.53964233398438,97.02554321289062,-6.864227294921875
44914,-0.2110137939453125,0.972198486328125,0.0023651123046875,-0.193371057510376,0.3039218187332153,-0.0039747678674757,58.48335266113281,97.03521728515624,-6.725631713867188
44915,-0.198455810546875,0.9789581298828124,0.0,-0.2026785463094711,0.2837225198745728,-0.0135413752868771,58.53080749511719,96.93174743652344,-6.555999755859375
44916,-0.199615478515625,0.9826812744140624,0.005828857421875,-0.2010833024978638,0.2528871297836304,-0.0133767919614911,58.5467529296875,96.8612060546875,-6.348236083984375
44917,-0.184356689453125,0.9836273193359376,0.0059356689453125,-0.1867536306381226,0.2088885009288788,-0.0200131218880415,58.48025512695312,96.83201599121094,-6.228073120117188
44918,-0.184356689453125,0.9836273193359376,0.0059356689453125,-0.1867536306381226,0.2088885009288788,-0.0200131218880415,58.48025512695312,96.83201599121094,-6.228073120117188
44919,-0.17620849609375,0.9750213623046876,-0.002777099609375,-0.1820939034223557,0.1959830820560455,-0.0230584479868412,58.42623901367188,96.88052368164062,-6.050094604492188
44920,-0.1749114990234375,0.97540283203125,-0.0079803466796875,-0.1774075329303741,0.1591276079416275,-0.0186940599232912,58.34725952148438,96.85906982421876,-5.890029907226562
44921,-0.173187255859375,0.9825592041015624,-0.005401611328125,-0.1681218892335892,0.1264559477567673,-0.0180711466819047,58.40397644042969,96.7984619140625,-5.851898193359375
44922,-0.17669677734375,0.98602294921875,0.004119873046875,-0.1475681513547897,0.1176075860857964,-0.0081127872690558,58.3995361328125,96.78237915039062,-5.738998413085938
44923,-0.175323486328125,0.9893035888671876,0.0112762451171875,-0.1273395866155624,0.1167884021997452,0.006017146166414,58.3787841796875,96.80081176757812,-5.691024780273438
44924,-0.1715545654296875,0.99176025390625,0.017608642578125,-0.106406070291996,0.0994658693671226,0.0147198243066668,58.36689758300781,96.76942443847656,-5.574264526367188
44925,-0.1619110107421875,0.988922119140625,0.024810791015625,-0.0857934653759002,0.0694190189242363,0.0282540079206228,58.39976501464844,96.83583068847656,-5.59295654296875
44926,-0.1483917236328125,0.9839935302734376,0.0249481201171875,-0.0697945281863212,0.0404853746294975,0.0274910125881433,58.27015686035156,96.87139892578124,-5.617660522460938
44927,-0.1396636962890625,0.9804840087890624,0.0122528076171875,-0.0604577511548996,-0.0022924491204321,0.0321621969342231,58.34033203125,96.80380249023438,-5.580291748046875
44928,-0.1384429931640625,0.989532470703125,-0.001068115234375,-0.0695247501134872,-0.0518576055765152,0.0331654101610183,58.37196350097656,96.78645324707033,-5.525588989257812
44929,-0.13922119140625,0.9983062744140624,-0.005889892578125,-0.0739927366375923,-0.1171636432409286,0.0355761051177978,58.384033203125,96.80853271484376,-5.502700805664062
44930,-0.147247314453125,1.001083374023438,0.001708984375,-0.0709261074662208,-0.1658656597137451,0.0398177206516265,58.36007690429688,96.72169494628906,-5.449600219726562
44931,-0.1568603515625,0.9890289306640624,0.01251220703125,-0.0556147918105125,-0.1875603049993515,0.0362930260598659,58.38832092285156,96.64662170410156,-5.225326538085938
44932,-0.1478424072265625,0.993743896484375,-0.0051727294921875,-0.0564305186271667,-0.2338143587112427,0.0806602239608764,58.62046813964844,96.4801025390625,-5.073715209960938
44933,-0.1478424072265625,0.993743896484375,-0.0051727294921875,-0.0564305186271667,-0.2338143587112427,0.0806602239608764,58.62046813964844,96.4801025390625,-5.073715209960938
44934,-0.1478424072265625,0.993743896484375,-0.0051727294921875,-0.0564305186271667,-0.2338143587112427,0.0806602239608764,58.62046813964844,96.4801025390625,-5.073715209960938
44935,-0.1520843505859375,0.9974212646484376,-0.006622314453125,-0.0696203559637069,-0.3024283051490784,0.1017196998000145,58.7535400390625,96.4828643798828,-4.9859619140625
44936,-0.1626739501953125,0.9984893798828124,0.041595458984375,-0.0710432827472686,-0.4463287591934204,0.1555887907743454,58.97001647949219,96.2914581298828,-4.337554931640625
44937,-0.1626739501953125,0.9984893798828124,0.041595458984375,-0.0710432827472686,-0.4463287591934204,0.1555887907743454,58.97001647949219,96.2914581298828,-4.337554931640625
44938,-0.1598663330078125,0.988189697265625,0.0648956298828125,-0.0382381975650787,-0.4300653636455536,0.128811776638031,58.98443603515625,96.4197998046875,-4.702301025390625
44939,-0.157379150390625,0.98834228515625,0.0654449462890625,-0.0209231246262788,-0.4028300046920776,0.1125193536281586,58.9954833984375,96.4808349609375,-4.985946655273438
44940,-0.1681976318359375,0.9859771728515624,0.0515594482421875,0.0066365972161293,-0.4165942966938019,0.0934870764613151,59.06782531738281,96.4169921875,-5.243682861328125
44941,-0.1822052001953125,0.9773712158203124,0.0602569580078125,0.0328990928828716,-0.4061765372753143,0.0665262937545776,59.17951965332031,96.56871032714844,-5.6068115234375
44942,-0.183746337890625,0.9733123779296876,0.0529327392578125,0.0445890389382839,-0.3950605094432831,0.0623627118766307,59.23988342285156,96.65904235839844,-5.605133056640625
44943,-0.187225341796875,0.9772186279296876,0.0472412109375,0.0418220162391662,-0.4232271611690521,0.0626364797353744,59.33457946777344,96.62188720703124,-5.573883056640625
44944,-0.1798095703125,0.981109619140625,0.0536956787109375,0.0384515188634395,-0.476248562335968,0.0933248847723007,59.43138122558594,96.590087890625,-5.65191650390625
44945,-0.1798095703125,0.981109619140625,0.0536956787109375,0.0384515188634395,-0.476248562335968,0.0933248847723007,59.43138122558594,96.590087890625,-5.65191650390625
44946,-0.182342529296875,0.986541748046875,0.0661468505859375,0.0370717346668243,-0.4912402927875519,0.1078676134347916,59.51153564453125,96.67727661132812,-5.818710327148438
44947,-0.1857147216796875,0.9794921875,0.0801239013671875,0.0494868606328964,-0.447525829076767,0.0880496948957443,59.5845947265625,96.6239013671875,-5.833404541015625
44948,-0.178619384765625,0.9791412353515624,0.072235107421875,0.0565245300531387,-0.4269414842128754,0.0909695848822593,59.70823669433594,96.50282287597656,-5.808319091796875
44949,-0.1832733154296875,0.9962615966796876,0.068389892578125,0.0502599738538265,-0.4570812582969666,0.1132205650210381,59.77536010742188,96.4324951171875,-5.839874267578125
44950,-0.188934326171875,0.998077392578125,0.075714111328125,0.0594814345240593,-0.4863960146903992,0.1280357241630554,59.82986450195312,96.4981689453125,-5.890533447265625
44951,-0.190216064453125,0.9875640869140624,0.095428466796875,0.0739850103855133,-0.4730874001979828,0.1160001084208488,59.99247741699219,96.54362487792967,-5.958633422851562
44952,-0.191558837890625,0.9820556640625,0.10113525390625,0.0944719091057777,-0.438852459192276,0.1031921654939651,60.03630065917969,96.52529907226562,-6.00927734375
44953,-0.193084716796875,0.97637939453125,0.101654052734375,0.1087275445461273,-0.4201861023902893,0.1064079329371452,60.14811706542969,96.51048278808594,-6.10650634765625
44954,-0.200286865234375,0.972015380859375,0.1046905517578125,0.1198984384536743,-0.4240876138210297,0.0968660935759544,60.21530151367188,96.52915954589844,-6.262527465820312
44955,-0.20831298828125,0.9613037109375,0.1082611083984375,0.13165283203125,-0.3995812237262726,0.0754582732915878,60.23277282714844,96.4546356201172,-6.26025390625
44956,-0.2168121337890625,0.952545166015625,0.097198486328125,0.139404758810997,-0.3863042891025543,0.0568734034895896,60.32553100585938,96.37132263183594,-6.229522705078125
44957,-0.2209320068359375,0.9582977294921876,0.091827392578125,0.1366816759109497,-0.3959982097148895,0.03510632365942,60.37721252441406,96.36729431152344,-6.384231567382812
44958,-0.2110748291015625,0.97064208984375,0.0881195068359375,0.1449931412935257,-0.4286371171474457,0.0309994611889123,60.52462768554688,96.3190460205078,-6.585357666015625
44959,-0.2056732177734375,0.9794769287109376,0.0952301025390625,0.1579872369766235,-0.436092346906662,0.0274776965379715,60.51539611816406,96.3611297607422,-6.62615966796875
44960,-0.2054443359375,0.9802398681640624,0.09027099609375,0.1618296504020691,-0.4115001857280731,0.0372589565813541,60.47721862792969,96.35218811035156,-6.741806030273438
44961,-0.206268310546875,0.9821929931640624,0.0800933837890625,0.166061669588089,-0.4081693887710571,0.0462931953370571,60.5379638671875,96.515625,-6.910934448242188
44962,-0.20550537109375,0.9827117919921876,0.0816497802734375,0.170579731464386,-0.39155313372612,0.0697718933224678,60.63198852539062,96.49417114257812,-6.93243408203125
44963,-0.2065582275390625,0.985137939453125,0.0889892578125,0.1689642518758774,-0.3707791268825531,0.0939741656184196,60.63563537597656,96.35084533691406,-6.905715942382812
44964,-0.206024169921875,0.9742889404296876,0.089599609375,0.1733696609735489,-0.3290559351444244,0.0986261740326881,60.641845703125,96.35188293457033,-6.897598266601562
44965,-0.2059478759765625,0.9665069580078124,0.084381103515625,0.1774621307849884,-0.3116577565670013,0.0984080657362937,60.71006774902344,96.3208465576172,-6.990234375
44966,-0.21429443359375,0.968658447265625,0.0843505859375,0.1718519181013107,-0.2998591661453247,0.0909735858440399,60.75421142578125,96.3218231201172,-7.230255126953125
44967,-0.226531982421875,0.9630889892578124,0.0803375244140625,0.156566709280014,-0.3094159066677094,0.0863793641328811,60.78501892089844,96.290283203125,-7.377716064453125
44968,-0.235809326171875,0.95452880859375,0.0770263671875,0.1457635909318924,-0.3223298490047455,0.0773592367768287,60.89755249023438,96.3254852294922,-7.378692626953125
44969,-0.23095703125,0.957122802734375,0.0724334716796875,0.1482360661029816,-0.3270899653434753,0.0791097357869148,60.92539978027344,96.34089660644533,-7.780044555664062
44970,-0.2225494384765625,0.97198486328125,0.0745849609375,0.1403858661651611,-0.3268327116966248,0.0851388648152351,60.98439025878906,96.37625122070312,-7.87371826171875
44971,-0.21630859375,0.9791259765625,0.0710296630859375,0.1325630992650986,-0.3111578822135925,0.0840943679213523,60.98634338378906,96.38874816894533,-7.987380981445312
44972,-0.2100830078125,0.981597900390625,0.06585693359375,0.1287089735269547,-0.2982543408870697,0.0844509676098823,61.02725219726562,96.42713928222656,-8.040176391601562
44973,-0.2068328857421875,0.98333740234375,0.0672149658203125,0.1301260441541672,-0.2891828119754791,0.0917719975113868,61.00456237792969,96.43771362304688,-8.285812377929688
44974,-0.204345703125,0.9788970947265624,0.06671142578125,0.1243592351675034,-0.2612734138965607,0.0787499397993087,61.07487487792969,96.39434814453124,-8.476730346679688
44975,-0.196563720703125,0.97271728515625,0.054290771484375,0.1274615526199341,-0.2650625705718994,0.0765821263194084,61.13507080078125,96.42959594726562,-8.521392822265625
44976,-0.193695068359375,0.9752349853515624,0.0577392578125,0.1141601279377937,-0.2738536596298218,0.0761253908276557,61.414794921875,96.27392578125,-8.527847290039062
44977,-0.193695068359375,0.9752349853515624,0.0577392578125,0.1141601279377937,-0.2738536596298218,0.0761253908276557,61.414794921875,96.27392578125,-8.527847290039062
44978,-0.1996612548828125,0.98016357421875,0.0669708251953125,0.119462214410305,-0.2889529764652252,0.0880622118711471,61.42262268066406,96.37744140625,-8.824432373046875
44979,-0.1996612548828125,0.98016357421875,0.0669708251953125,0.119462214410305,-0.2889529764652252,0.0880622118711471,61.42262268066406,96.37744140625,-8.824432373046875
44980,-0.2068634033203125,0.9807281494140624,0.0741424560546875,0.1227940991520882,-0.2795214056968689,0.0915165990591049,61.44790649414062,96.325439453125,-8.845077514648438
44981,-0.21124267578125,0.9806976318359376,0.068817138671875,0.1215227022767067,-0.2788327038288116,0.0894412025809288,61.51235961914062,96.18107604980467,-8.71868896484375
44982,-0.21417236328125,0.97271728515625,0.0589447021484375,0.1313377767801285,-0.2826892137527466,0.091909147799015,61.56622314453125,96.31968688964844,-9.011367797851562
44983,-0.215545654296875,0.970428466796875,0.05133056640625,0.1339596658945084,-0.2693044543266296,0.098645880818367,61.49037170410156,96.32847595214844,-9.136077880859377
44984,-0.2078399658203125,0.96746826171875,0.0420074462890625,0.1137998029589653,-0.2417652308940887,0.1110516861081123,61.65582275390625,96.46574401855467,-9.280731201171877
44985,-0.1996002197265625,0.9699554443359376,0.037200927734375,0.1038704738020897,-0.2199243754148483,0.1063783690333366,61.74581909179688,96.35989379882812,-9.44293212890625
44986,-0.1996002197265625,0.9699554443359376,0.037200927734375,0.1038704738020897,-0.2199243754148483,0.1063783690333366,61.74581909179688,96.35989379882812,-9.44293212890625
44987,-0.1810760498046875,0.9813995361328124,0.0418853759765625,0.0879279896616935,-0.2231425344944,0.1035301238298416,61.85816955566406,96.2533721923828,-9.621841430664062
44988,-0.1810760498046875,0.9813995361328124,0.0418853759765625,0.0879279896616935,-0.2231425344944,0.1035301238298416,61.85816955566406,96.2533721923828,-9.621841430664062
44989,-0.1710205078125,0.982818603515625,0.0435333251953125,0.0840038210153579,-0.2387723624706268,0.1171884089708328,61.87568664550781,96.28741455078124,-9.70489501953125
44990,-0.1638641357421875,0.9874420166015624,0.0445556640625,0.0926058366894722,-0.2592422068119049,0.1437374651432037,61.97270202636719,96.14581298828124,-9.757888793945312
44991,-0.1570587158203125,0.99188232421875,0.0564422607421875,0.1140466779470444,-0.2333935797214508,0.1381245851516724,61.98573303222656,96.28355407714844,-9.863265991210938
44992,-0.1551055908203125,0.9878082275390624,0.05987548828125,0.1409009248018265,-0.2198596596717834,0.1229791864752769,62.1185302734375,96.3892059326172,-9.911865234375
44993,-0.1484222412109375,0.9583892822265624,0.0592193603515625,0.1614349633455276,-0.222914844751358,0.0916031524538993,62.21064758300781,96.39935302734376,-9.906158447265623
44994,-0.1438446044921875,0.9669189453125,0.0478668212890625,0.1815879046916962,-0.2294230759143829,0.0807582288980484,62.38082885742188,96.37100219726562,-9.966140747070312
44995,-0.1495361328125,0.9879913330078124,0.0375518798828125,0.183639869093895,-0.2534301280975342,0.0888710170984268,62.41535949707031,96.3428955078125,-9.962982177734377
44996,-0.1580657958984375,0.9972076416015624,0.0440673828125,0.2442134618759155,-0.2745753824710846,0.1021516695618629,62.52719116210938,96.32876586914062,-10.39060974121094
44997,-0.1580657958984375,0.9972076416015624,0.0440673828125,0.2442134618759155,-0.2745753824710846,0.1021516695618629,62.52719116210938,96.32876586914062,-10.39060974121094
44998,-0.14117431640625,0.9952850341796876,0.0442962646484375,0.2753823101520538,-0.2370711416006088,0.1265265196561813,62.60758972167969,96.33697509765624,-10.36788940429688
44999,-0.1285552978515625,0.9964141845703124,0.030670166015625,0.2888525724411011,-0.2356362193822861,0.1723350137472153,62.70817565917969,96.35919189453124,-10.40367126464844
